Result Log

Using data file: data/G0.dat
Using seed of: 	1346282010563

Run: 1
0	2.5
2	2.33333333333
5	2.0
17	1.75
23	1.66666666667
32	1.5
56	1.33333333333

Run: 2
0	2.33333333333
3	1.75
22	1.5
25	1.33333333333
52	0.5

Run: 3
0	0.5

Run: 4
0	2.5
1	1.75
59	1.33333333333
99	0.5

Run: 5
0	2.66666666667
2	2.5
6	2.25
8	2.0
10	1.33333333333
33	0.5

Run: 6
0	2.33333333333
10	1.75
23	0.5

Run: 7
0	2.66666666667
1	2.5
2	1.75
4	1.33333333333
15	0.5

Run: 8
0	3.0
2	2.33333333333
4	2.0
5	1.75
13	1.5
20	1.33333333333
41	0.5

Run: 9
0	2.5
2	2.0
5	1.75
8	1.33333333333
51	0.5

Run: 10
0	1.33333333333

Run: 11
0	1.5
59	1.33333333333

Run: 12
0	0.5

Run: 13
0	2.0
1	1.33333333333
79	0.5

Run: 14
0	1.5
35	1.33333333333
68	0.5

Run: 15
0	3.0
3	2.33333333333
4	2.25
5	2.0
12	1.75
18	1.5
21	0.5

Run: 16
0	2.66666666667
4	1.75
15	1.66666666667
38	1.33333333333
62	0.5

Run: 17
0	2.66666666667
2	1.75
18	1.33333333333
26	0.5

Run: 18
0	1.75
9	1.66666666667
45	1.33333333333

Run: 19
0	2.0
13	1.75
21	1.66666666667
35	1.5
77	1.33333333333

Run: 20
0	2.0
2	1.66666666667
21	1.33333333333

Run: 21
0	1.75
27	1.66666666667
44	1.33333333333

Run: 22
0	0.5

Run: 23
0	3.0
1	2.5
7	2.25
9	2.0
14	1.33333333333
25	0.5

Run: 24
1	1.75
15	1.66666666667
16	1.33333333333
57	0.5

Run: 25
0	1.66666666667
5	1.33333333333

Run: 26
0	3.0
2	2.0
10	1.75
14	1.5
26	0.5

Run: 27
0	2.0
13	1.5
15	0.5

Run: 28
0	2.0
4	1.66666666667
11	1.5
78	1.33333333333
89	0.5

Run: 29
0	2.5
2	2.33333333333
17	1.75
25	1.66666666667
60	1.33333333333
90	0.5

Run: 30
0	3.0
1	2.25
14	2.0
17	1.66666666667
22	1.33333333333