Result Log

Using data file: data/G0.dat
Using seed of: 	1347730881762

Run: 1
0	-2.24666666667	-0.5
1	-2.23	-0.5
2	-4002.10333333	-0.5
3	-2.28	-0.5
4	-2.25333333333	-0.5
5	-1.95	-0.5
6	-1.75333333333	-0.5
7	-1.40666666667	-0.5
8	-1.37666666667	-0.5
9	-1.09666666667	-0.5
10	-1.29	-0.5
11	-1.11	-0.5
12	-1.11333333333	-0.5
13	-1.72	-0.5
14	-1.40333333333	-0.5
15	-1.25333333333	-0.5
16	-1.25	-0.5
17	-1.34333333333	-0.5
18	-4001.06333333	-0.5
19	-4001.28666667	-0.5
20	-1.3	-0.5
21	-1.25333333333	-0.5
22	-1.32333333333	-0.5
23	-1.25333333333	-0.5
24	-1.32666666667	-0.5
25	-1.35	-0.5
26	-1.31333333333	-0.5
27	-1.31666666667	-0.5
28	-1.41666666667	-0.5
29	-1.32	-0.5
30	-1.25333333333	-0.5
31	-1.32666666667	-0.5
32	-4001.73333333	-0.5
33	-1.30666666667	-0.5
34	-1.23	-0.5
35	-1.31333333333	-0.5
36	-1.37333333333	-0.5
37	-1.28333333333	-0.5
38	-1.36333333333	-0.5
39	-1.24	-0.5
40	-1.32666666667	-0.5
41	-1.28666666667	-0.5
42	-1.47333333333	-0.5
43	-1.2	-0.5
44	-1.31333333333	-0.5
45	-1.5	-0.5
46	-1.25666666667	-0.5
47	-1.24	-0.5
48	-1.28666666667	-0.5
49	-4001.18	-0.5
50	-1.32333333333	-0.5
51	-1.3	-0.5
52	-1.26333333333	-0.5
53	-1.23333333333	-0.5
54	-1.33	-0.5
55	-1.31333333333	-0.5
56	-1.36	-0.5
57	-1.23666666667	-0.5
58	-1.38333333333	-0.5
59	-1.19666666667	-0.5
60	-1.31666666667	-0.5
61	-1.24333333333	-0.5
62	-1.29	-0.5
63	-1.44333333333	-0.5
64	-1.22	-0.5
65	-1.26	-0.5
66	-1.19666666667	-0.5
67	-1.37	-0.5
68	-1.18	-0.5
69	-1.39333333333	-0.5
70	-1.42333333333	-0.5
71	-1.28666666667	-0.5
72	-1.31333333333	-0.5
73	-1.75333333333	-0.5
74	-1.39	-0.5
75	-1.42	-0.5
76	-1.34333333333	-0.5
77	-1.69333333333	-0.5
78	-1.32333333333	-0.5
79	-1.55333333333	-0.5
80	-1.96	-0.5
81	-1.20666666667	-0.5
82	-1.34333333333	-0.5
83	-1.41666666667	-0.5
84	-1.35333333333	-0.5
85	-1.19	-0.5
86	-1.4	-0.5
87	-1.37	-0.5
88	-4001.24333333	-0.5
89	-1.33666666667	-0.5
90	-1.28333333333	-0.5
91	-4001.27	-0.5
92	-1.45333333333	-0.5
93	-1.25333333333	-0.5
94	-1.34666666667	-0.5
95	-1.40333333333	-0.5
96	-1.12666666667	-0.5
97	-1.22	-0.5
98	-4001.16666667	-0.5
99	-4001.13	-0.5

Run: 2
0	-2.34666666667	-1.5
1	-4002.06333333	-0.5
2	-1.82333333333	-0.5
3	-1.41	-0.5
4	-1.32	-0.5
5	-1.32	-0.5
6	-4001.11333333	-0.5
7	-1.21666666667	-0.5
8	-1.29666666667	-0.5
9	-1.26	-0.5
10	-1.28666666667	-0.5
11	-1.42333333333	-0.5
12	-1.50333333333	-0.5
13	-1.38	-0.5
14	-1.37333333333	-0.5
15	-4001.26333333	-0.5
16	-1.21	-0.5
17	-1.29	-0.5
18	-1.34666666667	-0.5
19	-1.34666666667	-0.5
20	-1.13	-0.5
21	-1.32	-0.5
22	-1.24333333333	-0.5
23	-1.37666666667	-0.5
24	-1.38666666667	-0.5
25	-1.22333333333	-0.5
26	-1.24333333333	-0.5
27	-1.22333333333	-0.5
28	-1.31	-0.5
29	-1.24	-0.5
30	-1.31666666667	-0.5
31	-1.22333333333	-0.5
32	-1.25333333333	-0.5
33	-1.39	-0.5
34	-1.39333333333	-0.5
35	-1.26	-0.5
36	-4001.13	-0.5
37	-1.37	-0.5
38	-1.48333333333	-0.5
39	-1.33666666667	-0.5
40	-1.41666666667	-0.5
41	-1.33666666667	-0.5
42	-1.24333333333	-0.5
43	-1.26333333333	-0.5
44	-1.36	-0.5
45	-1.11666666667	-0.5
46	-1.31666666667	-0.5
47	-1.30333333333	-0.5
48	-1.18666666667	-0.5
49	-1.49	-0.5
50	-1.28666666667	-0.5
51	-1.47666666667	-0.5
52	-1.27333333333	-0.5
53	-1.37333333333	-0.5
54	-1.30333333333	-0.5
55	-1.26333333333	-0.5
56	-4001.21	-0.5
57	-1.28333333333	-0.5
58	-1.51666666667	-0.5
59	-1.38	-0.5
60	-1.39333333333	-0.5
61	-1.33666666667	-0.5
62	-1.38	-0.5
63	-1.41333333333	-0.5
64	-1.1	-0.5
65	-1.32	-0.5
66	-1.21333333333	-0.5
67	-1.28666666667	-0.5
68	-1.43666666667	-0.5
69	-1.37333333333	-0.5
70	-1.33333333333	-0.5
71	-1.38666666667	-0.5
72	-1.33333333333	-0.5
73	-1.19333333333	-0.5
74	-1.43	-0.5
75	-1.32333333333	-0.5
76	-1.30333333333	-0.5
77	-1.37	-0.5
78	-1.47666666667	-0.5
79	-1.28	-0.5
80	-1.44333333333	-0.5
81	-1.22	-0.5
82	-4001.17	-0.5
83	-1.35	-0.5
84	-1.30333333333	-0.5
85	-1.25333333333	-0.5
86	-1.30333333333	-0.5
87	-1.15666666667	-0.5
88	-1.32666666667	-0.5
89	-1.29	-0.5
90	-1.21	-0.5
91	-1.30333333333	-0.5
92	-1.2	-0.5
93	-1.31	-0.5
94	-1.26666666667	-0.5
95	-1.26666666667	-0.5
96	-1.24666666667	-0.5
97	-1.39666666667	-0.5
98	-1.35666666667	-0.5
99	-1.3	-0.5