404	99	-4.08080808081	01001110011010111101000000010011101101010101111110011101000010111110100101001001110110100001000000101001001000101011100010000000100101111010101011111111100110100110010100100010001111110101010110111011
401	96	-4.17708333333	11000110110010010111100010001011110001010011011010101101011010001000010001110000111000110011001010101000010011101011000011000010100100100011100100000101111111011101101011111000010110000100111001111100
387	88	-4.39772727273	11001101101010000101011001010111101111100011001010011110011101001000011001100011001110100110010110000000001110110100111001101110111010111011111000101100001111101111101110101101011001111011011111100001
394	95	-4.14736842105	10110001010001001110101010100011001101100111000001001001011101000010001010001011110001110100011001111110010101110000111100001110011110111001011010010001001010100101011000001011010110010010111001010100
394	95	-4.14736842105	10110001010001001110101010100011001101100111000001001001011101000010001010001011110001110100011001111110010101110000111100001110011110111001011010010001001010100101011000001011010110010010111001010100
394	95	-4.14736842105	10110001010001001110101010100011001101100111000001001001011101000010001010001011110001110100011001111110010101110000111100001110011110111001011010010001001010100101011000001011010110010010111001010100
394	95	-4.14736842105	10110001010001001110101010100011001101100111000001001001011101000010001010001011110001110100011001111110010101110000111100001110011110111001011010010001001010100101011000001011010110010010111001010100
394	95	-4.14736842105	10110001010001001110101010100011001101100111000001001001011101000010001010001011110001110100011001111110010101110000111100001110011110111001011010010001001010100101011000001011010110010010111001010100
394	95	-4.14736842105	10110001010001001110101010100011001101100111000001001001011101000010001010001011110001110100011001111110010101110000111100001110011110111001011010010001001010100101011000001011010110010010111001010100
394	95	-4.14736842105	10110001010001001110101010100011001101100111000001001001011101000010001010001011110001110100011001111110010101110000111100001110011110111001011010010001001010100101011000001011010110010010111001010100
