33	14	-2.35714285714	1011111100111101101111001100010110110110
36	15	-2.4	1011000101000000100000010101011101001001
39	19	-2.05263157895	1101110100010010111110001100100010100001
39	19	-2.05263157895	1001010100001100001011000011011011110110
37	18	-2.05555555556	0100011011011100010100011001100111000001
37	18	-2.05555555556	0100011011011100010100011001100111000001
37	18	-2.05555555556	0100011011011100010100011001100111000001
37	18	-2.05555555556	0100011011011100010100011001100111000001
37	18	-2.05555555556	0100011011011100010100011001100111000001
37	18	-2.05555555556	0100011011011100010100011001100111000001
