Result Log

Using data file: data/G0.dat
Using seed of: 	1352258380777

Run: 1
0	-2.525	-2.0
1	-2.45416666667	-1.66666666667
2	-2.5125	-2.0
3	-2.74583333333	-2.66666666667
4	-5003.16666667	-2.33333333333
5	-2.875	-2.5
6	-3.18333333333	-2.0
7	-2.76666666667	-2.5
8	-2.83333333333	-2.5
9	-5002.74166667	-2.66666666667
10	-2.775	-2.25
11	-2.6625	-2.0
12	-2.70833333333	-2.0
13	-2.38333333333	-2.0
14	-2.67083333333	-2.25
15	-2.6875	-2.25
16	-2.97916666667	-2.0
17	-2.9	-2.66666666667
18	-2.55833333333	-2.0
19	-2.5375	-1.75
20	-2.7125	-2.25
21	-3.025	-2.0
22	-2.6125	-2.5
23	-2.65833333333	-1.75
24	-5002.41666667	-2.5
25	-2.40416666667	-1.75
26	-2.4875	-2.25
27	-2.6875	-2.25
28	-2.34583333333	-1.66666666667
29	-2.50833333333	-2.5
30	-2.5375	-2.0
31	-2.80416666667	-2.5
32	-2.63333333333	-2.25
33	-2.7375	-2.33333333333
34	-2.71666666667	-2.33333333333
35	-2.5625	-1.66666666667
36	-2.675	-1.66666666667
37	-2.41666666667	-1.66666666667
38	-2.57916666667	-2.25
39	-3.0125	-2.0
40	-2.79166666667	-2.0
41	-3.1125	-2.0
42	-2.7625	-2.0
43	-2.5125	-2.25
44	-2.43333333333	-2.0
45	-2.39166666667	-2.0
46	-2.85833333333	-2.5
47	-3.34583333333	-2.0
48	-2.65416666667	-2.33333333333
49	-2.70416666667	-2.25
50	-2.80833333333	-2.0
51	-2.7125	-2.25
52	-2.57916666667	-1.75
53	-2.54583333333	-2.0
54	-2.98333333333	-2.5
55	-2.85	-2.5
56	-3.05	-2.5
57	-3.0125	-2.0
58	-2.72916666667	-2.0
59	-3.01666666667	-2.5
60	-2.95416666667	-2.25
61	-2.725	-2.33333333333
62	-2.91666666667	-2.25
63	-2.725	-2.66666666667
64	-2.79583333333	-2.66666666667
65	-2.98333333333	-2.25
66	-2.375	-1.75
67	-2.62083333333	-2.33333333333
68	-2.49583333333	-1.75
69	-2.77083333333	-2.25
70	-2.9625	-2.5