-4.20696348417
-4.18094136274
-4.12715389271
-4.01373198127
-3.94090489755
-3.87614082471
-3.86563824531
-3.85699550136
-3.76312541393
-3.82027409024
-3.80418892525
-3.79085038963
-3.74965297621
-3.77666234381
-3.85105468739
-3.81259212879
-3.80759398934
-3.78257278254
-3.77606192008
-3.79922842523
-3.83280596557
-3.77781036992
-3.78139695775
-3.80931228875
-3.80110589692
-3.75695743519
-3.81489321627
-3.77796136555
-3.78321951757
-3.78551390616
-3.74288468934
-3.77389312418
-3.85078889569
-3.79006815555
-3.76330416839
-3.86146799748
-3.77183355335
-3.83384839024
-3.78954470057
-3.76816849451
-3.75314670888
-3.80221860859
-3.79939357505
-3.74743476826
-3.7776854185
-3.85909697235
-3.78334284315
-3.73668227768
-3.87713718431
-3.74089780561
-3.82102614461
-3.83231981223
-3.79206810721
-3.80314650174
-3.81851506557
-3.77947224218
-3.72763522276
-3.79558105922
-3.82560534779
-3.84972556763
-3.78636555802
-3.76079618479
-3.83856565674
-3.81560719273
-3.83942591978
-3.80254809716
-3.83480299748
-3.76728337864
-3.7795499896
-3.78856171884
-3.83966050106
-3.84257910912
-3.77841959347
-3.83160660383
-3.78404970628
-3.76584496994
-3.809047446
-3.80678434961
-3.82139787617
-3.76918379039
-3.7999421527
-3.80759713229
-3.83329291536
-3.7976843632
-3.79227712004
-3.80536616949
-3.77748788559
-3.80954615065
-3.78535084485
-3.79094232757
-3.80036373731
-3.83238850468
-3.85891413915
-3.79482341722
-3.80751452167
-3.81024217485
-3.80741185394
-3.82455437298
-3.85026162434
-3.76784879638
-3.78836420762
-3.74996454199
-3.83086098102
-3.75942554973
-3.80989227504
-3.7950348761
-3.82533172446
-3.81209483861


-4.09720137618
-3.94166336377
-3.95915155681
-3.82144696421
-3.78802510729
-3.82740953774
-3.75710969611
-3.76414956194
-3.70871292219
-3.70977214953
-3.70887515247
-3.6781732323
-3.66617455409
-3.68209093258
-3.72068099535
-3.6955434014
-3.69969588949
-3.67839484936
-3.65709676091
-3.64433745569
-3.66096959065
-3.71663589828
-3.67222139415
-3.65943519579
-3.68129290473
-3.68234888405
-3.68747452288
-3.68630379755
-3.69908572717
-3.72689915838
-3.66314496308
-3.69753490445
-3.68605969522
-3.71578865203
-3.6989843599
-3.6712541118
-3.64484328547
-3.72013403322
-3.67284298396
-3.70796406578
-3.67455749028
-3.70767271659
-3.70109984052
-3.65777842781
-3.72565048882
-3.7149655091
-3.69884772455
-3.73944772575
-3.70148747132
-3.69518239694
-3.69764967578
-3.6777104784
-3.66310988886
-3.75596755259
-3.67785121903
-3.70733101753
-3.67568373171
-3.695691736
-3.72140988829
-3.69152693294
-3.74295869174
-3.7284824419
-3.7094183323
-3.67832397832
-3.71245805973
-3.70738949614
-3.74101283326
-3.71349415635
-3.69788083505
-3.70762443878
-3.69781307265
-3.63954756852
-3.71718704548
-3.70871383004
-3.68237432354
-3.64984503339
-3.67551776983
-3.73707726801
-3.6123734416
-3.69575810089
-3.6680834418
-3.67750720106
-3.66131235362
-3.67064830033
-3.71710365433
-3.63662454144
-3.72798011619
-3.69553734442
-3.67638135938
-3.72093443953
-3.73790674226
-3.65513478599
-3.73275113027
-3.70040981415
-3.67075372225
-3.71463317181
-3.71542573495
-3.7178673479
-3.66111850757
-3.63920220111
-3.70891966683
-3.65132288779
-3.73571739476
-3.6660372679
-3.69963344541
-3.74143074319


-4.29154361112
-4.07712254783
-4.05425940771
-3.99444718459
-4.01433255741
-4.07797486027
-3.92056731802
-3.89392555701
-3.89610212096
-3.86859694423
-3.81649513182
-3.85021350183
-3.8283033249
-3.79395509421
-3.80447174926
-3.76422810695
-3.70041080405
-3.7985189815
-3.76376169946
-3.74081062797
-3.76416054004
-3.72730844836
-3.73529546927
-3.78691827311
-3.79200509119
-3.69243421645
-3.78413227349
-3.72161058944
-3.73743353562
-3.74376459903
-3.76299497617
-3.76524173974
-3.74575735145
-3.72337956636
-3.73900469789
-3.70188371317
-3.74210842548
-3.78140467073
-3.72127283035
-3.78201076775
-3.74407264704
-3.77741800826
-3.82343529824
-3.76094332675
-3.75598098832
-3.70781070822
-3.75540646304
-3.7177011106
-3.78870732787
-3.71052019039
-3.73764056865
-3.76093833238
-3.70687434227
-3.75389369838
-3.74993094598
-3.75966451129
-3.74337516393
-3.80968670571
-3.75494546698
-3.76907079769
-3.77955110932
-3.78635052261
-3.72542795939
-3.72501344615
-3.74747517022
-3.7665879826
-3.75231328492
-3.71196402409
-3.77937607434
-3.7760041204
-3.72306878531
-3.74777904827
-3.76967018964
-3.69925587136
-3.74505111806
-3.74187001859
-3.74876056167
-3.72586099074
-3.7119955054
-3.80116686606
-3.77379415622
-3.74046519687
-3.73969271999
-3.76428974677
-3.72870535929
-3.77104981509
-3.74309650182
-3.72610438018
-3.71888961308
-3.72195542861
-3.75144630183
-3.73659050856
-3.77866828071
-3.73735484372
-3.80120657507
-3.70952527314
-3.74720420547
-3.69987311519
-3.79664732643
-3.72266412148
-3.77901729777
-3.78030409091
-3.77024184599
-3.77228453323
-3.71799583073
-3.71468201449
-3.75464391605
-3.74012162846
-3.75551230195
-3.74912770804
-3.75209215115
-3.74523643998
-3.70844268385
-3.75346762045
-3.74519578395
-3.71652893897
-3.74516528675


-4.19711808391
-4.09871453849
-3.95173447391
-4.02071550482
-3.87032801996
-3.85174633867
-3.82154430096
-3.85722945041
-3.79573789303
-3.77919642996
-3.79773410545
-3.76579185487
-3.74660079538
-3.76107184783
-3.78617333906
-3.76275550559
-3.73028164339
-3.81041675695
-3.78266749495
-3.8093483279
-3.84410741188
-3.80170183505
-3.81477130609
-3.75212064162
-3.77927704782
-3.74973775252
-3.77347692453
-3.72454082126
-3.76388669716
-3.78998277805
-3.83414849925
-3.74476538924
-3.79019934906
-3.75096696483
-3.73298364412
-3.77598965377
-3.75711001947
-3.76433159845
-3.76130948571
-3.75062583852
-3.74495950372
-3.72750942084
-3.77579038374
-3.79146881777
-3.78935540301
-3.76383792214
-3.80446192582
-3.73665926079
-3.73973257979
-3.74181668489
-3.75585685343
-3.70601918326
-3.81937280289
-3.77638882188
-3.74594710214
-3.76088741764
-3.75202494141
-3.72265571963
-3.72563143825
-3.7542146984
-3.74263056878
-3.72481864652
-3.76118360459
-3.77781262101
-3.73049055739
-3.73751266266
-3.77737376655
-3.7663891576
-3.78371241305
-3.74020164876
-3.80679152845
-3.73744042505
-3.7521062423
-3.74325681998
-3.74393437059
-3.77397829596
-3.75413235437
-3.75714279167
-3.75353140683
-3.79012746663
-3.74436038395
-3.74046559758
-3.8042973212
-3.74161502645
-3.73829415652
-3.70953388018
-3.77159876426
-3.77482662423
-3.71068878412
-3.77625402159
-3.76357291725
-3.78036964176
-3.73654078586
-3.7444118108
-3.69900081568
-3.71446575679
-3.75437850507
-3.743693589
-3.80811292397
-3.71598424124
-3.78650106749
-3.69185900811
-3.74611010159
-3.71011146404
-3.74635379787
-3.73102277966
-3.74753985473
-3.73942942951


-4.20931993449
-4.07240119205
-4.16616669869
-4.02759588267
-4.06299400833
-4.02470807907
-3.94846925961
-3.84353627601
-3.8928388014
-3.82543256851
-3.7991041754
-3.81205450736
-3.78716714136
-3.80916125171
-3.73026998266
-3.80418204918
-3.74892750422
-3.7689054499
-3.76087142786
-3.78574450527
-3.74152818562
-3.74639913492
-3.77141108563
-3.7733806073
-3.7482401303
-3.75971258993
-3.76267526336
-3.71525737034
-3.7609764224
-3.77090134895
-3.77028327595
-3.73259253706
-3.81018256466
-3.7654968501
-3.74524675865
-3.72994389145
-3.76414701902
-3.7544293503
-3.77397593932
-3.81720630109
-3.72605003454
-3.7373141472
-3.76121481637
-3.77601091786
-3.75203345977
-3.78303046572
-3.76051835506
-3.79710942131
-3.68812885286
-3.80084130071
-3.75613222835
-3.78867145269
-3.81639074383
-3.75105796591
-3.81034358644
-3.72788836191
-3.77455609842
-3.75531543444
-3.83091713432
-3.81798055743
-3.74705703378
-3.78620810224
-3.74485194504
-3.78380279833
-3.78788841154
-3.8362296225
-3.74585704625
-3.79169809405
-3.75976288085
-3.810965266
-3.78484323914
-3.75528478049
-3.83123070034
-3.72700278332
-3.77983672776
-3.77239629285
-3.76577193815
-3.72924176394
-3.73553518676
-3.77261515471
-3.75834612718
-3.79391082258
-3.77131039261
-3.78472952098
-3.80342909285
-3.75953217726
-3.82590353871
-3.74946370269
-3.74861155081
-3.75239923336
-3.79696265297
-3.7194629108
-3.78508474691
-3.82094518316
-3.89442485414
-3.82925202457
-3.90004836937
-3.83730667703
-3.89119973652
-3.77649181488
-3.86568397684
-3.82452223718
-3.81060827704
-3.82058437853
-3.80467995777
-3.77527108445
-3.8366606296
-3.82057326067
-3.81723411267
-3.88161352337
-3.85566686092
-3.86451424374
-3.79263311266
-3.81174859034
-3.81374177723
-3.76701374511
-3.84777443988
-3.84303376322
-3.85227618307
-3.78960616162
-3.75936449359
-3.84671422397
-3.84365393374
-3.77051252157
-3.88635524706
-3.84692397895
-3.86532268945
-3.87036774929
-3.79915452768
-3.78166054502
-3.89417733695
-3.82243993733
-3.88646472627
-3.81449844244
-3.84691357137
-3.84656289033
-3.79764683947
-3.8472184305
-3.78272376258
-3.82837073616
-3.79078146624
-3.83885948481
-3.8753568386
-3.77655401166
-3.76565338655
-3.79032629038
-3.83073093677
-3.86094459106
-3.83113519601
-3.84630232337
-3.82985660724
-3.84504262138
-3.8443918678
-3.79828841496
-3.75327267883
-3.83843658311
-3.84667748071
-3.86368698059
-3.78982776306
-3.86969889186
-3.86928366766
-3.9538295646
-3.86447855737
-3.84021923169
-3.83183152968
-3.84140805432
-3.84037510335
-3.77970432121
-3.80191496255
-3.82255634532
-3.80052942784
-3.72275083481
-3.88843883071
-3.83899298559
-3.85724042653
-3.85315886322
-3.78205693089
-3.83683636666
-3.84680206654
-3.81493416982
-3.82900736661
-3.86037153076
-3.81700386341
-3.78584425004
-3.77274477092
-3.84653578153
-3.82518967063
-3.87639110347
-3.81800436153
-3.82915320157
-3.89859823704
-3.74519149075
-3.87725127939


-4.23086952878
-4.10079508485
-4.14214852399
-4.05977211737
-4.09956332077
-4.08900762413
-4.05095106334
-4.06769921794
-3.95091957618
-3.91985029351
-3.85179348207
-3.7710973138
-3.78678741778
-3.868942565
-3.78150550304
-3.72784010339
-3.68089461609
-3.70396307086
-3.70229828256
-3.76977921344
-3.67848349834
-3.73175453281
-3.7275619587
-3.70109995006
-3.72841020407
-3.67618298121
-3.71286852773
-3.67805460875
-3.70996149856
-3.73173181257
-3.63655450897
-3.67025503763
-3.71384022966
-3.74574050068
-3.70619451844
-3.69406514343
-3.72203624895
-3.63378387076
-3.69096393662
-3.70326581148
-3.732215127
-3.71138445703
-3.70793433915
-3.72843943619
-3.72816274644
-3.71116550323
-3.70310360685
-3.70492185319
-3.70279114859
-3.70826519573
-3.68853436934
-3.69104094828
-3.69469005417
-3.72890671664
-3.70318929437
-3.74789256239
-3.69879749479
-3.66985993256
-3.72855482097
-3.71745353458
-3.68550454262
-3.74812068545
-3.73265361333
-3.68261784032
-3.71303732176
-3.68764751695
-3.72560497279
-3.69636514029
-3.76525097456
-3.70862339436
-3.71288796415
-3.74501800774
-3.71813759007
-3.70056523821
-3.70949952708
-3.72896912765
-3.69698252451
-3.72254543629
-3.72194533767
-3.71309068005
-3.70715587732
-3.68826989526
-3.69933754236
-3.71438886464
-3.70411085486
-3.7507102553
-3.72123192902
-3.7575973419
-3.66175388664
-3.71321675797
-3.69553687154
-3.67662062055
-3.69327097193
-3.77010007654
-3.69511843325
-3.69947260336
-3.69570436333
-3.72440006649
-3.70343102907
-3.7387834529
-3.70643053727
-3.75094083441
-3.62925750699
-3.72187040008
-3.72818048854
-3.70018327114
-3.65145076856
-3.69034985171
-3.70288569691
-3.68121063781
-3.66484132579
-3.70087091662
-3.69509127754
-3.66671009212
-3.69925151328
-3.66303907438


-4.19697938162
-4.08527904213
-4.06907493321
-3.98686553812
-4.04549737298
-4.01977568147
-3.9640871987
-3.96744796202
-3.91805210072
-3.88511622208
-3.84818538074
-3.82779763151
-3.79792725809
-3.80847993596
-3.77836508661
-3.7933570267
-3.76785968905
-3.78658936972
-3.74569661086
-3.75099301067
-3.77317337134
-3.77558011132
-3.76224100988
-3.78035806447
-3.75784085543
-3.80961445139
-3.76808618496
-3.76868254915
-3.78025905645
-3.73261651295
-3.77192309121
-3.76981744478
-3.74357559563
-3.76417815086
-3.79047690085
-3.75365845594
-3.81145219666
-3.80268994944
-3.76207962941
-3.80061485865
-3.82500032117
-3.82263056931
-3.77732917799
-3.78555279008
-3.79492067253
-3.7699038925
-3.79559376242
-3.72028939008
-3.75271529161
-3.7880519527
-3.76887912794
-3.78663312334
-3.76380415366
-3.76202857685
-3.78674486618
-3.79656126126
-3.75046918064
-3.77033012978
-3.76892262095
-3.7951188068
-3.73655686983
-3.74015733614
-3.77549254899
-3.76653360644
-3.76183287373
-3.77117558483
-3.8150033738
-3.78892494122
-3.74480993485
-3.82394695921
-3.80486931911
-3.75857879256
-3.70495243004
-3.79575553337
-3.76023921557
-3.77397129735
-3.78722847226
-3.79033544053
-3.79210369702
-3.79938924684
-3.78718754164
-3.76988853313
-3.78414034161
-3.79204296558
-3.80720652586
-3.74942621105
-3.80988081811
-3.73246948597
-3.74031613992
-3.78682643307
-3.77736350722
-3.75980427
-3.83691533966
-3.74062688115
-3.79720473522
-3.76832521846
-3.72722269712
-3.72554304241
-3.81593844529
-3.76921163341
-3.75981667128
-3.76452684702
-3.70895854849
-3.73636727133
-3.79740695696
-3.80938874952
-3.7369437334
-3.73388912661
-3.79590553453
-3.81828567386
-3.74787882004
-3.78601082841
-3.77232331755
-3.84615961999
-3.80118104582


-4.15446435365
-4.05581715843
-3.99315276868
-4.05886814658
-4.0028984202
-3.96795185093
-3.87051445443
-3.8462964086
-3.80414073374
-3.68062850566
-3.64007426805
-3.69059342367
-3.66416485382
-3.67335661099
-3.61457770858
-3.60313426643
-3.65238236189
-3.65944596182
-3.63170789186
-3.59996791229
-3.68463891332
-3.65396572544
-3.60817780746
-3.60322970628
-3.64252457621
-3.66823137709
-3.6081368767
-3.65806001882
-3.64561365707
-3.606067498
-3.62809623903
-3.64010480771
-3.66310290502
-3.66093247859
-3.60846815535
-3.57571278623
-3.60113573802
-3.62404837213
-3.61005231516
-3.63558105333
-3.60893554698
-3.62412874428
-3.65358368872
-3.64894678421
-3.60912251014
-3.60584867293
-3.62705643192
-3.64598583931
-3.59786002498
-3.61318616471
-3.66825421962
-3.60142987072
-3.66112329946
-3.62529975716
-3.62095024456
-3.68156434189
-3.62503055761
-3.644191195
-3.64351233157
-3.63649329048
-3.65899426001
-3.6379639479
-3.597252003
-3.64775059828
-3.68421101007
-3.59038423671
-3.62233242175
-3.63365555329
-3.59908844099
-3.62014985891
-3.65725035452
-3.62575119838
-3.60003024999
-3.61601379273
-3.67655826668
-3.63788948238
-3.65195503857
-3.67138076513
-3.63886803014
-3.59505238158
-3.66229454632
-3.63707353438
-3.632260916
-3.64130090815
-3.57391851936
-3.59925473117
-3.62577637709
-3.60050455304
-3.66277612243
-3.644102785
-3.64692244645
-3.57826358273
-3.65034038398
-3.63679736411
-3.601322708
-3.64256865529
-3.66904430256
-3.61106474624
-3.65121190526
-3.60026280826
-3.63173606919
-3.64784229892
-3.61320193644
-3.60891221737
-3.64892534492
-3.69805770835
-3.61068169211
-3.60280485084
-3.61205826478
-3.62890623978
-3.6333315642
-3.65228723999
-3.63782308739
-3.64188498535


-4.1572512153
-4.07958573565
-4.02248858067
-3.88907823686
-3.91055971784
-3.8436026773
-3.81518873085
-3.74163139075
-3.78423723912
-3.73326129375
-3.75082144661
-3.72016829778
-3.71358067603
-3.72709877367
-3.69843670526
-3.68004775335
-3.64077650899
-3.70298684715
-3.65359983617
-3.73302384141
-3.62341496786
-3.65312950781
-3.67139197364
-3.69560736746
-3.66956243984
-3.66049930243
-3.66664737597
-3.70874082279
-3.62427314635
-3.70242185648
-3.66688724286
-3.7138388823
-3.66712073835
-3.72593603524
-3.68329068181
-3.70480634936
-3.67247159884
-3.6879541865
-3.68696819258
-3.62527906836
-3.69500685227
-3.6948559969
-3.76193055319
-3.70653769555
-3.72081849436
-3.66311141578
-3.66123125883
-3.68501532957
-3.67349971084
-3.71261942004
-3.63855456073
-3.61616069086
-3.65684235752
-3.68818455441
-3.64305955085
-3.67819034727
-3.65247293666
-3.65988473212
-3.68892906628
-3.64053726548
-3.71594022043
-3.64338420158
-3.64272376263
-3.63325194159
-3.65518376588
-3.64710598607
-3.62402736056
-3.69048876412
-3.6902021402
-3.67279034461
-3.65687283818
-3.69361210407
-3.65061171122
-3.6341723264
-3.66940144137
-3.62966371389
-3.64120697294
-3.64828367663
-3.67587394886
-3.65579893153
-3.67782027376
-3.666028497
-3.68143476329
-3.63646451632
-3.6400936347
-3.71656432892
-3.61324503668
-3.67290709154
-3.67224467329
-3.64012657967
-3.66460861867
-3.64391107543
-3.67779608743
-3.69492532363
-3.65703825297
-3.65105353508
-3.67103211087
-3.59747518368
-3.64391741217
-3.67039376616
-3.69129690861
-3.66383530381
-3.69825302982
-3.60669006423
-3.67445875999
-3.6855350366
-3.65743026249
-3.67443129981
-3.65298476114
-3.66622641595
-3.6495788173
-3.64917660324


-4.1830797636
-4.07406808793
-4.08577705853
-4.0630826466
-4.08821433084
-3.95599450649
-3.93917057447
-3.88893587209
-3.79702005105
-3.7926431278
-3.7370983321
-3.74629947575
-3.7476029066
-3.68663990324
-3.74195408092
-3.71005469083
-3.63803087646
-3.65722274548
-3.7213692564
-3.68334780154
-3.69570597945
-3.71042867674
-3.70944139382
-3.71416998362
-3.72169289721
-3.69479487425
-3.73030762556
-3.70028567326
-3.68675588835
-3.74688860995
-3.69813210747
-3.72632207736
-3.67490225937
-3.7376258561
-3.65253579928
-3.73758541851
-3.66576115936
-3.66646478425
-3.68516638513
-3.69713089276
-3.69705811449
-3.67584142264
-3.69698592638
-3.68046870444
-3.68778496159
-3.71585147288
-3.70686704798
-3.70337794281
-3.69669211928
-3.75142612251
-3.74087471205
-3.66594708224
-3.64085817959
-3.70608943026
-3.73534723808
-3.67572858006
-3.68807699587
-3.6768455623
-3.69333300445
-3.68508354299
-3.68056520686
-3.72134955104
-3.76681065974
-3.74519265873
-3.694164185
-3.71908073276
-3.70157897882
-3.6624618259
-3.70773686782
-3.72172353162
-3.6685602105
-3.67963452658
-3.70836787733
-3.68722541178
-3.71519696512
-3.69324055279
-3.66717478316
-3.71339043557
-3.66401863547
-3.65401669083
-3.69909187962
-3.66481443109
-3.68335338227
-3.72412484315
-3.69630872533
-3.70620083623
-3.70936675703
-3.71113304122
-3.69710577178
-3.72400791013
-3.70615496078
-3.72792796586
-3.68400825607
-3.68769718282
-3.69561631546
-3.67230710902
-3.69344999923
-3.69307213327
-3.70341203529
-3.65789738872
-3.69953428216
-3.66625182487
-3.67729319147
-3.7474091806
-3.70095677613
-3.69512739922
-3.74474487579
-3.66350013829
-3.67018931593
-3.70427446376
-3.6794247024


-4.12117025817
-4.12504373954
-4.0878202744
-3.99493496789
-4.03631494336
-3.98870139541
-3.9584434459
-3.98402419374
-3.8605907268
-3.86318808618
-3.86937521555
-3.84451351269
-3.82171076329
-3.75557015861
-3.82681335023
-3.7841089382
-3.7857311773
-3.7674158682
-3.77674286506
-3.81768755041
-3.80190410624
-3.83285871804
-3.82893052431
-3.81068404299
-3.84567396844
-3.7933286757
-3.78770599275
-3.79506730387
-3.82397094402
-3.74389548187
-3.82447328117
-3.82821075007
-3.80887849726
-3.80554663146
-3.82505911414
-3.796880603
-3.81351091293
-3.81014880496
-3.81570463663
-3.82922047763
-3.796361839
-3.82341289587
-3.79315253524
-3.80551748382
-3.82183431778
-3.80286070874
-3.8361476313
-3.83040109839
-3.78981536378
-3.79541900336
-3.80835533242
-3.76700530794
-3.86441652933
-3.80774792442
-3.84032575368
-3.77652840497
-3.82123905801
-3.73951621749
-3.84506672947
-3.76345463511
-3.8396922305
-3.80178993704
-3.76841956842
-3.82578474547
-3.79439541074
-3.78925442426
-3.81053573379
-3.79404567243
-3.72598819308
-3.83450226387
-3.8194845063
-3.81083001899
-3.81734456329
-3.83068532006
-3.81372488406
-3.80133007828
-3.82374792365
-3.8271037042
-3.80442456421
-3.76681258382
-3.78655774283
-3.84964432481
-3.83055051715
-3.81877686943
-3.80379341265
-3.74157610846
-3.80475117457
-3.81379055512
-3.80654244988
-3.8227969911
-3.79641606002
-3.81476701326
-3.78758462215
-3.85206041259
-3.7850934701
-3.83911073729
-3.77645801856
-3.81427491036
-3.78463091819
-3.83360801698
-3.82008941521
-3.78365945357
-3.78565488761
-3.81325257668
-3.8441555442
-3.80709387521
-3.82625653131
-3.81145283537
-3.7655724532
-3.82724270223


-4.15227978715
-4.10730764931
-4.06752634624
-4.06717582524
-4.0327789105
-4.08293177325
-3.93602250566
-3.94697678823
-3.90240392154
-3.92799142155
-3.94815433434
-3.95055052249
-3.96747777857
-3.83792315976
-3.81428039621
-3.8204517774
-3.74561798024
-3.72646663812
-3.75698168521
-3.70059322841
-3.69575751388
-3.6910167293
-3.65807148159
-3.68812949676
-3.70374482206
-3.70973850779
-3.67775968124
-3.73486450989
-3.70749423551
-3.70647688463
-3.701985424
-3.67615322581
-3.72590909476
-3.70634483611
-3.73125157521
-3.70660569134
-3.74942817351
-3.67067680167
-3.647324544
-3.71582400874
-3.69775433087
-3.7095179824
-3.80739435519
-3.76023425634
-3.72925949406
-3.68930847676
-3.66658658832
-3.7024479279
-3.71016229147
-3.72064248184
-3.69209998088
-3.72091523696
-3.70825335868
-3.7033355879
-3.68301151696
-3.67189219255
-3.74664365753
-3.67788841677
-3.71269421388
-3.69452537614
-3.69884587255
-3.71855755501
-3.72749745644
-3.71749606421
-3.72180947675
-3.71753167685
-3.70597654174
-3.71384761385
-3.67237951863
-3.73166282819
-3.70772516676
-3.6709690282
-3.69112753027
-3.71524149259
-3.74125684263
-3.65608457692
-3.73049340304
-3.71001736563
-3.68586336356
-3.72380784808
-3.659934941
-3.72239867551
-3.65454323875
-3.71818598532
-3.67950408659
-3.72827391431
-3.740053474
-3.66634456961
-3.69717850376
-3.72948278721
-3.65746313656
-3.64221835825
-3.71699684668
-3.74416944913
-3.73613362391
-3.71009686872
-3.71032639174
-3.67179376728
-3.73989948501
-3.6796258266
-3.69092857824
-3.68801512225
-3.70268746223
-3.71710169654
-3.67816379776
-3.72068584497
-3.73836422554
-3.66973456616
-3.71363770057
-3.66122194578
-3.6965949965
-3.71784004194
-3.64919047997
-3.68559679517
-3.67338425359
-3.72554977189
-3.67601621123


-4.16525305362
-4.00984509392
-4.02865457225
-3.95109583646
-3.90493685938
-3.85356740008
-3.83858035769
-3.80770346507
-3.83884155826
-3.80419192615
-3.78102077924
-3.73198153968
-3.72917664162
-3.76336172919
-3.72861069477
-3.78778417166
-3.78586478454
-3.73875829437
-3.76812908061
-3.77253595137
-3.77751862792
-3.74936209772
-3.70434188703
-3.72877032038
-3.78559077725
-3.70183903673
-3.73113324249
-3.74161134657
-3.76613124787
-3.79687557139
-3.74641966088
-3.73036576713
-3.74177879793
-3.75912905189
-3.76559543759
-3.74374237871
-3.72931996876
-3.70546225348
-3.73754787019
-3.73023676378
-3.77914319615
-3.75567224926
-3.7540853333
-3.69506900996
-3.77308285348
-3.75605457451
-3.71170420868
-3.78356955345
-3.7427296261
-3.71469029151
-3.76403915742
-3.75976856743
-3.75502891717
-3.78405204182
-3.71276142948
-3.7675859958
-3.75582356574
-3.73598411365
-3.78013366856
-3.74804805881
-3.76046563631
-3.76201639461
-3.77119632503
-3.77060568017
-3.71990237937
-3.72000682351
-3.73187544286
-3.72826134635
-3.74404256452
-3.72381356577
-3.80386324006
-3.76766344853
-3.73387775185
-3.76859612109
-3.72445485181
-3.71797711638
-3.74447382738
-3.7931399922
-3.76252112736
-3.72253703403
-3.78408305408
-3.78121271699
-3.74273660423
-3.80191555134
-3.82404665225
-3.74395948982
-3.72754277311
-3.75825066317
-3.73199397014
-3.73993598295
-3.75614961698
-3.72789904343
-3.8026308765
-3.75621768547
-3.76886668933
-3.77173628385
-3.74769085751
-3.75870712796
-3.73875563801
-3.78617200393
-3.79035784461
-3.78905978383
-3.7492722015
-3.75199268712
-3.73577417058
-3.79618903105
-3.77675697512


-4.23341213619
-4.17396030378
-4.10919900205
-4.10558734392
-4.07938254601
-4.12233373223
-4.07085470423
-4.0924868407
-4.0637206915
-3.96097637452
-3.92115944374
-3.87224152441
-3.78074025359
-3.81896936552
-3.69882608833
-3.80501614067
-3.68242273171
-3.7327072459
-3.68238465458
-3.71479866688
-3.69161790058
-3.67360403962
-3.65768998266
-3.68892870825
-3.70255319857
-3.65950545048
-3.73373046416
-3.71432001185
-3.7115642058
-3.7262206602
-3.69085403403
-3.68315399956
-3.70576417116
-3.74837724956
-3.69813363536
-3.65106432717
-3.6761150546
-3.68254039816
-3.69992122054
-3.72629457739
-3.72550065945
-3.70289218948
-3.68924361897
-3.73605293492
-3.65996656833
-3.72186241279
-3.69516212326
-3.66682692157
-3.66342251118
-3.72802469339
-3.66552773271
-3.71291736854
-3.71569968382
-3.70643516236
-3.73257200708
-3.67130429625
-3.67507026129
-3.67639768184
-3.69158190357
-3.72706625078
-3.6991845172
-3.71697307395
-3.70479985946
-3.72158421008
-3.68817535798
-3.68934290403
-3.66877770828
-3.73539560197
-3.71418438886
-3.65810409567
-3.68591336398
-3.69275578474
-3.72931654449
-3.73302966808
-3.71586265065
-3.72951725555
-3.67924203812
-3.71682897864
-3.65459571693
-3.71476975942
-3.69417104288
-3.7343263028
-3.67318537811
-3.70991921936
-3.6875626126
-3.69901000069
-3.73432205659
-3.66458382932
-3.72667172456
-3.71744076309
-3.74307648977
-3.69632283952
-3.66695016005
-3.68054686971
-3.67230455034
-3.68767126515
-3.72507535411
-3.75971078426
-3.66646880367
-3.70974101899
-3.72873754232
-3.69351693735
-3.64683904495
-3.67818241466
-3.67436665086
-3.71393936086
-3.7097279162
-3.66677859952
-3.71228902164
-3.73196511267
-3.73501052072
-3.67345905729
-3.69165637944
-3.71109316104
-3.74362482476


-4.09227732301
-4.1153826469
-4.06648494393
-4.0559811435
-4.00643873038
-3.96561374207
-3.8500323249
-3.87500208656
-3.77413959602
-3.76743525998
-3.71659698231
-3.75601787947
-3.72935667011
-3.68873657315
-3.75944661275
-3.78963481617
-3.70102702637
-3.74731363108
-3.72882367695
-3.75302363927
-3.73587299145
-3.70875137075
-3.71658304561
-3.72059175764
-3.68919908086
-3.6939181978
-3.67711767118
-3.7734989019
-3.6865812988
-3.71159194639
-3.74166089182
-3.69043921538
-3.76059508263
-3.77497779659
-3.76835932526
-3.77150659814
-3.72447303717
-3.73349338933
-3.76294508841
-3.73151846767
-3.72721178911
-3.71404030113
-3.72811201648
-3.71825075399
-3.77361199047
-3.67142446495
-3.72161433219
-3.71714894915
-3.65915523681
-3.78390402267
-3.74217571999
-3.70535228802
-3.74044940719
-3.72034491631
-3.73135233148
-3.72112845984
-3.69644678261
-3.7208683992
-3.7450117266
-3.69524416347
-3.72640882667
-3.7454174559
-3.69184118811
-3.73365088548
-3.72622844454
-3.75592782863
-3.73693879117
-3.70768173436
-3.72439489787
-3.70865934105
-3.7653851722
-3.75206359375
-3.70256783075
-3.73493640636
-3.75120066498
-3.79809123567
-3.68870971957
-3.74885019319
-3.70874705628
-3.71774531239
-3.74358304101
-3.7392024459
-3.74788377628
-3.72713509805
-3.70297886572
-3.69811807597
-3.6961174834
-3.74321386642
-3.70933831472
-3.72926960626
-3.71202083449
-3.71600789011
-3.74819031624
-3.76120680719
-3.74917181362
-3.73534575331
-3.71661364394
-3.72211968007
-3.70667568967
-3.74883199168
-3.70150335472
-3.67643606317
-3.72235325295
-3.726506518
-3.77941793239
-3.69071017201
-3.68500434007
-3.76199071087
-3.768594047


-4.10885454871
-3.98145504672
-4.00240756937
-3.95235997649
-3.98520142012
-3.89485853444
-3.91248867931
-3.77043248646
-3.71299372514
-3.67479958266
-3.59748837703
-3.6213384336
-3.61521516638
-3.58680591131
-3.60644549216
-3.61683532706
-3.60593519856
-3.57172007417
-3.58335178939
-3.61034443375
-3.63057553467
-3.60319814385
-3.59747948076
-3.58318385248
-3.65374311328
-3.59433346506
-3.59007317614
-3.62766926651
-3.60069480804
-3.5722987909
-3.61821485736
-3.60873570106
-3.6293359987
-3.60915079771
-3.54082583867
-3.60529631548
-3.59472385271
-3.58904526779
-3.59676838036
-3.64497777165
-3.6117463124
-3.66543700726
-3.55916888742
-3.60471573667
-3.58187717404
-3.60596457464
-3.56300307788
-3.61010579073
-3.58945762512
-3.57636444375
-3.62556959786
-3.57671023642
-3.59457250803
-3.6004883726
-3.61401451136
-3.58997689051
-3.6017477547
-3.65345649772
-3.68451976316
-3.62633061035
-3.55574949041
-3.63048752388
-3.64040939244
-3.68664627896
-3.61178867069
-3.64894077232
-3.60391482127
-3.60769213834
-3.57924246918
-3.63132899392
-3.59915987023
-3.55685653911
-3.59893208757
-3.58582118924
-3.56825685854
-3.60799841763
-3.63452431915
-3.60204432003
-3.61817050376
-3.64582766255
-3.61133381905
-3.64627167749
-3.61625990659
-3.59232352131
-3.68155746588
-3.61402826959
-3.60336474562
-3.6123857472
-3.65997021093
-3.62287803507
-3.63131614466
-3.56814423243
-3.60193348186
-3.61317223446
-3.5983976719
-3.61457502493
-3.66087497497
-3.57625588892
-3.61312176631
-3.60680881641
-3.56847043226
-3.61365004015
-3.59389946754
-3.55597514125
-3.59145482692
-3.58839292698
-3.56890884867
-3.63024847946
-3.63730705695
-3.62706313676
-3.57331733955


-4.09346007666
-3.9857672756
-4.05790476835
-3.92397134314
-3.92923174957
-3.78874367083
-3.8186628231
-3.78162720124
-3.79491661841
-3.75395252766
-3.77223535877
-3.75834123926
-3.79741619474
-3.75582528475
-3.80920292062
-3.78886733696
-3.73808010437
-3.73544449081
-3.75890398454
-3.76066272971
-3.76846585232
-3.76551534516
-3.74667491201
-3.78450025737
-3.73100174014
-3.72116641037
-3.73849381293
-3.73952393922
-3.79453305452
-3.74744720563
-3.78440303183
-3.75935823249
-3.71975828238
-3.75827960128
-3.76282121727
-3.76849954033
-3.74857297949
-3.80978958552
-3.78927196274
-3.73892074733
-3.79859417593
-3.71993748954
-3.80128094655
-3.77748359253
-3.77480881513
-3.76455310008
-3.82347548747
-3.77419178136
-3.77648498536
-3.76667731359
-3.7612069281
-3.77762526763
-3.78674507861
-3.72455715896
-3.77198804231
-3.76929928211
-3.76004141808
-3.76060086028
-3.73887570615
-3.77281669699
-3.78410124655
-3.72361386385
-3.78889970634
-3.73333054325
-3.76401696094
-3.77744575525
-3.78018306758
-3.72541212516
-3.80300682176
-3.77278199604
-3.75151518174
-3.75687344763
-3.74511314209
-3.7849158888
-3.76024661466
-3.73033967862
-3.80402563055
-3.7459808956
-3.77303093906
-3.78720767
-3.74858231864
-3.74865784967
-3.75325551178
-3.76377554835
-3.75708331375
-3.75857745677
-3.77852308305
-3.7967752562
-3.73398523845
-3.7589765842
-3.77605186027
-3.74565319664
-3.7472225847
-3.75891492259
-3.79947796834
-3.78839263993
-3.76066732683
-3.72668808623
-3.71805105247
-3.81309736404
-3.74552095871
-3.75463138764
-3.7726688001
-3.7815778334
-3.76775377789
-3.73592882932


-4.10763115867
-4.11143467993
-4.00569147774
-4.03297437091
-3.9435844839
-3.90334870946
-3.87495638393
-3.79989101459
-3.75386745124
-3.74129405095
-3.70367207538
-3.74995905721
-3.72202567249
-3.76647679794
-3.68351581493
-3.67295786446
-3.72980815242
-3.69808380534
-3.71477677089
-3.71880466851
-3.70896321121
-3.75896678407
-3.69545168594
-3.72865131796
-3.69858038053
-3.7116041564
-3.68508596386
-3.74786992405
-3.7180127022
-3.73833135256
-3.71037280906
-3.68152297154
-3.73553125478
-3.69510769162
-3.70063454881
-3.66611516629
-3.67179657961
-3.7163426441
-3.73427959947
-3.72827248804
-3.69437409159
-3.69628475534
-3.67663785785
-3.70001354438
-3.72303881133
-3.7100336795
-3.70811225244
-3.72220350563
-3.70245485459
-3.71151971655
-3.69740497615
-3.71610213098
-3.70377633346
-3.72542573689
-3.70357139177
-3.73574927492
-3.72884565468
-3.75101275098
-3.69197108547
-3.7008184967
-3.706887538
-3.74133957016
-3.68893835553
-3.71103215985
-3.67881807614
-3.70838469231
-3.6782086156
-3.78006064603
-3.70321502175
-3.68930617608
-3.76782935427
-3.67513583744
-3.70698937859
-3.69906689833
-3.74090107389
-3.69469733133
-3.68538258074
-3.73404453083
-3.70080070741
-3.72045838018
-3.68865916432
-3.66022760971
-3.68601338207
-3.68381162479
-3.71953339476
-3.69918424874
-3.72030120631
-3.66936788266
-3.67670196835
-3.71512776513
-3.69718811876
-3.67642279863
-3.65521712119
-3.71247038699
-3.7324128001
-3.68120891978
-3.67742972861
-3.72095510125
-3.73268045593
-3.68913332771
-3.71147274652
-3.69688919704
-3.69553967933
-3.68305184593
-3.71153930529
-3.69346230809
-3.7101122851
-3.67120626509
-3.68509393715


-4.13354145724
-4.04185865792
-4.04629183292
-4.00011145324
-3.88743614759
-3.95238178889
-3.96399793555
-3.93161198465
-3.88783560881
-3.92132108814
-3.84048970758
-3.71732207634
-3.76308185829
-3.69373559815
-3.68156814508
-3.68404739478
-3.68032838543
-3.66287960139
-3.68913207767
-3.61021809469
-3.62907864276
-3.63609993122
-3.65315191494
-3.64319627294
-3.67646204646
-3.63232535755
-3.63849223383
-3.6067937162
-3.64675568861
-3.67798827437
-3.69617936085
-3.62895931202
-3.67348486292
-3.58855372557
-3.63894512578
-3.65708422726
-3.66822250644
-3.65997408853
-3.65920855013
-3.68077699584
-3.6445234115
-3.66496221771
-3.6441080788
-3.65663589676
-3.61572570231
-3.62332177922
-3.69861978474
-3.69920767739
-3.61526343993
-3.63327611228
-3.6436934571
-3.6806475221
-3.62898360721
-3.63149367211
-3.70246627631
-3.72162104863
-3.70392186316
-3.6607504863
-3.61607307302
-3.66650063225
-3.64735117216
-3.68614043479
-3.68731749078
-3.68597801592
-3.67436519372
-3.65096899688
-3.65597389332
-3.66748578336
-3.72522075355
-3.6085359473
-3.64243817757
-3.62766772783
-3.62073614883
-3.66228644703
-3.71952894299
-3.61511661815
-3.72591923062
-3.69888291029
-3.67262366352
-3.6598764991
-3.63854066011
-3.63715628204
-3.64989633365
-3.67765334159
-3.6964146918
-3.65682587981
-3.68590768497
-3.65859424769
-3.66693300828
-3.65194887702
-3.71871551577
-3.6771267919
-3.66434786568
-3.69604159629
-3.59316073346
-3.65237116312
-3.64771762814
-3.60360255958
-3.61741622623
-3.640161383
-3.61721269398
-3.69046318841
-3.66781083536
-3.70831816094
-3.63355949736
-3.63259483271
-3.6402269304
-3.67635026421
-3.66411451613
-3.68955471944
-3.69563322531
-3.67988955054
-3.68052871081
-3.66923612575
-3.68805130889


-4.21811403291
-4.07815697207
-4.00041752069
-3.89203631877
-3.87310509557
-3.8851373093
-3.80973451314
-3.77393310817
-3.76954594044
-3.77796591586
-3.74035558771
-3.77581424873
-3.73830573906
-3.77427148757
-3.75199116392
-3.7724171334
-3.75735314269
-3.77088392301
-3.7122625788
-3.74063788393
-3.74317458492
-3.73835256437
-3.77346311469
-3.7186535696
-3.75506301603
-3.72510189254
-3.73669027111
-3.76510860456
-3.79080909639
-3.75346781052
-3.78139898849
-3.72145382702
-3.76475230719
-3.77329134749
-3.69204476241
-3.76125059047
-3.75648013112
-3.74664239343
-3.67860148774
-3.77001727548
-3.76979878535
-3.71701381275
-3.76955882816
-3.72915928003
-3.7382035076
-3.73381641118
-3.77243635452
-3.76848372008
-3.72486325074
-3.70921361751
-3.77767965986
-3.77545656976
-3.76011622887
-3.82312538382
-3.75055667737
-3.76155426042
-3.73789132163
-3.71737806585
-3.77043935269
-3.70471356885
-3.75424874903
-3.75089280205
-3.7305736219
-3.77044839349
-3.73558457737
-3.73522138288
-3.75213975521
-3.74316637512
-3.7233929041
-3.76906830482
-3.76047791565
-3.76590751197
-3.73315606158
-3.7517512582
-3.76636056044
-3.72620637525
-3.71970261705
-3.76667664885
-3.72365260487
-3.75728857828
-3.75633821456
-3.77717119445
-3.71313415662
-3.77161636365
-3.68924326116
-3.71561162413
-3.80057980682
-3.8044244618
-3.76878173314
-3.71994878014
-3.72555223389
-3.78307213119
-3.75591380413
-3.71588808668
-3.72446452262
-3.78928900035
-3.7727935406
-3.68263459694
-3.74100890682
-3.71954106968
-3.75774002919
-3.75445487351
-3.76139713209
-3.7085655398
-3.7549435343
-3.7565113681
-3.76070507501
-3.75568045838
-3.76346513022


-4.13850181394
-4.05163010394
-3.9639006592
-4.01702665725
-3.95736085082
-3.91533971181
-3.88365065775
-3.86668972913
-3.82826419381
-3.83062258303
-3.82748602593
-3.820595009
-3.8762024756
-3.81652911716
-3.84632560491
-3.86207076301
-3.84036805959
-3.90880484351
-3.87385133456
-3.85591410508
-3.89825960379
-3.85206583778
-3.83179395673
-3.83178358137
-3.85988889473
-3.83984226582
-3.8190956376
-3.79499902788
-3.81748246972
-3.86293638595
-3.86185789398
-3.82879876137
-3.8705653514
-3.90571824175
-3.8178626556
-3.82868470253
-3.85506969889
-3.79572705118
-3.89015867599
-3.8195300752
-3.80491045977
-3.8537181837
-3.83607131289
-3.82927820388
-3.8692923615
-3.8449258854
-3.83483132501
-3.861530333
-3.90589013911
-3.82250005871
-3.85490674302
-3.82641820111
-3.82295095003
-3.82582186736
-3.8967756441
-3.84535596757
-3.82025868592
-3.83812505209
-3.85642163352
-3.86447010146
-3.84085620435
-3.88097012195
-3.86906865591
-3.82298141491
-3.82281176512
-3.84118557324
-3.82240956218
-3.89403347422
-3.85026953593
-3.83697772482
-3.8281257597
-3.8388205093
-3.8530874123
-3.88950644816
-3.82969473387
-3.89223402443
-3.83711859884
-3.85659756606
-3.79878433688
-3.85355360885
-3.8638357956
-3.8143593858
-3.81753606614
-3.82690183648
-3.82961046477
-3.82300501741
-3.79316021692
-3.780538497
-3.84846732508
-3.85724274161
-3.85456713253
-3.84983120225
-3.85567563226
-3.84744687783
-3.86309836508
-3.86557308287
-3.85446288008
-3.85344548749
-3.8675753331
-3.8888102851
-3.81484370187
-3.87573428482
-3.83693767112
-3.8243629694
-3.84393145649
-3.82504376641
-3.85251480839


-4.11677634912
-4.05465548203
-3.96278974032
-3.9230458659
-3.9479837288
-3.91570787956
-3.84927859884
-3.82645073236
-3.8568827452
-3.78262598594
-3.79987012941
-3.7421256171
-3.774123897
-3.78856185809
-3.71897604017
-3.71854967779
-3.74635180135
-3.74421207467
-3.71712562353
-3.71885731442
-3.7621638992
-3.71460615881
-3.74618865451
-3.75887557116
-3.73042697618
-3.74176992068
-3.69315440961
-3.74591341394
-3.72465650175
-3.71551394558
-3.71454103928
-3.8253512954
-3.73381665919
-3.76776354038
-3.75098389484
-3.77018102954
-3.73339243206
-3.73223036121
-3.75860769696
-3.70779242877
-3.71503205742
-3.74087322504
-3.7069443507
-3.76324909466
-3.74715289457
-3.77473019148
-3.70630449053
-3.71983867707
-3.79209237882
-3.71733056586
-3.70442631812
-3.7588848407
-3.83882819932
-3.7711945675
-3.73668432039
-3.71266578281
-3.7466519525
-3.71375212175
-3.77793891933
-3.82764218139
-3.72929266697
-3.74694364873
-3.75321512671
-3.74618951623
-3.75078149835
-3.71665007339
-3.76483051366
-3.80524490828
-3.77087658658
-3.7606704157
-3.74425232951
-3.71341444446
-3.74567981365
-3.67751069746
-3.71840511068
-3.71272393866
-3.73696369185
-3.71634912887
-3.72527916939
-3.784886691
-3.75576138339
-3.71619314857
-3.71639480954
-3.7432512538
-3.73875091031
-3.76535202738
-3.73172651575
-3.7315557911
-3.71813387409
-3.72643225722
-3.71680101591
-3.72069165786
-3.73426608065
-3.77642500823
-3.71880856897
-3.75092684984
-3.73277155001
-3.73334945792
-3.72014648021
-3.76256070892
-3.78657628382
-3.74821316698
-3.69983405446
-3.72029614305
-3.74326718852
-3.69921750956
-3.79089750362
-3.72431903076
-3.68988181199
-3.72755384839


-4.1761247637
-4.13035452217
-4.05463338058
-3.97025737158
-3.89515419911
-3.89002485623
-3.82778344465
-3.76791483057
-3.7103500346
-3.67666294259
-3.72188784494
-3.68747068036
-3.65094089868
-3.72234666406
-3.65063747854
-3.6760083783
-3.6485129891
-3.67482964684
-3.64875712108
-3.65586523102
-3.64007573344
-3.66958180988
-3.67857318844
-3.66558466376
-3.63643168423
-3.64493642504
-3.62672555921
-3.65750198518
-3.60368084669
-3.68438318622
-3.65907370255
-3.71101895499
-3.68487876376
-3.66210443683
-3.72716460633
-3.686940617
-3.61213023512
-3.66301090983
-3.70629154419
-3.63395480457
-3.65203019926
-3.6641122871
-3.6718128823
-3.65207686041
-3.64780966051
-3.66916121445
-3.67900464592
-3.65629441741
-3.68703413915
-3.68301355572
-3.64472754711
-3.65008906277
-3.63151069462
-3.65371799099
-3.65919137995
-3.66465533818
-3.63899772784
-3.65179116954
-3.65491838374
-3.6420837278
-3.68695950375
-3.66073028849
-3.6721789524
-3.69601807616
-3.67702617024
-3.61877544972
-3.69724189209
-3.61847378147
-3.68810731258
-3.66460993518
-3.64890743316
-3.65101762886
-3.6600151174
-3.68287703469
-3.64517656318
-3.72420001135
-3.63327427853
-3.64803207407
-3.64755852746
-3.63795623418
-3.69901489875
-3.66821447196
-3.64004893553
-3.67036162114
-3.69356205657
-3.69985333805
-3.71802633242
-3.67819245559
-3.62579248867
-3.70780201541
-3.61984786017
-3.69978952205
-3.66206975882
-3.61519164719
-3.68097238212
-3.64823658955
-3.66201175138
-3.6410672455
-3.62305151854
-3.66626185026
-3.63266484962
-3.66242624024
-3.63209513091
-3.63449640106
-3.69515591605
-3.63008645391
-3.61684505737
-3.66367483522
-3.63784384194
-3.59772170974
-3.68453530568


-4.13004403359
-4.0890508148
-3.99807272246
-3.93853113585
-3.88652966048
-3.85995580243
-3.83078184319
-3.87538833891
-3.87456221633
-3.76911125234
-3.70620125363
-3.68534734102
-3.68881089626
-3.64996204705
-3.64470398091
-3.64036518728
-3.69813712378
-3.61658688185
-3.62796778527
-3.59847715184
-3.6416494974
-3.60164935718
-3.68876859363
-3.62138291921
-3.6136910435
-3.63556595653
-3.64802640777
-3.667479189
-3.61848477116
-3.66267215533
-3.63901831874
-3.62828566375
-3.67635360823
-3.66356554367
-3.61167570107
-3.66749861847
-3.60102317785
-3.62372558381
-3.64994884726
-3.65996175177
-3.67772508289
-3.60264049112
-3.62725136202
-3.65617354936
-3.62203674592
-3.62227584287
-3.63264461351
-3.65269929249
-3.65473403545
-3.65415834719
-3.6354365433
-3.68176593665
-3.66551129394
-3.6535780492
-3.64068440053
-3.67936053641
-3.64312666926
-3.64176586353
-3.63585116208
-3.61725924018
-3.63074791408
-3.62632420372
-3.62224616617
-3.64025769855
-3.63075437493
-3.67499128868
-3.62395322995
-3.58173110368
-3.71281622493
-3.6315854419
-3.62710124832
-3.63142641906
-3.61863611127
-3.61934360743
-3.60988717976
-3.66289582846
-3.62040893989
-3.61906359237
-3.63521372971
-3.63634281916
-3.69351145885
-3.61272276452
-3.63490267454
-3.63899357298
-3.68854819466
-3.58560991782
-3.59903848485
-3.63429967186
-3.68497201675
-3.62652410054
-3.61407835164
-3.65509222718
-3.69340826417
-3.6051918501
-3.66680444992
-3.62757940688
-3.67646360632
-3.6421044886
-3.64515438519
-3.68228253921
-3.64836388133
-3.66364502276
-3.62790499396
-3.62103703629
-3.65573463464
-3.6705971929
-3.69037614488
-3.67714233681
-3.6237261353
-3.6007286967
-3.61730721612
-3.65205162621
-3.64283110373


-4.06246021446
-4.09017803999
-4.08601842255
-4.05140613639
-3.96298134423
-3.88038174877
-3.90136159752
-3.87546364093
-3.88328803899
-3.8958662739
-3.89516987691
-3.90524636119
-3.90860506484
-3.89274130984
-3.82739806072
-3.89069272173
-3.85548430101
-3.85546315879
-3.87279743176
-3.91788379788
-3.87554999008
-3.85673111775
-3.86755780139
-3.87936359705
-3.8788370195
-3.8992295888
-3.88929609962
-3.92005488911
-3.90238454877
-3.82441393819
-3.8499683279
-3.86493471303
-3.88386168007
-3.88767128527
-3.91248754559
-3.89056502404
-3.8605739595
-3.81019900484
-3.83040533229
-3.82219108891
-3.783330684
-3.71428481416
-3.76877473607
-3.74366786941
-3.72821337536
-3.71982037678
-3.69122202361
-3.69438603629
-3.64223172912
-3.69382135307
-3.71382081214
-3.69649030836
-3.69089704147
-3.72079041892
-3.65005980216
-3.73645211635
-3.71004253785
-3.65076596331
-3.68488868992
-3.73259230433
-3.6700555088
-3.69980014736
-3.64487511895
-3.69535619744
-3.73178854336
-3.71137931977
-3.69918036943
-3.69295160399
-3.70239458655
-3.66189874351
-3.62823197867
-3.68363085816
-3.66564334194
-3.66281663808
-3.6981340593
-3.68767333858
-3.72037579584
-3.66744945925
-3.69897214198
-3.69452456834
-3.70424117584
-3.67050547928
-3.69624553667
-3.67285853083
-3.75240971118
-3.73288802568
-3.69987203176
-3.66474823551
-3.67946817672
-3.6656751785
-3.64720595736
-3.70247347211
-3.71433954287
-3.67329805638
-3.68779617431
-3.65508310271
-3.74217350766
-3.63961002791
-3.65759660944
-3.70914213091
-3.69204898321
-3.70116382329
-3.68337565024
-3.6924044536
-3.67558794101
-3.70792878952
-3.68116902098
-3.76255265109
-3.64452882921
-3.70686844617
-3.66531728563
-3.69849017073
-3.71523672706
-3.67794902341
-3.71198133045
-3.67129272333
-3.61925829248
-3.64473790445
-3.64190148517
-3.74312209106
-3.70598022603
-3.69979653117
-3.68678015831
-3.6779460896
-3.65980252597
-3.66497700044
-3.71539062093
-3.70016345989
-3.62439579406
-3.68985870904
-3.65936214621
-3.65209406536
-3.68336542569
-3.64598214875
-3.71668998207
-3.67517393084
-3.71713578889
-3.6913943662
-3.72097991527
-3.68639383603
-3.71868483971
-3.63964100544
-3.73124152164


-4.17159019621
-4.11111610071
-4.0908614926
-4.02212675697
-4.03483095948
-4.11343114478
-4.03869438747
-3.92510793336
-3.90957042862
-3.91432048171
-3.89633183191
-3.83486239858
-3.83496845607
-3.8126847222
-3.7390799732
-3.73644304221
-3.71349488801
-3.77310788582
-3.6801339264
-3.68404885476
-3.78980086804
-3.686326356
-3.74126394364
-3.6873354257
-3.74139326545
-3.69948628457
-3.72610883972
-3.7026640495
-3.69512629634
-3.67989931452
-3.68515428533
-3.68576990122
-3.74888199569
-3.74111639096
-3.7099432893
-3.69893118227
-3.75721515764
-3.69848965831
-3.74024052644
-3.68879297223
-3.73642894225
-3.70989615575
-3.67773304727
-3.71955750381
-3.71305047872
-3.73659292607
-3.7355405154
-3.68272280102
-3.74471386186
-3.72476579142
-3.69632914456
-3.68037624295
-3.72387037415
-3.66353912006
-3.66679415678
-3.68471066754
-3.71372884544
-3.67134069106
-3.71552374974
-3.71082454767
-3.75593390839
-3.71823033411
-3.70330788234
-3.70896982941
-3.69475602207
-3.69146349526
-3.69476866633
-3.70791142795
-3.69939114326
-3.7360841204
-3.73751876272
-3.71644352361
-3.68990836056
-3.71002454357
-3.71657039507
-3.72038407696
-3.70206087433
-3.71308180928
-3.71622264618
-3.70885807429
-3.7058418576
-3.68898090187
-3.68620033747
-3.69450841422
-3.71131928178
-3.73584133699
-3.68073021034
-3.7428436275
-3.68593130779
-3.71585235366
-3.74173442964
-3.71991007626
-3.70140567949
-3.75455628061
-3.72638820832
-3.73216978651
-3.71036201923
-3.77147266161
-3.63055224227
-3.71912037297
-3.68892697901
-3.71451813552
-3.73021171197
-3.72753139988
-3.69063922675
-3.69029862745
-3.78623441172
-3.68926986913
-3.67612303333
-3.67568417325
-3.71940124575
-3.67713168093
-3.71279837716
-3.72765463552
-3.69521886241
-3.68516293766


-4.19277954929
-4.05919745099
-4.08401154004
-4.0686209232
-3.93911688834
-3.95895960167
-3.92426448192
-3.85951638823
-3.87068711632
-3.79527533143
-3.8132517586
-3.80345882367
-3.79532476538
-3.72777764611
-3.71573693085
-3.72770513836
-3.71368147423
-3.66077847817
-3.66006603825
-3.65535512126
-3.67290321982
-3.69013139813
-3.65801737522
-3.67222157843
-3.61459984367
-3.65525697582
-3.65309273244
-3.64691133995
-3.65199813053
-3.71132669564
-3.72925414316
-3.63710468357
-3.62453797971
-3.66935958643
-3.61985104852
-3.63849621574
-3.63819165422
-3.65531801856
-3.61727557091
-3.65413187091
-3.65471842796
-3.66457776948
-3.68038760862
-3.67509093706
-3.70767869524
-3.62766927085
-3.67031406358
-3.59342738658
-3.6457389278
-3.6404784745
-3.62092212266
-3.73017400711
-3.66200741495
-3.62314788116
-3.65733265168
-3.64313386822
-3.65880293761
-3.65256545516
-3.68921738061
-3.65260829164
-3.64643192506
-3.64061564889
-3.63199067547
-3.70213760192
-3.66810754671
-3.7273856506
-3.67497216018
-3.6413096594
-3.70284905318
-3.63152304854
-3.72592724313
-3.6636605636
-3.6921870513
-3.66543760845
-3.69166917039
-3.63783443082
-3.69587410268
-3.68068249186
-3.68298030427
-3.65140851416
-3.67862692772
-3.64496344867
-3.67575447437
-3.67441871543
-3.6724111087
-3.67554285815
-3.66868652309
-3.61136878562
-3.60706330819
-3.67314458337
-3.7003063722
-3.61968689607
-3.72730094784
-3.63415019089
-3.6639091059
-3.67949199086
-3.68619539345
-3.65863870588
-3.67094717058
-3.64950858084
-3.67648271771
-3.61954146238
-3.6923690963
-3.63143352761
-3.65898464962
-3.69076523391
-3.6496766162
-3.68916265366
-3.69071727741
-3.70550089879
-3.65273361462
-3.64081097702
-3.60759645443
-3.6377724027
-3.67422154384
-3.63562925722


-4.07943611927
-4.08819601808
-3.998522596
-3.91616552682
-3.87820681278
-3.85857832757
-3.83351055892
-3.84274014327
-3.75080731162
-3.69874112253
-3.71536622206
-3.72486816259
-3.70796407639
-3.68704124842
-3.68140040052
-3.70437338505
-3.67646341122
-3.68603415463
-3.69672411871
-3.68798522324
-3.74490310134
-3.71879663807
-3.71430448372
-3.67423050786
-3.73957243673
-3.6513576437
-3.72442668942
-3.72066793594
-3.69829707142
-3.70718796702
-3.68318487768
-3.7278320273
-3.69618757263
-3.7396312526
-3.67327264154
-3.64261309582
-3.72851566742
-3.73454556464
-3.71026882063
-3.69426177865
-3.71843782301
-3.70665136938
-3.7267006332
-3.71813109958
-3.72797828807
-3.74293932408
-3.7207429108
-3.74799941747
-3.73128173974
-3.71319677293
-3.72850287951
-3.69080074195
-3.69262375256
-3.71901074222
-3.6847396129
-3.69871568542
-3.67889323183
-3.71233012752
-3.71263538743
-3.6814129107
-3.6894943528
-3.74036538176
-3.74817042534
-3.70669780334
-3.6881356824
-3.69783169457
-3.72301950458
-3.71764157318
-3.72081610966
-3.67915907345
-3.66268693842
-3.73579047291
-3.71436860307
-3.67852229206
-3.70440986513
-3.71195922755
-3.68049001989
-3.67063441073
-3.72620622954
-3.73025533729
-3.69401092065
-3.66541059429
-3.69694739834
-3.67680553373
-3.6872796892
-3.63827963289
-3.7009767683
-3.69795752111
-3.72183745606
-3.7158878525
-3.73886113276
-3.7140845538
-3.70536527115
-3.72073471648
-3.65811754257
-3.70474206643
-3.69379074079
-3.71148830605
-3.69483630373
-3.73709690817
-3.7462846325
-3.69894674857
-3.70591442555
-3.67769945486
-3.75166456295
-3.69477868248
-3.69642843779
-3.68191070712
-3.71304187086
-3.69809627464
-3.68534936558
-3.67042596946


-4.17372781039
-4.04900148003
-4.05388918122
-3.98092536579
-3.9271612589
-3.90436831129
-3.92630162167
-3.87661360494
-3.91733957101
-3.84072514741
-3.86795671336
-3.86390625243
-3.87875131136
-3.84308606589
-3.86723363156
-3.86761932625
-3.88332890236
-3.91786517025
-3.86173892022
-3.83897185949
-3.92889678905
-3.82918288836
-3.87416914786
-3.88390524681
-3.91540497647
-3.90474012626
-3.87918851247
-3.84756780009
-3.92790527268
-3.81469834173
-3.87442311684
-3.87557049365
-3.92293066952
-3.88852261813
-3.89082981887
-3.89822436699
-3.89688887093
-3.90588583811
-3.89717512034
-3.90174938012
-3.86255878138
-3.87585073244
-3.83408665121
-3.94353462322
-3.84151078392
-3.88854952632
-3.89963820467
-3.86144270358
-3.89189033989
-3.88394184426
-3.8627612552
-3.85747215387
-3.90648866426
-3.84756354806
-3.90724601714
-3.86836725369
-3.86847201195
-3.84059872585
-3.85425505064
-3.86017404555
-3.86799307626
-3.85987366337
-3.8979281109
-3.87661152689
-3.87373236444
-3.8497626873
-3.84703999541
-3.86302314623
-3.86304651489
-3.87276738661
-3.84633650125
-3.93180813601
-3.84667222393
-3.90818118868
-3.88988480706
-3.88030485285
-3.89393458631
-3.83931886785
-3.88466547589
-3.85189678215
-3.88280326219
-3.93387204299
-3.84767738532
-3.83138632102
-3.91620051051
-3.87885852014
-3.87984788402
-3.88717895975
-3.89388051729
-3.84440820188
-3.8502928124
-3.8836789613
-3.88832494706
-3.89145191618
-3.91403166508
-3.97557243628
-3.90251135238
-3.85893693334
-3.87378946866
-3.87737351502
-3.91763546864
-3.8544861288
-3.93364591707
-3.8737531028
-3.92736481152
-3.8850675328
-3.88345899226


-4.12593967484
-4.08244087207
-3.94018901294
-3.98103675471
-3.9514378317
-3.90050933125
-3.83804156544
-3.80991785386
-3.82338432948
-3.83895031226
-3.85148672328
-3.78884842976
-3.78874768889
-3.81561685659
-3.8224663547
-3.84377128272
-3.78177105245
-3.75606905994
-3.77154066775
-3.76446688367
-3.8153427638
-3.78816048431
-3.77421286018
-3.80004974791
-3.80849687778
-3.7684207801
-3.81204103057
-3.79096388927
-3.79361011695
-3.7670267907
-3.80013762708
-3.7960344982
-3.79554038252
-3.7553998183
-3.74616687727
-3.8476502671
-3.74860462965
-3.77931899533
-3.76310349603
-3.80596438608
-3.77094939308
-3.80984601472
-3.79574280497
-3.81441774146
-3.84207452515
-3.80992914592
-3.82254372668
-3.84793253225
-3.73953171795
-3.91288755723
-3.82581413765
-3.91378390925
-3.83471052899
-3.92549586325
-3.95882664855
-3.86303124783
-3.84710543139
-3.84699671131
-3.84621585942
-3.85584428041
-3.83758226197
-3.84730616077
-3.88400620574
-3.89676583389
-3.81631622077
-3.85614081606
-3.88460579925
-3.87935367644
-3.86220452841
-3.77365226133
-3.88276105571
-3.91664233703
-3.85783371027
-3.8847640533
-3.93064555329
-3.9596570487
-3.93291488838
-3.79791861759
-3.87249267859
-3.83312190679
-3.8989648945
-3.91616799303
-3.87518036747
-3.92094889117
-3.82832267528
-4.04587310135
-3.85263462645
-3.89747936617
-3.82771849306
-3.88206342793
-3.87353203499
-3.87292713068
-3.83297128153
-3.79638015922
-3.82599583806
-3.79979419546
-3.92635843019
-3.85819199512
-3.90787845211
-3.84944902212
-3.90017232656
-4.01702693317
-3.90907866413
-3.98778760324
-3.86979418578
-3.93869304314
-3.83795514968
-3.90048596849
-3.95561759002
-3.82394748375
-3.85425358384
-3.92430451103
-3.81284347409
-3.86754165691
-3.83878637442
-3.92685001901
-3.83468313239
-3.93187032151
-3.91351495561
-3.87341287961
-3.8594385301
-3.8546149541
-3.83694460675
-3.76563013812
-3.76097322869
-3.70255080181
-3.68980953737
-3.67704519519
-3.74091916875
-3.69964494427
-3.74775589547
-3.68060087546
-3.66170335834
-3.7340056055
-3.69380071568
-3.69453168676
-3.67394620226
-3.67370429589
-3.66872058668
-3.72493230589
-3.72093662619
-3.67471788234
-3.679863656
-3.655518272
-3.72714160728
-3.69208544605
-3.71517386107
-3.71157395342
-3.67537421441
-3.71020183826
-3.66555873375
-3.70485005778
-3.7157726372
-3.7025921297
-3.70968535075
-3.71918554581
-3.68825126315
-3.67650563499
-3.71176648073
-3.72795769497
-3.64907600732
-3.65275997036
-3.70508931369
-3.65762005689
-3.74531619174
-3.69824769683
-3.67207410492
-3.71811572517
-3.67178495604
-3.68997152546
-3.67315492658
-3.70271082677
-3.68594114868
-3.71051722846
-3.69053513279
-3.70832136353
-3.65396062876
-3.69975898573
-3.63877288893
-3.71831985805
-3.74122014776
-3.68029532921
-3.70694580736
-3.67727065623
-3.6943529563
-3.66833116087
-3.7486392972
-3.67824784587
-3.69045075134
-3.72470394005
-3.67995650666
-3.71550523953
-3.70822704035
-3.65021259534
-3.65628680378
-3.75455910894
-3.69928762555
-3.68959062104
-3.70791539592
-3.67902133754
-3.71450410978
-3.74235369119
-3.6967838757
-3.71516276069
-3.66939791792
-3.69364373233
-3.68141583989
-3.71508776879
-3.66497429579
-3.71509378318
-3.6973498032
-3.71372479203
-3.69604979559
-3.70421287101
-3.73356643925
-3.69657604392
-3.67692848773
-3.65417046706
-3.68297562707
-3.76590943558
-3.66520330746
-3.64378502183
-3.72950902536
-3.64546109661


