-2.11546474028
-2.10723237014
-1.91832977428
-1.78718369453
-1.80541767881
-1.76681546816
-1.67485380117
-1.65102923977
-1.78096031746
-1.6773625731
-1.70310781857
-1.66090038823
-1.72873418841
-1.74376746731
-1.69734571723
-1.72881615804
-1.71207705538
-1.70081940144
-1.64786446508
-1.70034055728
-1.74921895425
-1.6665968598
-1.7323123495
-1.70633849329
-1.72042156863
-1.70095803234
-1.70115357209
-1.79770663461
-1.67696456828
-1.744178682
-1.69398606811
-1.70211764706
-1.74425146199
-1.73200554365
-1.67370376923
-1.76816322669
-1.76727175783
-1.64593415099
-1.70684229427
-1.68811420709
-1.68676873556
-1.68754127967
-1.7028534704
-1.70087790555
-1.70801939564
-1.63712074303
-1.67549640126
-1.63752715121
-1.61089473684
-1.72336429309
-1.65907585139
-1.6203379773
-1.67835068062
-1.70338095238
-1.71814816453
-1.65161212747
-1.63889628483
-1.67868868249
-1.72778686913
-1.71026453388
-1.76946983099
-1.74995109569
-1.72699993574
-1.66421878225
-1.68037614776
-1.67815359477
-1.68542923485
-1.62363880289
-1.69219831441
-1.64265755074
-1.67313639491
-1.68024806892
-1.6712621259
-1.63277106983
-1.72066607696
-1.72145731307
-1.71173763955
-1.71285370288
-1.68320897833
-1.76456275493
-1.71245864662
-1.68934244926
-1.6853968254
-1.63723047816
-1.66084141727
-1.74059215157
-1.74104105183
-1.72766779694
-1.65000515996
-1.68441967664
-1.67241640867
-1.66951336675
-1.64759511524
-1.67768497223
-1.71129428965
-1.79189264829
-1.73468425142
-1.61932684653
-1.68762401101
-1.74121732688
-1.7558245614
-1.70547660819
-1.73975860328
-1.70275679395


-2.10697368421
-2.07840660475
-1.88918919849
-1.84418018084
-1.81717681459
-1.75346115288
-1.63074509804
-1.60739043688
-1.63628947368
-1.66537719298
-1.61492690058
-1.71849016481
-1.67896048946
-1.66790247678
-1.68119590643
-1.58720192638
-1.71030143987
-1.69985355546
-1.59779566563
-1.66397931102
-1.71050547938
-1.74602941176
-1.63260681115
-1.66738888889
-1.67584416925
-1.69218524252
-1.72042476478
-1.63217131063
-1.62047265222
-1.69404815961
-1.67985065227
-1.69522231604
-1.62767750258
-1.61178654971
-1.67277903091
-1.64462573099
-1.69974718659
-1.69678637771
-1.67201496388
-1.67580323357
-1.71165461164
-1.66912865497
-1.66921568627
-1.68300326797
-1.6688711976
-1.62388972431
-1.69382249742
-1.74227313381
-1.67809688437
-1.69833001622
-1.79660310278
-1.64651754386
-1.70138974888
-1.67661093911
-1.66265651875
-1.71762383901
-1.68311779449
-1.6688868646
-1.68420146331
-1.62999501204
-1.66536842105
-1.69416959064
-1.63611145511
-1.73494840041
-1.74947781218
-1.68067508137
-1.68387753698
-1.67700230214
-1.61944926041
-1.73223202614
-1.69622598918
-1.61857757138
-1.65721620227
-1.61363398693
-1.69257413141
-1.74967750258
-1.69794148078
-1.63898675611
-1.65135999312
-1.80249373434
-1.70747712418
-1.63637426901
-1.68179365079
-1.68550257998
-1.68275558996
-1.69983468475
-1.63241309155
-1.66156449948
-1.66760757852
-1.66748194014
-1.65289542484
-1.70452135687
-1.65210673743
-1.63847746818
-1.70342881714
-1.64519298246
-1.73100619195
-1.68912211902
-1.62791925893
-1.68681668074
-1.67321052632
-1.65878981768


-2.14267285862
-2.22324136321
-2.07655194358
-2.01015307878
-1.83503027176
-1.77514671483
-1.6768550543
-1.53672033024
-1.50402948548
-1.53302614379
-1.56054437564
-1.53730207873
-1.57869556244
-1.57728431373
-1.5790877193
-1.59050997592
-1.55908502024
-1.50271856111
-1.54799036808
-1.55305555556
-1.59381436434
-1.56739070149
-1.57623976608
-1.59757751846
-1.51210147919
-1.52448813209
-1.54669946926
-1.52320308123
-1.54146955624
-1.57024406605
-1.51670794634
-1.52723798939
-1.54991835358
-1.59368575851
-1.5638622291
-1.59975593395
-1.5414127967
-1.50833161335
-1.54500326797
-1.64125816993
-1.47867337461
-1.53097385621
-1.57965747703
-1.62927770406
-1.55976900585
-1.58843741707
-1.57494157339
-1.54443471424
-1.53702098383
-1.56072949531
-1.63757924222
-1.62757814408
-1.60803594771
-1.58662659099
-1.49651100791
-1.52625369797
-1.54904901961
-1.6055359874
-1.53691572067
-1.53921878225
-1.59297090577
-1.54542836919
-1.49145510836
-1.57829669763
-1.5272567448
-1.60969256475
-1.57978328173
-1.59912791783
-1.57361455108
-1.58443618851
-1.56242112635
-1.49675679395
-1.61586016512
-1.4896754386
-1.48193274854
-1.52587908497
-1.5270125559
-1.51201513588
-1.52446147231
-1.57554007568
-1.51913659148
-1.51210663915
-1.58677124183
-1.58694444444
-1.51921910168
-1.51710853113
-1.56519256475
-1.58637667699
-1.54906845545
-1.63657435255
-1.51667836257
-1.53608531132
-1.59595803234
-1.64151820728
-1.52353199174
-1.49822165708
-1.46309442724
-1.52090275462
-1.52568111455
-1.48453130375
-1.58559516438
-1.65430529756
-1.5290380117
-1.56118734619
-1.5769379085
-1.58263541206


-2.17485244975
-2.07994719642
-2.04297756647
-1.94747798418
-1.94286483365
-1.83930822153
-1.85383660131
-1.75398245614
-1.75420256524
-1.71941331269
-1.59452992776
-1.62853160805
-1.61969934641
-1.6006668519
-1.67319507101
-1.64507727652
-1.5789626763
-1.58776608187
-1.59224853801
-1.5689297981
-1.66070952646
-1.57396058774
-1.60730753354
-1.60886016512
-1.63710177404
-1.60465909873
-1.60275094599
-1.54625885793
-1.5819876161
-1.57790643275
-1.55034313725
-1.54262745098
-1.6154874441
-1.60048830409
-1.67941206901
-1.64055898608
-1.53573655103
-1.55971964224
-1.57101823185
-1.57821465428
-1.59813209494
-1.60387655413
-1.60108915783
-1.59275022673
-1.68272214284
-1.555249398
-1.55980392157
-1.55709971006
-1.56053839539
-1.63981866431
-1.61811145511
-1.58319625043
-1.6140875473
-1.57377846577
-1.58255555556
-1.6244438623
-1.49391812865
-1.59427158583
-1.57259872721
-1.54093464052
-1.60697058824
-1.6226869625
-1.58852287582
-1.66245751634
-1.61304162367
-1.62055992923
-1.549499484
-1.57234743722
-1.59973708782
-1.65771464518
-1.61474274298
-1.57816013072
-1.53310841206
-1.60263157895
-1.55279188166
-1.64953904369
-1.52785380117
-1.55778947368
-1.55911128311
-1.59740574475
-1.631339255
-1.6010123839
-1.62436302294
-1.62233952528
-1.66479077596
-1.5675503956
-1.54965187479
-1.58352705293
-1.61224229692
-1.52013966288
-1.542839599
-1.56846095631
-1.56881578947
-1.62193612236
-1.58422428621
-1.58935103356
-1.61858017782
-1.57615978672
-1.64759043158
-1.57686549708
-1.5767523957
-1.63638579291
-1.61519416188
-1.61464843481
-1.52686480908
-1.57590409848
-1.55876928369
-1.60226625387
-1.57798367714


-2.09812676299
-1.91176367389
-1.93277757932
-1.85918266254
-1.68543034056
-1.72960626869
-1.69011081248
-1.66239129687
-1.70839510541
-1.68140240496
-1.7613037061
-1.63303521058
-1.65193532852
-1.64376299913
-1.59914860681
-1.64476883385
-1.65683436533
-1.59048334741
-1.72059656494
-1.668923024
-1.65672414067
-1.62634527495
-1.59494444444
-1.67131544548
-1.60858961128
-1.65967079463
-1.67524782545
-1.69453388373
-1.68089284486
-1.64976072534
-1.62386478262
-1.6672556958
-1.60037711927
-1.59303995282
-1.62386532508
-1.58630949924
-1.63834311268
-1.65631785346
-1.63816511868
-1.62319718414
-1.63182191527
-1.66962573099
-1.66591675267
-1.68259612077
-1.58673065015
-1.60608187135
-1.63815479876
-1.71786928105
-1.67659889921
-1.73029890715
-1.60811764706
-1.6257124183
-1.6560192147
-1.64447127623
-1.62464551084
-1.68334276869
-1.62952570529
-1.64432424198
-1.66086377709
-1.65122910217
-1.66022343944
-1.70761025112
-1.65992965256
-1.63540085508
-1.63393464052
-1.66672769027
-1.69815307878
-1.62520467836
-1.66128138975
-1.61940282078
-1.59009012728
-1.59026900585
-1.6008500172
-1.6508622291
-1.6549748882
-1.64379016168
-1.6226749226
-1.6408625731
-1.66202088555
-1.65917354661
-1.60591183842
-1.62994582043
-1.60581974544
-1.65336790506
-1.72623195243
-1.69753007519
-1.65603973168
-1.64606813603
-1.66638132095
-1.69448424228
-1.68177863777
-1.61729761054
-1.64380288958
-1.6331628827
-1.68686618507
-1.58145614035
-1.63108255934
-1.64939132144
-1.66192053664
-1.64844975183
-1.69638269694
-1.60861487051
-1.68521998263
-1.58255589955
-1.6054251806


-2.24146529975
-2.12505331957
-1.90737014104
-1.97170875702
-1.87675664652
-1.71263071895
-1.75353327392
-1.72178362573
-1.79615435648
-1.75079748391
-1.80536417023
-1.76711179911
-1.72661464937
-1.74389422085
-1.80454103396
-1.7182394958
-1.77371088354
-1.81784727278
-1.77987753698
-1.721374613
-1.7577131063
-1.78062985896
-1.74581781136
-1.74014741605
-1.81536958535
-1.73999296129
-1.75266939407
-1.7272371861
-1.7590466362
-1.82549771488
-1.71715617475
-1.81972761552
-1.78136652907
-1.718375301
-1.78695619516
-1.71070278638
-1.66188028896
-1.76601348961
-1.78322858617
-1.7489877881
-1.72758333995
-1.71988648091
-1.74507359084
-1.7844623323
-1.73507469655
-1.72751857585
-1.73418094255
-1.79272851246
-1.7928249054
-1.68682937736
-1.71542139663
-1.76209047128
-1.70030527299
-1.74111563222
-1.77217241633
-1.79711855619
-1.78413415893
-1.74386085311
-1.78848142415
-1.78060059462
-1.71769521844
-1.68678620571
-1.75603508772
-1.73041488525
-1.72463145987
-1.77068300654
-1.74800809717
-1.65854368765
-1.71622703818
-1.76781148951
-1.73010681115
-1.71470159562
-1.81303728779
-1.72801117991
-1.7538180746
-1.79200928793
-1.73477124183
-1.72046095631
-1.74106586224
-1.7340872033
-1.75658398447
-1.76220605435
-1.73896696303
-1.75472799646
-1.72897252936
-1.72516099071
-1.72808651531
-1.67965497076
-1.80029750848
-1.78931928237
-1.7072253182
-1.77371671827
-1.77882290396
-1.70650731656
-1.74414379085
-1.73067371861
-1.76933035523
-1.76142208462
-1.75352321981
-1.79134687208
-1.67419126247
-1.75130787754
-1.73559683523
-1.68442724458


-2.22321165659
-2.16986438759
-2.02332026144
-1.96868714773
-1.88502739125
-1.77730753354
-1.73000137599
-1.79858548332
-1.70589318885
-1.60952167183
-1.5757823726
-1.63050073714
-1.598804069
-1.65061968647
-1.61881733746
-1.62751547988
-1.58284416925
-1.67425291736
-1.57816666667
-1.59757894737
-1.63981458548
-1.589124871
-1.64904403165
-1.63458204334
-1.640018642
-1.63468851049
-1.63233318591
-1.64198933609
-1.63630994152
-1.68464035088
-1.69569756972
-1.66635176176
-1.63777506549
-1.61466529068
-1.58286340852
-1.60934001671
-1.57165806674
-1.61380168559
-1.64038011696
-1.63561472308
-1.65384793054
-1.58686549708
-1.58052167183
-1.6585021377
-1.64852255639
-1.67229476406
-1.61077276525
-1.63977657379
-1.63384947663
-1.65971637427
-1.63234458696
-1.59930701754
-1.69968086884
-1.63933677331
-1.68564922865
-1.67703873938
-1.60872927417
-1.63835650401
-1.57014585483
-1.6514978623
-1.6461004472
-1.60460458839
-1.58806467148
-1.63413872918
-1.65915376677
-1.64250791194
-1.61675576195
-1.56493734336
-1.60370175439
-1.63081802546
-1.58296407686
-1.68059537264
-1.71041621021
-1.61883040936
-1.65737788098
-1.65127244582
-1.66644754042
-1.64989562141
-1.59650980392
-1.62371910168
-1.60021480171
-1.57909803922
-1.61057309942
-1.65046130031
-1.69051275247
-1.66910769571
-1.62717733058
-1.64144874441
-1.67197533804
-1.60353968254
-1.62640618704
-1.57039746425
-1.61235242518
-1.60666081871
-1.55342815372
-1.71290868437
-1.58244702442
-1.59812380774
-1.62096397857
-1.62514954052
-1.62101995184
-1.55689181287
-1.67371775026
-1.66700019657
-1.53704334365
-1.68524553465
-1.64136446508
-1.6133087243


-2.20951661771
-2.15387168903
-2.0433380907
-1.87025490196
-1.92261662452
-1.69571998624
-1.70717303062
-1.62199707602
-1.56733602947
-1.53067217062
-1.53259855521
-1.45522386849
-1.42076711386
-1.48982232542
-1.49408049536
-1.54955995381
-1.50194031648
-1.43844235589
-1.50493120055
-1.50485626207
-1.42679480564
-1.52575163399
-1.46802339181
-1.52099155884
-1.48330478156
-1.4876572729
-1.53308565531
-1.51557887365
-1.51799931201
-1.54724531918
-1.59623066802
-1.51283265857
-1.52327794978
-1.51585311318
-1.50009356725
-1.47880409357
-1.48832679739
-1.52824078484
-1.49249208806
-1.53558513932
-1.48371345029
-1.51893859649
-1.52551437417
-1.54389240258
-1.50224551575
-1.44182180943
-1.4936628827
-1.48871929825
-1.54404127967
-1.49554710305
-1.57621856111
-1.52966374269
-1.56641918711
-1.47919848641
-1.53196835225
-1.5079377365
-1.51182903337
-1.49006535948
-1.4576487051
-1.50723684211
-1.51559708094
-1.49357688338
-1.48737259816
-1.48858656445
-1.50152671271
-1.49540567104
-1.54155486756
-1.44925627795
-1.51745099929
-1.45751857585
-1.48469851665
-1.57141314069
-1.54062297902
-1.46941434469
-1.55757392728
-1.48857378741
-1.47558410733
-1.43547788589
-1.55548194014
-1.51387741412
-1.52712781955
-1.45675856307
-1.52236790506
-1.51112762298
-1.50755882353
-1.47383006536
-1.49004196766
-1.48330768853
-1.51076389503
-1.4984619883
-1.57852602093
-1.48930994152
-1.452874613
-1.44463536292
-1.472213868
-1.43998142415
-1.53660491727
-1.48244348617
-1.45140985949
-1.47455798811
-1.56269042894
-1.49514305371
-1.46462745098
-1.49965393877
-1.51341503268
-1.54868791511
-1.51734225647


-2.16990857045
-2.04677898177
-1.96687335987
-1.95866150671
-1.94731045752
-1.97488592522
-1.78397058824
-1.77274600717
-1.67100653595
-1.67583935329
-1.68512406393
-1.69269246646
-1.68375834193
-1.7354244926
-1.78496929541
-1.65921008403
-1.63721035432
-1.75424868733
-1.68401547988
-1.71287246964
-1.70976370035
-1.70577003784
-1.71904532825
-1.65685173719
-1.75012138189
-1.67518634822
-1.80757853911
-1.66710818713
-1.69138562092
-1.65611082004
-1.67455865153
-1.74107894737
-1.72136527593
-1.72319340017
-1.74088328665
-1.67672205022
-1.7367922748
-1.70776694186
-1.683375129
-1.70923546612
-1.71017027864
-1.76203302374
-1.68679738562
-1.71163603768
-1.65397110423
-1.73758857929
-1.66517498875
-1.69027812178
-1.78884593838
-1.68119590643
-1.66132249742
-1.75599329205
-1.70677330581
-1.70635018164
-1.71903383459
-1.70645080839
-1.73185958864
-1.71846243815
-1.64221052632
-1.69087616099
-1.6676902834
-1.77970735474
-1.69643326453
-1.72541606467
-1.69098771438
-1.67869369502
-1.67238974888
-1.69907585139
-1.71484348125
-1.71263678805
-1.67299673203
-1.71142857143
-1.76061502739
-1.64392397661
-1.76754565902
-1.7732505623
-1.65735672515
-1.67641896408
-1.82634479109
-1.68451444788
-1.73856363949
-1.76248376288
-1.68245820433
-1.65360216718
-1.71370467836
-1.66287925697
-1.7299797533
-1.77225400795
-1.70585345717
-1.70464912281
-1.6946499828
-1.77631699346
-1.68917037692
-1.69061862613
-1.70832094943
-1.7617235056
-1.68261543565
-1.67755280358
-1.6670460824
-1.70669111504
-1.75314379085
-1.72167595459
-1.68783751044
-1.74095659019
-1.75005555556


-2.15258509018
-2.05425111799
-2.00771091722
-1.86349071207
-1.82030822153
-1.77457803823
-1.66921637427
-1.78705459161
-1.75994683679
-1.75660025063
-1.83630937638
-1.74499775079
-1.897000344
-1.78986224233
-1.90840893334
-1.78057828395
-1.80031733746
-1.78380134159
-1.88449372111
-1.86039313971
-1.81017542537
-1.79254602192
-1.72344220846
-1.75697038496
-1.67632972136
-1.59621517028
-1.6657131063
-1.68676711386
-1.56564430685
-1.60843137255
-1.64238286894
-1.60523006801
-1.64397660819
-1.57328603371
-1.57591005795
-1.5790206663
-1.61122308222
-1.59024217406
-1.6048635654
-1.55868593051
-1.54147076023
-1.53989404885
-1.59242174063
-1.57623558897
-1.61359745707
-1.60119126247
-1.60048589611
-1.58513312693
-1.59900343997
-1.58747341393
-1.60842234924
-1.66514536341
-1.6688009768
-1.53445614035
-1.55959683523
-1.58553846154
-1.61367182663
-1.54335655315
-1.49740712074
-1.60173684211
-1.57961179911
-1.51217004049
-1.56747764018
-1.536070888
-1.60128586171
-1.60226642587
-1.61069122278
-1.63836447831
-1.61142207139
-1.54597970416
-1.55989129687
-1.5359502924
-1.50963450292
-1.64914179302
-1.5806381149
-1.54372327879
-1.67214752568
-1.58349833294
-1.64506725146
-1.68419294276
-1.56837203302
-1.6197086589
-1.59194152047
-1.66942761315
-1.60915005462
-1.60315789474
-1.51121052632
-1.62058961128
-1.56228588817
-1.61949841799
-1.59712280702
-1.55872033024
-1.6334747162
-1.54362573099
-1.58278035776
-1.57534055728
-1.59244486216
-1.60667515508
-1.59698400413
-1.52151427589
-1.48728276574
-1.59920802005
-1.54607617082
-1.6038665045
-1.54002614379
-1.54410902256
-1.64969994368
-1.72549857487
-1.55824207578
-1.54100250627
-1.55822325421
-1.52562022704
-1.60796491228
-1.67499719888
-1.62853113175
-1.56806140351
-1.54930374957
-1.58163978574
-1.59477863777
-1.64622291022
-1.55897994987
-1.61163777313
-1.61486412109
-1.51793921833
-1.50909391125
-1.53281733746


-2.14469134185
-2.08352575065
-2.01705823382
-1.92079119367
-1.87153147575
-1.93878217036
-1.9341123151
-1.86193441938
-1.73125214998
-1.73994496044
-1.72038820089
-1.67226625387
-1.68671052632
-1.63789875896
-1.68993207377
-1.61958204334
-1.69815327535
-1.75964096138
-1.70209081527
-1.62192896457
-1.62812045196
-1.64287409701
-1.57359552178
-1.62613553492
-1.62040849673
-1.65744301931
-1.60774681803
-1.62912779498
-1.62725232198
-1.63358936557
-1.63752586595
-1.67219607843
-1.63753560372
-1.63524320605
-1.56689404885
-1.60029084967
-1.63477603322
-1.59796405229
-1.6642046141
-1.59358341933
-1.63527378212
-1.57311317509
-1.58324389405
-1.58392225662
-1.59911425623
-1.57605523613
-1.63035706914
-1.67229742531
-1.70430220158
-1.59832679739
-1.63538842204
-1.63100206398
-1.58779817946
-1.69439370485
-1.56900083542
-1.60125146199
-1.64059683523
-1.57101479188
-1.61347930724
-1.55862263502
-1.62029293823
-1.56707774338
-1.60919160647
-1.57874853801
-1.64920654578
-1.60753317116
-1.66449876474
-1.64047218313
-1.62600515996
-1.62600415065
-1.67974717543
-1.65348847609
-1.57373961865
-1.67399044746
-1.67565234164
-1.64014490223
-1.57360560716
-1.66579757085
-1.6317145749
-1.63582370141
-1.65371188907
-1.60563209494
-1.66957640708
-1.64257422402
-1.6801799597
-1.59893812964
-1.67030701754
-1.65718204826
-1.60892225662
-1.66272015824
-1.6529253526
-1.68133482273
-1.65745803234
-1.5636998624
-1.64679308566
-1.59842959964
-1.59101960784
-1.58481183351
-1.57873374613
-1.64929824561
-1.61484957492
-1.62562885343
-1.59433124478
-1.57892672859
-1.63329932675
-1.6389248366
-1.58142780027
-1.6832605042
-1.58367595459
-1.59044169247
-1.63394427245
-1.61786859305
-1.58074698779
-1.65405572755


-2.12312747744
-2.04612705973
-1.89592070863
-1.81466804266
-1.78555777831
-1.84364539176
-1.85793609023
-1.88098552084
-1.82054685734
-1.75630340557
-1.79949088407
-1.8319623323
-1.8359075687
-1.78682841153
-1.75219966583
-1.81191531637
-1.8081334955
-1.80928932626
-1.84447963045
-1.78315795728
-1.84563209494
-1.79357120743
-1.75597709961
-1.7619745442
-1.78506642274
-1.77298314413
-1.76237564499
-1.77500584795
-1.81622033024
-1.76514619883
-1.72580529756
-1.6917655413
-1.48710818713
-1.46245972775
-1.41068971448
-1.3230922069
-1.34198624011
-1.35835964912
-1.39395105411
-1.29890247678
-1.36657662633
-1.33749494949
-1.35723917637
-1.4459334233
-1.35680875557
-1.32250110571
-1.36652634036
-1.39626984127
-1.36688279522
-1.40051096822
-1.32292722757
-1.25120467836
-1.33619246646
-1.33188562092
-1.39611381395
-1.34847498082
-1.30801547988
-1.3243921304
-1.28039402428
-1.41001729437
-1.39351044277
-1.29291358298
-1.40355811096
-1.29730478156
-1.29272807018
-1.30765079365
-1.36594272446
-1.29427175783
-1.33355624355
-1.40048481962
-1.35832077743
-1.36250877193
-1.36359880281
-1.34827588579
-1.39131851688
-1.33010853113
-1.27982748538
-1.34241572067
-1.26633834586
-1.33771671827
-1.30803353973
-1.39923839009
-1.26210632161
-1.31289645683
-1.40028654971
-1.39981862084
-1.38185156519
-1.37802167853
-1.32643825249
-1.32644306846
-1.36702914715
-1.32660577915
-1.42293498452
-1.41796147231
-1.30383023736
-1.35700275198
-1.30640591675
-1.38438269694
-1.39237977296
-1.41604127211
-1.31896663227
-1.33100189198
-1.37017059806
-1.35182865157
-1.3684122807
-1.3387748538
-1.31430082559
-1.28968455452
-1.32068443545
-1.39026026605
-1.33276762986
-1.2923868646
-1.25972440906
-1.36355219497
-1.42866126856
-1.27442036464
-1.31719962786
-1.31444840041
-1.35378822055
-1.38938114895
-1.34143274854
-1.2783893066
-1.23520743034
-1.4284656721
-1.40231466366
-1.34705417957
-1.38742621259
-1.37509459924
-1.26601050515
-1.35681974544
-1.36707044572
-1.38698899209
-1.42735794031
-1.29873529412


-2.14972644847
-1.96389004752
-1.92401926385
-1.81443294511
-1.73177296182
-1.77320485036
-1.75981749245
-1.70059276018
-1.74679876161
-1.75322000188
-1.71403508772
-1.6438120055
-1.77178138975
-1.72974406605
-1.71640763674
-1.73998506069
-1.7171998624
-1.73806634233
-1.80111828814
-1.68516099071
-1.72087394958
-1.6989122807
-1.69588407293
-1.72994004619
-1.64210818713
-1.69599071207
-1.69147213622
-1.70625524596
-1.70183419333
-1.74727859086
-1.74801061477
-1.74044161686
-1.703451417
-1.7034496044
-1.69909189641
-1.74519136832
-1.70683814929
-1.72631647747
-1.70514895081
-1.76639589358
-1.78203250774
-1.75159565581
-1.77735328517
-1.74178495481
-1.75037866726
-1.74946061232
-1.73091466222
-1.71982284142
-1.779749398
-1.70784795322
-1.75629329735
-1.76740193621
-1.68072755418
-1.73472863909
-1.72817612659
-1.68778534572
-1.70295975232
-1.62980460956
-1.67401995184
-1.71788869232
-1.75858672322
-1.77221881627
-1.63785620915
-1.78267197405
-1.76876995846
-1.636
-1.68805149374
-1.74223237014
-1.78299604403
-1.78228303602
-1.77926225821
-1.69273168215
-1.71152339181
-1.72337805298
-1.71993026684
-1.68506983144
-1.69008341933
-1.6930629515
-1.75543921077
-1.6960220404
-1.72556420463
-1.6969745839
-1.65981011352
-1.74454979833
-1.65971413829
-1.71474673864
-1.74038871689
-1.74411496879
-1.75557653939
-1.69341537668
-1.78267765757
-1.71903868646
-1.69667103279
-1.70469003391
-1.68118151147
-1.72138773782
-1.901731805
-1.83048538012
-1.83026361719
-1.91910147919
-1.82684485724
-1.89844066047
-1.96033760873
-1.69041687552
-1.74591766558
-1.80402142611
-1.82903199174
-1.96728773858
-1.97556859343
-2.02334296526
-1.88920480122
-1.95323357413
-1.75999805887
-1.75190732109
-1.80762745098
-1.87945781119
-1.80148964039
-1.98426143791
-1.82323185415
-1.77789138003
-1.89391692466
-1.80501840385
-1.86802872377
-1.94074575012
-1.88237711927
-1.74932800138
-1.92819470244
-1.69660609858
-1.7836374269
-1.78213656691
-1.91414536341
-1.76494547644
-1.88038304094
-1.93899584557
-1.75113450292
-1.93939847167
-1.87511867905
-1.785875473
-1.92388267048
-1.79545424837
-1.77104506364
-1.80366116271
-1.99365298049
-1.73847162023
-1.94996965453
-1.80042776058
-1.96411781906
-1.84624153899
-1.87372313136
-1.91391522925
-1.80817010664
-1.70902405335
-1.76064452799
-1.96387704745
-1.84691520468
-1.98527296182
-1.83784709322
-1.87021826625
-1.99163130866
-2.04547477291
-1.78404914246
-1.7925094845
-1.93344414581
-1.89555996137
-1.8020356831
-1.84438223009
-1.79042852229
-1.94150803101
-1.73131750946
-1.80502837977
-1.8448653591
-1.79196193916
-1.93522291022
-1.89280089931
-1.83277181075
-1.73971431029
-1.77019177847
-1.90768300654
-2.02263892575
-1.86100294855
-1.77336566907
-1.79332107229
-1.86752235982
-1.85062762298
-2.07449250577
-1.7129872721
-1.91273529412
-1.98721585827
-1.86846818025
-1.95031320949
-1.83313295494
-1.72929197995
-1.89758049914
-1.96428742293
-1.82552110102


-2.11673906486
-2.07162280702
-2.11263415893
-2.01701547988
-1.90576900585
-1.89412624699
-1.81226160991
-1.74456415549
-1.73604933903
-1.68346223402
-1.63311268367
-1.61612865497
-1.62821861025
-1.62599646174
-1.61443429653
-1.56075049615
-1.57073099415
-1.60176470588
-1.64829266227
-1.60973993808
-1.56357472112
-1.62035964912
-1.62015961472
-1.64368352253
-1.636727648
-1.6342745098
-1.6612037938
-1.56495424837
-1.63315583075
-1.61937908497
-1.5941372549
-1.62168008256
-1.58411764706
-1.60657653939
-1.59736979704
-1.60425043
-1.54056140351
-1.62178070175
-1.65725480368
-1.73994444444
-1.56766150671
-1.59051410389
-1.6315588481
-1.61981232493
-1.64518332596
-1.66965829166
-1.70045277976
-1.65747014595
-1.64798383213
-1.61359391125
-1.54486412109
-1.62300494827
-1.59321775026
-1.58863261094
-1.60006455241
-1.54962505623
-1.64322472849
-1.58427192982
-1.67312297902
-1.65363863089
-1.6276054843
-1.63366150671
-1.56757560568
-1.60636652907
-1.60344432159
-1.63312693498
-1.64121781641
-1.61412402664
-1.63745004669
-1.6037086211
-1.62945615599
-1.6323293906
-1.68763548577
-1.61380785297
-1.63216993464
-1.62945304438
-1.62785004177
-1.71790865739
-1.64091366992
-1.63171368844
-1.61941752193
-1.61846164431
-1.62553078775
-1.56580254558
-1.64064311609
-1.64634553768
-1.65169659443
-1.62043596737
-1.63642174063
-1.63001975527
-1.59884244926
-1.59093137255
-1.59904882115
-1.67199248687
-1.64893137255
-1.61865153079
-1.53415479876
-1.62165649418
-1.58406140351
-1.62635177688
-1.59730109588
-1.63022703818
-1.61340901273
-1.61430598555
-1.60174962293
-1.70905241044
-1.58462910481
-1.64050670795


-2.21903427687
-2.01282696938
-1.97512757384
-1.89648926237
-1.78772227136
-1.70488390093
-1.76108801415
-1.73529239766
-1.67506467148
-1.80243567251
-1.65581551163
-1.66429288909
-1.69968352253
-1.69506432749
-1.76006194975
-1.72990029372
-1.76402855177
-1.73438518791
-1.68669298246
-1.72219470244
-1.68908531132
-1.76858587646
-1.77393498452
-1.74739009288
-1.73539903681
-1.727911175
-1.7715279167
-1.79216374269
-1.72799140007
-1.72030994152
-1.80147166937
-1.71434606123
-1.74789490884
-1.71025033171
-1.73584129063
-1.73815961472
-1.75844908841
-1.74146474028
-1.73435672515
-1.73154901961
-1.69584726522
-1.77330099759
-1.70421947024
-1.73091382869
-1.72837468672
-1.74328207774
-1.78397218915
-1.65360904713
-1.77553000147
-1.70289766082
-1.70547722247
-1.69871878225
-1.69224728488
-1.71566268613
-1.69042621259
-1.73343300559
-1.75800343997
-1.67855211558
-1.69398950808
-1.74764902452
-1.85008106427
-1.72786721706
-1.75758939014
-1.67494341245
-1.69764086687
-1.68023323013
-1.75118735942
-1.7084251806
-1.69545648435
-1.7502999656
-1.67137048504
-1.70719900241
-1.77182060544
-1.75257555654
-1.67619793072
-1.64401031992
-1.72541090471
-1.69863467114
-1.61828111947
-1.75329291366
-1.73618003342
-1.71933190631
-1.66356725146
-1.7511144528
-1.65788132095
-1.73935156519
-1.74508451146
-1.7363245614
-1.68896646027
-1.65791881665
-1.71605091159
-1.73123603125
-1.77984537324
-1.73721878225
-1.62893636051
-1.71545584928
-1.72844857241
-1.76329072682
-1.67716187528
-1.70427342867
-1.76023799695
-1.75076831785
-1.73771379429


-2.1824207918
-2.05512022704
-2.01049742002
-1.94460130719
-1.91554988338
-1.84777817092
-1.7784377365
-1.74413622291
-1.67012225133
-1.65046697626
-1.69330044001
-1.64014035088
-1.67437972004
-1.675500172
-1.75093748512
-1.64851324389
-1.71223254214
-1.73605312867
-1.6510371517
-1.67137674314
-1.67466460268
-1.67919550006
-1.68041174013
-1.59769590643
-1.73149776402
-1.74930576441
-1.65807069143
-1.68064520275
-1.66089766082
-1.65309155241
-1.67832031058
-1.64932868937
-1.69418236768
-1.71025713794
-1.74176676987
-1.68687650499
-1.71285340803
-1.71080701754
-1.70024578603
-1.68063264221
-1.66800309598
-1.73983876358
-1.72937134503
-1.77541531997
-1.69100606909
-1.77738429029
-1.72082679739
-1.72392815372
-1.65037616099
-1.73204511278
-1.72457769424
-1.65306553148
-1.72645596835
-1.66564912281
-1.71580650155
-1.68300859993
-1.69057690985
-1.70833542189
-1.66842790801
-1.68931472621
-1.71233092535
-1.67902484719
-1.64531241565
-1.74049425222
-1.68804817405
-1.65011609907
-1.66400120399
-1.67409752322
-1.73893744164
-1.70823529412
-1.66917715858
-1.68369733156
-1.71277162741
-1.6728620571
-1.73986657821
-1.7278929507
-1.7346282108
-1.68907873413
-1.72083897527
-1.6657378741
-1.66758290334
-1.7007466706
-1.71963725301
-1.6484126247
-1.65377364981
-1.71442636002
-1.65726495726
-1.64937673953
-1.74008946386
-1.71680804954
-1.70951099468
-1.70734227726
-1.69344530444
-1.69818369453
-1.71392793258
-1.69956558062
-1.71805636263
-1.69185586515
-1.72658479532
-1.76095834987
-1.68841881665
-1.74019883041
-1.6529872721
-1.67703250774
-1.62155469556
-1.64595166839
-1.64397807679


-2.13394127029
-2.06457747309
-1.95687866726
-1.91627804239
-1.77437394958
-1.74868699464
-1.70695368323
-1.75074421347
-1.65381458548
-1.72091659768
-1.79308736396
-1.82448348813
-1.66842397661
-1.67504368765
-1.80760301962
-1.74627782692
-1.72522721018
-1.78664671483
-1.70753508772
-1.65914890167
-1.74343428329
-1.7097371861
-1.71559219126
-1.74917973856
-1.70700250627
-1.71510305175
-1.77545144914
-1.731441838
-1.71282414369
-1.70012223621
-1.76951065824
-1.73124389405
-1.74641331269
-1.6781747506
-1.67586171311
-1.73592481203
-1.74939792921
-1.75254076367
-1.69058049536
-1.73197368421
-1.73027433781
-1.68581527348
-1.73951149934
-1.71394719642
-1.80692414861
-1.75051194162
-1.69866099071
-1.70343584451
-1.72645424837
-1.70963536292
-1.7321754386
-1.70349909086
-1.76592844857
-1.71730021131
-1.73594761413
-1.76070708634
-1.70171376783
-1.76423893066
-1.72768077055
-1.70859459924
-1.75071069831
-1.66945648435
-1.73954427736
-1.72427395412
-1.68485330974
-1.71926109391
-1.7103500172
-1.68647653447
-1.74660600408
-1.70148329156
-1.72397405278
-1.68220990447
-1.72220244238
-1.80088242665
-1.73738078038
-1.70288407293
-1.7322764755
-1.85243693905
-1.7544129687
-1.73054700477
-1.70322256622
-1.72984485724
-1.67250459482
-1.69394702442
-1.6854304464
-1.75401543073
-1.69270585108
-1.75789542484
-1.71488215637
-1.71821160745
-1.66564327485
-1.70291658067
-1.70375077399
-1.74724819401
-1.7167330846
-1.76465544706
-1.7149339771
-1.80822976559
-1.69234743722
-1.74209649123
-1.67013845889
-1.69246107917
-1.71117681459


-2.11263278294
-1.99493911249
-1.95586290765
-1.80865978672
-1.94529755762
-1.96279312346
-1.81841889036
-1.90746130031
-1.84917887857
-1.89227605779
-1.67538527692
-1.67406671089
-1.62439942995
-1.68189001917
-1.73178998968
-1.60097480882
-1.63087571871
-1.62209494324
-1.6816501548
-1.65010695668
-1.60383378318
-1.64181829574
-1.61520639835
-1.59114482284
-1.64487005976
-1.68977276525
-1.66193987987
-1.64334829721
-1.65037065703
-1.723163015
-1.63396405229
-1.67686726998
-1.67832060544
-1.62517733058
-1.66308617131
-1.5800371517
-1.66005503956
-1.66246663227
-1.56440350877
-1.67907292742
-1.64925834193
-1.66557484397
-1.69521661998
-1.65603973168
-1.62001461988
-1.63556733085
-1.66106019952
-1.68009081527
-1.62811764706
-1.67698245614
-1.69163553492
-1.68797179223
-1.7114015185
-1.67978104575
-1.66786360698
-1.66568489852
-1.5948627451
-1.66477588579
-1.62651031992
-1.60922566219
-1.60844444444
-1.63711472308
-1.63156015038
-1.6687629859
-1.62793343653
-1.61726797386
-1.80504815961
-1.68996078431
-1.73352184383
-1.74417502089
-1.77671296076
-1.78135081293
-1.65042105263
-1.82920880633
-1.68813312693
-1.76049289891
-1.70330151359
-1.84093845903
-1.81153370984
-1.752230412
-1.74038969974
-1.80016660996
-1.8245
-1.67401375989
-1.78728440754
-1.68408791776
-1.67528369944
-1.81675851393
-1.69647437221
-1.74866563467
-1.66126367389
-1.81474201529
-1.80565133233
-1.84079438793
-1.75370590881
-1.71205985552
-1.72721974053
-1.82689970023
-1.76223873409
-1.70295134896
-1.70538269694
-1.8027373581
-1.69752820777
-1.91247567448
-1.74855796354
-1.69931750946
-1.84335037443
-1.6628835815
-1.75961843334
-1.81533338626
-1.85649469261
-1.72502941176
-1.73009395094
-1.74705177159
-1.70221885596
-1.6743249054
-1.72465730503
-1.87491682638
-1.76724389405
-1.67268295739
-1.73006140351
-1.66295614035
-1.70470450636
-1.90467916397
-1.92214379085
-1.73075414025
-1.70598239188
-1.75709907121
-1.76472308222
-1.6648805668
-1.72844014448
-1.82398641211
-1.85416281087
-1.67916701066
-1.66266941864
-1.75221499828
-1.80455383557
-1.82968971448
-1.64583298934
-1.73805727554
-1.73165882844
-1.64798968008
-1.62739687454
-1.83153267974
-1.66561730306
-1.83022256622
-1.63277072583
-1.77833527446
-1.70943761742
-1.75562516586
-1.8058532606
-1.66439284486
-1.87720777434
-1.82521396629
-1.8175764411
-1.7323957556
-1.61804282766
-1.66482052605
-1.8309129687
-1.76018094255
-1.88952796773
-1.81913433093
-1.84391880909
-1.69773495012


-2.09555263158
-2.03854162367
-1.8884000688
-1.76163209494
-1.80780397449
-1.78099140007
-1.74726060249
-1.73464568283
-1.6566744066
-1.69658646617
-1.59566666667
-1.70135328517
-1.66918668466
-1.61964021015
-1.61931372549
-1.63335714286
-1.63485689714
-1.57567251462
-1.72209838321
-1.5876995184
-1.62429087424
-1.61842586859
-1.61112280702
-1.66246456828
-1.56347352544
-1.67356558062
-1.6777624699
-1.62570544007
-1.61466941864
-1.67232431569
-1.63184399725
-1.6698245614
-1.58289129687
-1.59043638508
-1.67355042017
-1.61888446607
-1.68281802546
-1.6218686592
-1.69890901273
-1.5346494668
-1.68883230134
-1.67263863089
-1.63184920635
-1.63508309991
-1.71285092445
-1.70267406261
-1.59430271758
-1.67138114895
-1.74805624355
-1.68608187135
-1.66672649762
-1.62852253182
-1.61402948548
-1.74010850467
-1.70411111111
-1.65508857929
-1.62636549708
-1.62913433093
-1.68127986633
-1.66218954248
-1.58708118335
-1.59912852266
-1.63123288614
-1.62533748587
-1.69438506523
-1.63758187135
-1.73607993967
-1.63248400413
-1.58216374269
-1.68512511671
-1.58145272684
-1.5865380117
-1.72183166627
-1.71174409062
-1.63996078431
-1.63313122172
-1.65057145881
-1.61862676299
-1.59826728586
-1.59722050224
-1.69789387685
-1.6463680109
-1.6625673006
-1.7034822618
-1.57985964912
-1.6630647452
-1.64152390781
-1.68397660819
-1.69690178879
-1.62354695562
-1.65310526316
-1.62033367733
-1.59399862401
-1.70967320261
-1.64805882353
-1.68194928498
-1.60914452799
-1.61369256475
-1.71019492736
-1.66581839969
-1.67323671736
-1.62595872033
-1.61331699346
-1.62278586171
-1.58607083697
-1.69132990659
-1.68076269104


-2.22457340183
-2.09907182171
-2.04023581011
-1.9169217274
-1.76202803578
-1.64441468868
-1.66655830753
-1.65400068799
-1.65992432061
-1.67492105263
-1.70438665291
-1.75070691434
-1.75870141039
-1.70109671615
-1.80301087561
-1.78690753089
-1.70674673864
-1.72033918129
-1.63612178826
-1.75493498452
-1.71544822841
-1.68126934985
-1.71029102167
-1.63733436533
-1.67805410018
-1.70626608187
-1.70708978328
-1.69362602585
-1.71333126935
-1.64972927417
-1.72266735466
-1.62332163743
-1.71470485036
-1.71293948106
-1.74706639147
-1.63914570741
-1.71492422232
-1.7006374269
-1.65552631579
-1.79514957265
-1.70585913313
-1.69875723623
-1.7703290088
-1.68387156617
-1.75424664603
-1.6831503268
-1.66823391813
-1.71563966288
-1.67554437564
-1.75141542582
-1.76646153846
-1.68402339181
-1.66886377709
-1.7100634278
-1.73197936017
-1.74711988304
-1.72170467836
-1.67884903813
-1.72214103887
-1.67432679739
-1.66503955968
-1.71120399037
-1.69114914738
-1.73940065851
-1.72830972261
-1.62289714482
-1.58135259718
-1.69424897462
-1.67490694874
-1.73522944616
-1.79512268416
-1.72437805298
-1.73810233918
-1.6587000344
-1.72325962342
-1.79491434469
-1.716678166
-1.66718128655
-1.68773237014
-1.71525443511
-1.76811223572
-1.75877104526
-1.70605577859
-1.64636790506
-1.64617977825
-1.67839834881
-1.70857309942
-1.65982387341
-1.71023391813
-1.65023082215
-1.83593980048
-1.75390075112
-1.7435335643
-1.68817661802
-1.67992105263
-1.63582748538
-1.6765999312
-1.71877917834
-1.69704781562
-1.72161190856
-1.73407636739
-1.66316133471


-2.18586928105
-2.09840729274
-2.04444572215
-2.0073378053
-1.96804776648
-1.82362713155
-1.6949226989
-1.69705533063
-1.6852975047
-1.74692572306
-1.68533085164
-1.64460870313
-1.72459383754
-1.70179416679
-1.66975438596
-1.67428826969
-1.72095682835
-1.73613258637
-1.66609219126
-1.69524853801
-1.67611111111
-1.6883128655
-1.62440660475
-1.70114514227
-1.68660199518
-1.6751871345
-1.65757100416
-1.68538568346
-1.70373125877
-1.69675391911
-1.61891880342
-1.67999582289
-1.73408531132
-1.66537431815
-1.70145488722
-1.67089097744
-1.6932996216
-1.65786190968
-1.76491830065
-1.7016690255
-1.73856145162
-1.71702287582
-1.69765020394
-1.65799993385
-1.6768891535
-1.65381475748
-1.59901702786
-1.63639886481
-1.6195877193
-1.71581355349
-1.66696270087
-1.70064327485
-1.67363949088
-1.7028503612
-1.67039084892
-1.64539318885
-1.71831092437
-1.68141658067
-1.68400835422
-1.6959194555
-1.61927514866
-1.6099368765
-1.74568214654
-1.72815739197
-1.72498056416
-1.65720504882
-1.69086429309
-1.72950162737
-1.64955990844
-1.67440309106
-1.65945471522
-1.65478065261
-1.64280856553
-1.65823980766
-1.62854334365
-1.66498039216
-1.77004004595
-1.67833661694
-1.65901305866
-1.64268524252
-1.64107351713
-1.72646161974
-1.70798276234
-1.63582696938
-1.67783608531
-1.72406997887
-1.63720330237
-1.72371541599
-1.60758169935
-1.72608709557
-1.70266959064
-1.73909607352
-1.73310902256
-1.68985242518
-1.65452880315
-1.71406956116
-1.60334010743
-1.75871934739
-1.58684623323
-1.53519027962
-1.53430701754
-1.45956931545
-1.49915548676
-1.52231578947
-1.43895287238
-1.44842933503
-1.50895321637
-1.46813467492
-1.53510555234
-1.48509614723
-1.50809954751
-1.50602941176
-1.45824613003
-1.50217973856
-1.60500626566
-1.54005160629
-1.45499277606
-1.49556862745
-1.52143747188
-1.50230959752
-1.54371740626
-1.51560904713
-1.44213863089
-1.42810457516
-1.54114433142
-1.5252464986
-1.46736790506
-1.56601027077
-1.49309290383
-1.55087082903
-1.46511695906
-1.55049859944
-1.54613744013
-1.49626625387
-1.5169736105
-1.50077507872
-1.53458462332
-1.5034271463
-1.49548314413
-1.59638081818
-1.5300749914
-1.58416645498
-1.49130116959
-1.46879188166
-1.44978224974
-1.53695564893
-1.46175468082
-1.51429721362
-1.58368232043
-1.49185964912
-1.49633713053
-1.44029861642
-1.49282895965
-1.56137092732
-1.50222458106
-1.47663261094
-1.51206824376
-1.48261437908
-1.50781699346
-1.47623082215
-1.52058760022
-1.58517691287
-1.48967404938
-1.50656484348
-1.51738694776
-1.46967027864
-1.49455710354
-1.48711447737
-1.49612929382
-1.49785964912
-1.45505135387
-1.51863116124
-1.4520495356
-1.53004850361
-1.46148606811
-1.51232551968
-1.49652648779
-1.49705263158
-1.4985877193
-1.46783402133
-1.53110332203
-1.51497110423
-1.52804737334
-1.51163732862
-1.44477192982
-1.47956415549
-1.56520406408
-1.57633014354
-1.58873627697
-1.56209219126
-1.53099919671
-1.43913312693
-1.43390987272
-1.46111627107
-1.50815801759
-1.43338596491
-1.47951840385


-2.07391545984
-1.98234606123
-1.98448872369
-2.01328672171
-1.92782008944
-1.88826453388
-1.89704553049
-1.8373243894
-1.77842862057
-1.77252736342
-1.74062235717
-1.71574699002
-1.72334461153
-1.65942802639
-1.66210784314
-1.70640669736
-1.61036675021
-1.70798348813
-1.65568352253
-1.76228127428
-1.63189164087
-1.71135884205
-1.71074162679
-1.68688763576
-1.69188965627
-1.69718489852
-1.74269865841
-1.70688888889
-1.69244650843
-1.72618438252
-1.77451512265
-1.73046955624
-1.67468885449
-1.69702751978
-1.67736377709
-1.74476817043
-1.74196478186
-1.65904385965
-1.65799810802
-1.60887168903
-1.7023485486
-1.82239805774
-1.64273615411
-1.64936549708
-1.6682868937
-1.63277863777
-1.64976092191
-1.65704781562
-1.63981183351
-1.68204291649
-1.66575765394
-1.74175320655
-1.70007954275
-1.69370347437
-1.68600042338
-1.72402525923
-1.69827242125
-1.71624819401
-1.67322644847
-1.59356862745
-1.67491744066
-1.68107292742
-1.67517578259
-1.67678018576
-1.69825748194
-1.79178947368
-1.64535561497
-1.63439628483
-1.70010990712
-1.64147660819
-1.62690599047
-1.67937785641
-1.62905331957
-1.68271964224
-1.75056455241
-1.63843137255
-1.68799508575
-1.65154041968
-1.63451017249
-1.57196147231
-1.61384795322
-1.70324721117
-1.61284898521
-1.66742237948
-1.68930481283
-1.67813261094
-1.67690264878
-1.70657671139
-1.6534502924
-1.67126890756
-1.79981228713
-1.66620536636
-1.67209855521
-1.65807189542
-1.6435030714
-1.72646783626
-1.64937117303
-1.73619145148
-1.61805191712
-1.68429233151
-1.65808837327
-1.74931913116
-1.67459786722
-1.69071281144
-1.72392997199
-1.72920845099
-1.65218563566
-1.72319937287
-1.71305602241
-1.58519779842


-2.09088355693
-2.01912659099
-1.92796577227
-1.81118524252
-1.77157378741
-1.8110380117
-1.72727927662
-1.71953229227
-1.70340350877
-1.80814699851
-1.73374269006
-1.754
-1.78938404836
-1.77877192982
-1.65799793602
-1.74675834193
-1.71779841761
-1.73609889921
-1.77385473488
-1.74878571429
-1.79544695071
-1.72285672515
-1.70380134159
-1.77899449604
-1.78788816962
-1.73916275984
-1.73721165659
-1.7550081994
-1.72823629965
-1.73155744754
-1.82085238738
-1.77844170192
-1.71322841417
-1.79184113582
-1.70672583419
-1.77338596491
-1.71507929137
-1.73781077694
-1.65815686275
-1.73390851185
-1.64966150671
-1.68747660819
-1.67320123839
-1.6583245614
-1.71862573099
-1.80031991744
-1.72731893837
-1.70655865153
-1.6794619883
-1.64665875473
-1.79095188953
-1.74610600029
-1.69793267482
-1.71301328359
-1.66972291022
-1.76718180255
-1.73267629859
-1.70736412109
-1.69788294265
-1.71289129687
-1.72202788835
-1.75223971694
-1.74785173719
-1.74710828542
-1.70239078087
-1.6937000344
-1.80567274143
-1.77824337805
-1.76834262126
-1.77614860681
-1.7150961718
-1.68498589611
-1.8895045608
-1.77738955231
-1.76393606943
-1.79636758563
-1.75334205835
-1.70169590643
-1.6651372549
-1.80673751687
-1.7211878225
-1.81606516291
-1.79410177404
-1.72018300654
-1.70744833426
-1.74646904025
-1.70315101479
-1.68887184779
-1.75095916261
-1.72249415205
-1.74632954936
-1.70077777778
-1.79780329612
-1.75473051785
-1.72469121333
-1.74187810212
-1.78279067767
-1.72536119711
-1.72674836601
-1.65079119367
-1.75408307534


-2.0843245614
-1.98736036169
-1.80984068013
-1.78882999165
-1.79223057644
-1.76440468819
-1.66267612659
-1.73834947663
-1.71776237162
-1.74630541663
-1.75179102167
-1.64166334955
-1.68932610939
-1.684749914
-1.74777030245
-1.65185139319
-1.74600894393
-1.62055796354
-1.70043188854
-1.66101424942
-1.69412865497
-1.70008255934
-1.7542454685
-1.75715772085
-1.70200894393
-1.74193395253
-1.68589164087
-1.68727777778
-1.74120588235
-1.71955417957
-1.74171547458
-1.69783124478
-1.81106930221
-1.67995066097
-1.73632335741
-1.72101646273
-1.71905032188
-1.74921428571
-1.71759012728
-1.72537247531
-1.73809347842
-1.77038345865
-1.72202287582
-1.67258214163
-1.67608939959
-1.75008798288
-1.77485947712
-1.65368575851
-1.69828482972
-1.71114312932
-1.63984647138
-1.76180254558
-1.69218180255
-1.71631045752
-1.76045063639
-1.67617651973
-1.74749294806
-1.73625438596
-1.63664551084
-1.72586942469
-1.71412710698
-1.69701960784
-1.68020674235
-1.79225641026
-1.73971104231
-1.73358563074
-1.68941687552
-1.70448572411
-1.72438888889
-1.68490127279
-1.82335805423
-1.64255263158
-1.67219590643
-1.71457344341
-1.70331003981
-1.68538888889
-1.6956628827
-1.71221632513
-1.76860751237
-1.71571035432
-1.74993783667
-1.7603627451
-1.69728520963
-1.68859943978
-1.6666006192
-1.6421871345
-1.73539808042
-1.71371448228
-1.69841589267
-1.69344066047
-1.70218300654
-1.69838046096
-1.70355366357
-1.73594633643
-1.67322472849
-1.7241754386
-1.74430640326
-1.74936218752
-1.71404405622
-1.64521138631
-1.69112890068
-1.72351923927
-1.68399931201
-1.77669005848


-2.17343825249
-1.96544341245
-1.78005624355
-1.80827192982
-1.78959210621
-1.68464535207
-1.63454469507
-1.62070477098
-1.53231578947
-1.52991812865
-1.54491483611
-1.49221740626
-1.6136937763
-1.65326797386
-1.58623237014
-1.51749501204
-1.58834898332
-1.60904720134
-1.52124045408
-1.58511042312
-1.61196326601
-1.54645356037
-1.59069507101
-1.61002539531
-1.49894478844
-1.56101734729
-1.57780512556
-1.58517932652
-1.56176126591
-1.55718511966
-1.5882249742
-1.57635964912
-1.54347781218
-1.55459907121
-1.53729239766
-1.55211773967
-1.48824561404
-1.6258243894
-1.59788069911
-1.47249039265
-1.54909666323
-1.54688020957
-1.60922109195
-1.55235964912
-1.66813987457
-1.49047058824
-1.53469367045
-1.49659442724
-1.55972824217
-1.5261180402
-1.59025212352
-1.56533641797
-1.6129248366
-1.51855298881
-1.5719401974
-1.55730804954
-1.59010526316
-1.56857560568
-1.5564628483
-1.54463581276
-1.55711059512
-1.57947520763
-1.570044765
-1.56131925402
-1.53967578259
-1.53838304094
-1.57797936017
-1.61461172539
-1.59818831203
-1.59831871345
-1.55773976608
-1.53801621701
-1.59009983292
-1.53952167183
-1.63122519311
-1.5525373237
-1.48122033024
-1.56745324095
-1.5848202123
-1.53519556244
-1.55108386161
-1.51924595803
-1.54921428571
-1.550750258
-1.59791694924
-1.58703216374
-1.57222379667
-1.56539181287
-1.59200791194
-1.52574062607
-1.58639834881
-1.61447284879
-1.60584841629
-1.59759900505
-1.58071048662
-1.58311317509
-1.5565875473
-1.53230930267
-1.60301727358
-1.58448876717
-1.55780804954
-1.58977966976
-1.54406954037
-1.5865401286
-1.62129351093


-2.01054340981
-2.0364334422
-2.00151616787
-2.07481733746
-1.97979163595
-1.86691790373
-1.8301871345
-1.69680049483
-1.72046525628
-1.69188458892
-1.75492606516
-1.69880409357
-1.75415696859
-1.70327829377
-1.67603525972
-1.75503955968
-1.71807668492
-1.74027829377
-1.69165669075
-1.71790272249
-1.67010270964
-1.70035534916
-1.76721035432
-1.70246445883
-1.71771627822
-1.69346491228
-1.65445906433
-1.67778947368
-1.70775846101
-1.66870987801
-1.70740675217
-1.65653938768
-1.68554643963
-1.69204010025
-1.7366146248
-1.70823873409
-1.76199707602
-1.70959484496
-1.78560968598
-1.69319681557
-1.74595958032
-1.72411464937
-1.71668848592
-1.72037925697
-1.72694032971
-1.69905656298
-1.72145803234
-1.70646439628
-1.69300054057
-1.67175352597
-1.73431151408
-1.82188235294
-1.79423988894
-1.71321155831
-1.72239766082
-1.66456037152
-1.70686513607
-1.73665592904
-1.74141048133
-1.74997076023
-1.69804024768
-1.72847144823
-1.81868111455
-1.73106717775
-1.76740744017
-1.77605879707
-1.72019298246
-1.75594891641
-1.84022342621
-1.72306518748
-1.69095321637
-1.68356518748
-1.66346336429
-1.70252923977
-1.70085380117
-1.70264779596
-1.68263157895
-1.73711523908
-1.68231699346
-1.72334168755
-1.73008093008
-1.71783281734
-1.70782800138
-1.71589009288
-1.69662078273
-1.70198138085
-1.75058341933
-1.72142510688
-1.68690385277
-1.70708115689
-1.72263226694
-1.79452258852
-1.75585859256
-1.77190884073
-1.75032569168
-1.79785021377
-1.6812355455
-1.71123237014
-1.68998847609
-1.71256754254
-1.73205194358
-1.69435982112
-1.76879686963
-1.71873662096
-1.73939473684


-2.04936289253
-1.88853454715
-1.75097781218
-1.78391348469
-1.72670868347
-1.66377984176
-1.80835897436
-1.70951491474
-1.78601074416
-1.75070133857
-1.69688200894
-1.67010388717
-1.71771757826
-1.66650584795
-1.68643343653
-1.6990498796
-1.79432558772
-1.75569784756
-1.71800039314
-1.64267079463
-1.66655838125
-1.65959064327
-1.65092036464
-1.71943483709
-1.70470743034
-1.77211592707
-1.76008560617
-1.73919545659
-1.72454282766
-1.74385735833
-1.68512607499
-1.69747987616
-1.68635190918
-1.64947574819
-1.71475713794
-1.72340005746
-1.68538021524
-1.68860522347
-1.7188110718
-1.72303938768
-1.63949535604
-1.6774496044
-1.69904599735
-1.71890328763
-1.7615244238
-1.75142657738
-1.73811904762
-1.70653582486
-1.77023303167
-1.68611145511
-1.68056302521
-1.63936888791
-1.75501513588
-1.80718555524
-1.63217062264
-1.64194891641
-1.77101098145
-1.66307189542
-1.6708995528
-1.73611135682
-1.72151460854
-1.71146353629
-1.80288906089
-1.62905125559
-1.68451891985
-1.72297867217
-1.66699277606
-1.64003412944
-1.68464860681
-1.66496835225
-1.66019401445
-1.73676605541
-1.68198985208
-1.68202987862
-1.65715927073
-1.75086549708
-1.67339869281
-1.72057791538
-1.65952390781
-1.72440795616
-1.67800587252
-1.75858828822
-1.69778338002
-1.73111455108
-1.69244685243
-1.74454290137
-1.77153454045
-1.65126023392
-1.69679619486
-1.73681974544
-1.73095906433
-1.77420457252
-1.72085773257
-1.65671534228
-1.68973082215
-1.7404630203
-1.72944444444
-1.78273639226
-1.70126767677
-1.67541242813
-1.66629583763


-2.22685989484
-2.09370416237
-2.06713933212
-1.98921723426
-2.09329772962
-1.98686511339
-1.88610732714
-1.77390161679
-1.7293213369
-1.60042672859
-1.5996094157
-1.60311293883
-1.53712229102
-1.55157350596
-1.52378001376
-1.56030409357
-1.55722639933
-1.48709872721
-1.55726170819
-1.49268995263
-1.54774143693
-1.46873168215
-1.50993257654
-1.43245820433
-1.50863089095
-1.52911356823
-1.5815125559
-1.53102776549
-1.55223151015
-1.55786136911
-1.51953216374
-1.54618729327
-1.56637323701
-1.53802705293
-1.52792429792
-1.51264671483
-1.49545105411
-1.47762796698
-1.58162606365
-1.51343274854
-1.55201102046
-1.55790505676
-1.54987947811
-1.53037770898
-1.58063467492
-1.57499520861
-1.51743188854
-1.56635794237
-1.48914551084
-1.54503693056
-1.5734727505
-1.56587581699
-1.54009897292
-1.54536792963
-1.51085804821
-1.5187629859
-1.57229391919
-1.55850096584
-1.54042655659
-1.53881006438
-1.62575588481
-1.56715315249
-1.5546741877
-1.42485468573
-1.51345975232
-1.55998348813
-1.47802631579
-1.56636702049
-1.53871362229
-1.50401117991
-1.52885156519
-1.52451680672
-1.51723099415
-1.50901946042
-1.54043481252
-1.63992413727
-1.53023374613
-1.48683129392
-1.55189542484
-1.54383625731
-1.53790073222
-1.49012865497
-1.50949707602
-1.47144908841
-1.58307120743
-1.56538576834
-1.52232748538
-1.57908582731
-1.46757911937
-1.49778005345
-1.50147058824
-1.49457172343
-1.52114155487
-1.52804678363
-1.54768566023
-1.46015204678
-1.54575502104
-1.49752149983
-1.56147764018
-1.60472944616
-1.56765393877
-1.54833163981
-1.58005578048
-1.55817866688
-1.53071201176
-1.48600088456
-1.5769054499
-1.52297695218
-1.51983311219
-1.48760990712


-2.13337070807
-2.01461211853
-2.0326878225
-1.97079824561
-1.82342758858
-1.78007042115
-1.74396336429
-1.69910003705
-1.65896810654
-1.69640660475
-1.64517956656
-1.75118524252
-1.68643859649
-1.73337104072
-1.71961472308
-1.69671345029
-1.7532875817
-1.73720681039
-1.75657821023
-1.6711871345
-1.71009287926
-1.65821362229
-1.70347230822
-1.70944211018
-1.76254260652
-1.68341382869
-1.71395724606
-1.71730925353
-1.71294048848
-1.74142245989
-1.67172136223
-1.70957602906
-1.66840267335
-1.74965873016
-1.63799312006
-1.68082352941
-1.72693292054
-1.63331578947
-1.76716752666
-1.68145682835
-1.7131379429
-1.70222784525
-1.6841128311
-1.65920774307
-1.73902889577
-1.72054420365
-1.71367676166
-1.70551932433
-1.70296697626
-1.75739779313
-1.7110130719
-1.6690376677
-1.6822406015
-1.6469005848
-1.68483436533
-1.676875301
-1.71652668436
-1.69833584716
-1.69331097351
-1.73713998231
-1.72392328861
-1.75026907011
-1.76359440267
-1.7435440789
-1.73549456976
-1.72900933707
-1.6711996904
-1.70089240825
-1.69345518963
-1.66607017544
-1.73905607155
-1.71205985552
-1.73667836257
-1.69494461644
-1.64932026144
-1.68927035538
-1.73799673203
-1.68333522532
-1.73903680771
-1.77040594132
-1.7002378741
-1.67569607843
-1.67077261782
-1.72650921421
-1.65961403509
-1.7077002064
-1.75459356725
-1.62221551428
-1.62911111111
-1.64332333095
-1.67335687257
-1.70796491228
-1.73184898521
-1.71821895425
-1.75039078087
-1.68048503612
-1.69676691729
-1.71434810442
-1.69784461153
-1.80377261782
-1.69477713893
-1.71374455747
-1.71609929613
-1.71473958085
-1.64456680162


-2.08237839697
-1.97419865841
-1.88890952872
-1.91141423884
-1.83197867217
-1.79007361541
-1.69826831785
-1.66258267086
-1.65887834783
-1.60793636051
-1.61907258342
-1.56961211475
-1.55432146543
-1.53269435845
-1.61341331269
-1.62388441692
-1.58254093567
-1.61131803869
-1.65704202059
-1.57246066146
-1.64046324144
-1.57535775714
-1.61695552607
-1.57993034056
-1.58484544695
-1.53898520812
-1.62278959654
-1.5950647452
-1.59281087523
-1.57386704506
-1.55722755418
-1.61397073377
-1.56970467836
-1.68646228986
-1.61474853801
-1.66636884443
-1.60908204334
-1.62122875817
-1.57503508772
-1.71393569709
-1.62489805774
-1.62022797636
-1.58902648779
-1.59833834586
-1.56413106484
-1.60671826625
-1.58983006536
-1.59157394618
-1.60033510624
-1.63537942896
-1.59996646027
-1.57598606811
-1.57016069586
-1.60902521008
-1.58008513932
-1.60796800826
-1.63028636448
-1.61691933265
-1.61858079021
-1.56568145855
-1.64489455282
-1.53547076023
-1.60163642137
-1.59561342081
-1.61747740564
-1.6215875473
-1.58105263158
-1.62981986452
-1.60424622832
-1.58774259177
-1.61384612171
-1.61342801196
-1.62365700347
-1.60693498452
-1.61932163743
-1.66938022641
-1.52279618163
-1.56590918473
-1.55181699346
-1.58932231219
-1.59690311563
-1.53987960096
-1.55594771242
-1.62283900929
-1.58355847953
-1.57905263158
-1.64548658411
-1.55030134159
-1.58537095945
-1.59158462332
-1.60448434813
-1.61311354366
-1.57689026488
-1.58688250037
-1.63310735171
-1.6296304808
-1.57453653742
-1.65438272151
-1.54508978328
-1.64001995184
-1.56616836208
-1.63989806719
-1.59796560028
-1.5213500172
-1.60753525972
-1.65890694874
-1.56303842941
-1.60013789375
-1.64480839353


