-5.12472193775
-5.10970486325
-5.00880552424
-5.01490017459
-5.03735573759
-4.99321089091
-4.94604204007
-4.92709598456
-4.91588580559
-4.91202908499
-4.91541412804
-4.89721703501
-4.87789290079
-4.91363208897
-4.8881220854
-4.87474343192
-4.8786721412
-4.90184973937
-4.86173500987
-4.87795228185
-4.83855728336
-4.88080472245
-4.84102374419
-4.85948451896
-4.85267795546
-4.86827822798
-4.85168241495
-4.85913280152
-4.86130110612
-4.86150937236
-4.87906191476
-4.8586957233
-4.89756069534
-4.85598990636
-4.85534339304
-4.89153834388
-4.84460699742
-4.85780539807
-4.86946730322
-4.8732938908
-4.86649874311
-4.8794510505
-4.85689191754
-4.86394335171
-4.88727914808
-4.87787956627
-4.86188142975
-4.88249534917
-4.86539534877
-4.85248905009
-4.90137854549
-4.88138815304
-4.83678822748
-4.86362806849
-4.83954029107
-4.88843852206
-4.8942616518
-4.845775445
-4.86598699717
-4.8501046472
-4.87199369237
-4.87965642052
-4.87626114074
-4.85636813763
-4.86324780474
-4.84808391239
-4.87626229096
-4.85909206411
-4.86776294893
-4.89991425853
-4.8944299517
-4.84707246821
-4.86518160102
-4.8751270497
-4.8769716037
-4.8540631594
-4.83739420922
-4.85240032912
-4.87224267336
-4.85791881636
-4.86376398479
-4.86100583646
-4.84877654556
-4.8663526554
-4.88335573608
-4.86460187495
-4.85866213244
-4.85524940732
-4.84995669949
-4.87868023672
-4.87691688207
-4.86677299451
-4.88788064751
-4.85195857912
-4.87356674443
-4.90170863737
-4.87030743004
-4.84804038729
-4.87020600416
-4.86124498638
-4.91214637448
-4.86363145077
-4.84605084022
-4.89583918933
-4.90033986895
-4.8807082776
-4.8581125809
-4.86023874009
-4.8797146053
-4.8671164749
-4.86381358189
-4.87166692199
-4.8516674579


-5.07888928574
-5.07086172259
-5.00842981034
-5.01488946334
-5.00368230399
-4.95421954647
-4.94205505037
-4.92776477248
-4.91712727034
-4.899984562
-4.89625170663
-4.9248870545
-4.90578814965
-4.87214652127
-4.87172906055
-4.86189225642
-4.87689240166
-4.86075340503
-4.87259524674
-4.86919993306
-4.85267136758
-4.87285833281
-4.86278848082
-4.86098659268
-4.86289837539
-4.87982151999
-4.86334274228
-4.86217128074
-4.84916381773
-4.87838251486
-4.88227670937
-4.82839995555
-4.88118800466
-4.85796617615
-4.90006314033
-4.83647170383
-4.8784220561
-4.84285559403
-4.88500655288
-4.90463267311
-4.86877410598
-4.86075419529
-4.86721272717
-4.87025266199
-4.88088644412
-4.8827517544
-4.8691961227
-4.86639679022
-4.85722720561
-4.84213376021
-4.85665024624
-4.86511782539
-4.84317393171
-4.84265153021
-4.85785680135
-4.88845772689
-4.85121919086
-4.87128333719
-4.86155792115
-4.9083849861
-4.8782975933
-4.89130977374
-4.88625422062
-4.85205326625
-4.86787085581
-4.88148710343
-4.85896131455
-4.87592350551
-4.84352874589
-4.88310081117
-4.9050025576
-4.88371360261
-4.85023709887
-4.86972944969
-4.87401877703
-4.85153621811
-4.86151856321
-4.85417931772
-4.89595156137
-4.85362965726
-4.85957354165
-4.86847226429
-4.88174744486
-4.86879377921
-4.86593622035
-4.87701018201
-4.85180606751
-4.8857188565
-4.85830456926
-4.87368686666
-4.85528710874
-4.86239911257
-4.88270839724
-4.8618444722
-4.8672537376
-4.87554079918
-4.86706772372
-4.84912405673
-4.86072482112
-4.86168816319
-4.84013858755
-4.86003249353
-4.85966175733
-4.85125565089
-4.87784681616
-4.84112500216
-4.84569896295
-4.86229185247
-4.86395970126
-4.87127020349
-4.85342829439
-4.8652916905
-4.85533743746
-4.85731696359
-4.85374557193
-4.85494725979
-4.8946373035
-4.85644431198


-5.08929939401
-5.07625041228
-5.05715520387
-5.05397239313
-5.0254360054
-5.02472671725
-5.00576759273
-4.98430897819
-4.96323135081
-4.94090584608
-4.96316916983
-4.89052053505
-4.90170732743
-4.9124896187
-4.87165955493
-4.91820064934
-4.87214613494
-4.86396024709
-4.85366567113
-4.8396224574
-4.89029807713
-4.85642278106
-4.84653598986
-4.85025560667
-4.82709275323
-4.83920582987
-4.82314318127
-4.83679386269
-4.83663454245
-4.85082480342
-4.8514520258
-4.84170129927
-4.85685135022
-4.81730769303
-4.81735752286
-4.83206583542
-4.84796105359
-4.86073886949
-4.84439576496
-4.82099810116
-4.823934584
-4.81731117985
-4.84757512972
-4.84173076747
-4.83010446861
-4.84782412206
-4.84836662406
-4.81657743456
-4.81262142733
-4.8071905078
-4.81238868064
-4.84074793348
-4.84595108622
-4.83766138863
-4.83802968898
-4.82433532377
-4.85741662963
-4.84048137994
-4.82119258503
-4.83483690362
-4.86761144486
-4.83340204541
-4.81628124165
-4.84445639346
-4.82454742583
-4.81231180026
-4.84308581814
-4.86582769007
-4.82264490034
-4.843674131
-4.83876636551
-4.80664263436
-4.82130965427
-4.85734697251
-4.84991990989
-4.80204861129
-4.82368154035
-4.83498986917
-4.82197307283
-4.83155341644
-4.78642767835
-4.81951006212
-4.82776175341
-4.8423708118
-4.81433820688
-4.80314105159
-4.84318414561
-4.80218040359
-4.85129500404
-4.86921172392
-4.83984034495
-4.85502754898
-4.86951523112
-4.83368824892
-4.82530665926
-4.8113535046
-4.82418013558
-4.81014096558
-4.82739871737
-4.82488462432
-4.83368836476
-4.82869736855
-4.82688747102
-4.84141731614
-4.84349546638
-4.85893171571
-4.84501227221
-4.8179832617
-4.8185045352
-4.82784630438
-4.84198024259
-4.80517884607
-4.8384729925
-4.81993487942
-4.81852893177
-4.83481620948
-4.826013799
-4.8162170506
-4.83367765215
-4.8301681211


-5.08693519682
-5.0158753543
-5.05237692552
-5.04445076142
-5.00719014269
-5.0327807886
-4.99478865538
-5.02229812012
-4.9872469506
-4.96159232267
-4.95324560018
-4.98499248685
-4.94737744829
-4.93472438358
-4.93321641834
-4.9098653932
-4.9398020438
-4.91944143907
-4.92395975446
-4.93439697385
-4.92193831384
-4.93364073791
-4.9093948601
-4.92575549515
-4.92007923939
-4.91382534927
-4.9286875582
-4.93641710634
-4.95261731585
-4.93719704896
-4.95513103699
-4.93686443263
-4.91923004875
-4.94173968041
-4.95217754286
-4.90630825445
-4.93457312384
-4.95720056824
-4.93049684809
-4.96184736643
-4.91026754659
-4.91789695527
-4.94547336351
-4.93179967208
-4.96761567338
-4.94796272843
-4.93873958156
-4.90830363348
-4.92719926877
-4.89747354025
-4.92673779945
-4.93531030047
-4.91915944839
-4.93961766078
-4.92387931077
-4.90622152784
-4.93846113667
-4.94928080811
-4.94780621404
-4.95648862491
-4.94094008072
-4.92340372871
-4.933277481
-4.94749734744
-4.90736296838
-4.94309473738
-4.94266883075
-4.92405262993
-4.90501413272
-4.92192998113
-4.93806068064
-4.96028080557
-4.91315362934
-4.92375414148
-4.92612714455
-4.93250116169
-4.93283255627
-4.92575963844
-4.94627386509
-4.93251351921
-4.92205381238
-4.94122797249
-4.92929229484
-4.91904300427
-4.92754520478
-4.90829778372
-4.91015625678
-4.92190384318
-4.93385228136
-4.91718188742
-4.95350732873
-4.95478030825
-4.94516852394
-4.92459563035
-4.93163905238
-4.91976455036
-4.93831443409
-4.93398326127
-4.92395924725
-4.93453255946
-4.91846986744
-4.92889878898
-4.95478595058
-4.9542695765
-4.95741177332
-4.93604470677
-4.93728666134
-4.9194465308


-5.13735180972
-5.06657820577
-5.04346105456
-5.01010584544
-4.99925827947
-5.02516635677
-5.01242723683
-4.95976854137
-4.92599327952
-4.91144637736
-4.89880688771
-4.88120268766
-4.81525974674
-4.7944436298
-4.80999452906
-4.76360315696
-4.770636651
-4.76922551473
-4.75552350599
-4.76265963025
-4.78192470782
-4.76220082891
-4.76929243798
-4.75974254634
-4.73272902097
-4.7495060122
-4.75229236145
-4.75783927061
-4.75537309908
-4.75894703166
-4.73188655201
-4.70452217243
-4.73850049223
-4.76432698692
-4.74332450995
-4.74091945905
-4.76184096497
-4.76622698726
-4.73581325164
-4.75781528229
-4.74377125838
-4.74603463502
-4.77795114577
-4.75474543281
-4.72932940045
-4.75255096499
-4.73807149058
-4.75867186718
-4.76786904097
-4.74938634754
-4.74915684524
-4.7583870617
-4.76851001264
-4.77202282863
-4.75476492845
-4.74507807799
-4.76709898268
-4.74882422252
-4.75971939154
-4.7563988857
-4.77682146465
-4.75603235498
-4.72291763853
-4.76199041353
-4.77232181372
-4.74480843932
-4.7550781538
-4.75764062093
-4.73262202178
-4.75099919372
-4.74287975298
-4.75289317397
-4.73990859752
-4.75434957195
-4.73950232548
-4.74788987026
-4.76615899402
-4.74593587817
-4.74673057047
-4.80672622951
-4.74809552716
-4.73619257144
-4.73566191298
-4.74124676755
-4.72133536745
-4.7914678856
-4.74671464644
-4.75746509068
-4.75068427648
-4.75310741135
-4.7530959764
-4.79387876525
-4.74243099766
-4.77100182748
-4.74120298932
-4.75704792245
-4.73965844515
-4.76009747543
-4.76157379683
-4.75153448461
-4.75008831534
-4.75711775933
-4.74855130787
-4.74159914215
-4.76732389946
-4.74787807354
-4.76664077402
-4.7372785864
-4.76189277296
-4.76864210571
-4.72360215615
-4.74599849461
-4.74175934041
-4.76356042376
-4.74429671958
-4.75107505271
-4.73173640441
-4.76280437191
-4.76914556638


-5.09202768316
-5.01358571979
-5.02592586882
-4.98503382418
-5.01531747667
-5.02423301751
-5.00249799484
-4.99690795763
-4.97300646586
-4.97185560582
-4.94384782182
-4.95637846997
-4.92345752945
-4.92985520257
-4.91998294783
-4.88521691635
-4.8804101587
-4.86086680343
-4.91003800053
-4.87134418876
-4.84720621854
-4.88127383207
-4.85435564012
-4.86790799235
-4.89048917593
-4.86889784046
-4.86278738986
-4.86646468133
-4.89884561587
-4.85185246118
-4.88677797053
-4.88674603803
-4.87620731869
-4.86316684352
-4.86767799826
-4.89196009105
-4.85913153134
-4.87414511823
-4.87749585612
-4.8712615928
-4.82236855459
-4.88794220143
-4.87312501833
-4.88525617362
-4.87736480502
-4.86764783468
-4.86469772467
-4.86478269535
-4.85091718922
-4.87209295809
-4.87199948068
-4.88350344902
-4.88926680791
-4.87206953898
-4.87397590313
-4.86528799624
-4.87756475496
-4.85377566737
-4.86157111026
-4.85458723275
-4.86820838619
-4.8677519844
-4.87935412731
-4.86417980524
-4.88630654183
-4.8528610529
-4.85050163269
-4.83855210457
-4.84064237972
-4.86914281637
-4.85846253484
-4.87188249148
-4.86708315226
-4.87061930866
-4.86743779146
-4.87645514995
-4.86044116608
-4.86759920615
-4.86073641081
-4.89254378383
-4.8663096063
-4.85544061516
-4.84636874781
-4.84503792005
-4.84897990916
-4.86916876296
-4.85715316243
-4.85356496086
-4.87493343017
-4.85230011386
-4.90428552157
-4.84398806268
-4.87341791243
-4.87156598171
-4.86146925753
-4.87065239409
-4.84185291253
-4.85123077822
-4.85437773803
-4.86170315034
-4.85046642147
-4.87707039036
-4.8505010737
-4.89281297101
-4.86241662515
-4.83732695718
-4.87548438644
-4.86660705751
-4.84905315107
-4.8518791803
-4.86645153482
-4.85278646944
-4.85803330629
-4.86998063894
-4.85771986353
-4.8626382598
-4.86213046532
-4.86115251831


-5.11092214043
-5.08398655076
-5.0771248719
-5.05506800229
-5.03572795815
-5.06501371737
-4.98667122846
-4.94345378317
-4.93966196016
-4.93972113102
-4.91367229338
-4.91980177515
-4.89611426329
-4.88828246207
-4.86093365249
-4.87293757513
-4.89739198925
-4.86239754634
-4.88490573697
-4.88899112124
-4.88634923158
-4.86347148521
-4.88639866895
-4.90625909659
-4.87920122804
-4.88964696772
-4.9098678223
-4.85879751827
-4.90590315979
-4.88617691808
-4.88344074615
-4.8935504758
-4.89182826114
-4.87029908358
-4.87648837034
-4.89741000289
-4.88854975243
-4.87302070348
-4.87517962912
-4.92802671334
-4.88572828364
-4.84522375553
-4.87746491231
-4.87836957245
-4.89547454344
-4.88993710253
-4.89003447906
-4.88520143965
-4.86072335965
-4.89070755394
-4.88481438791
-4.86794393928
-4.88443456391
-4.88546750094
-4.86686384404
-4.87093819845
-4.86761113347
-4.8875103533
-4.88182975384
-4.90246527192
-4.87476783573
-4.89749338344
-4.87570488753
-4.93088975956
-4.90347685442
-4.88196941192
-4.88127880775
-4.8829215399
-4.87435185791
-4.89008751041
-4.91288382142
-4.88746153932
-4.88070695361
-4.87486485142
-4.89322703463
-4.88470381428
-4.88723904365
-4.88705643006
-4.86975496101
-4.93259000225
-4.84907158078
-4.90222791288
-4.89661416983
-4.85962356282
-4.87527042306
-4.85225035668
-4.87770235096
-4.89779214123
-4.8956953189
-4.86467586017
-4.87534962776
-4.87742843024
-4.91025949214
-4.89285302756
-4.87321178389
-4.89938414068
-4.87513115406
-4.88129403571
-4.86064558313
-4.91808407403
-4.89894355038
-4.8822558556
-4.89721725777
-4.86070873311
-4.90266171189
-4.91277712046
-4.86978223003
-4.88655594832
-4.89874491416
-4.92299338466
-4.88340472497
-4.88576677396


-5.08272466015
-5.06847695384
-5.05855831759
-5.07161169304
-4.97270521518
-5.00192581716
-4.97354007066
-4.90190501951
-4.91931238579
-4.89622731667
-4.88331424343
-4.87708336297
-4.84120929215
-4.88841042108
-4.84687231503
-4.84366839298
-4.88284584096
-4.8342415137
-4.83129306955
-4.86170634274
-4.84642391173
-4.82867946761
-4.84611087965
-4.8276217789
-4.8694745124
-4.85969847392
-4.85998938993
-4.83373359324
-4.85870578179
-4.85711919161
-4.82995370286
-4.84265617152
-4.81312940164
-4.86766048172
-4.83504736031
-4.8653985486
-4.8724435691
-4.865708833
-4.84166971699
-4.80887911245
-4.83355871178
-4.83355275554
-4.83453466557
-4.87785052711
-4.84493037456
-4.85816324816
-4.86667151916
-4.86364596033
-4.85146630753
-4.8466778433
-4.83921531975
-4.83324593149
-4.84019886768
-4.85437664679
-4.84967936473
-4.8651448538
-4.84244186501
-4.82127477065
-4.83256113714
-4.86366324467
-4.84894096537
-4.84570585422
-4.83178826198
-4.82958992256
-4.87547795705
-4.84893608801
-4.85133557241
-4.82627156809
-4.82340006158
-4.86396604659
-4.8552926923
-4.84538137132
-4.82288156501
-4.83834169559
-4.85289370902
-4.82794029897
-4.82230847688
-4.8303581373
-4.89333222471
-4.85808575745
-4.83273778029
-4.86591337948
-4.81054909192
-4.85025300687
-4.83882847099
-4.86850618792
-4.83118911992
-4.82214936522
-4.8572363008
-4.85903775098
-4.82948230816
-4.81420697366
-4.84104750271
-4.85721847679
-4.87261682578
-4.81500710265
-4.8430315186
-4.84861817972
-4.82917916248
-4.8403292775
-4.83546457465
-4.85076329681
-4.83878429522
-4.85006638796
-4.84039480539
-4.86081298093
-4.85649780782
-4.87996144814
-4.86535022795
-4.83516025744
-4.83215547692
-4.84091781265
-4.86197554674
-4.85258658942
-4.86115980914


-5.11105555214
-5.05175045993
-5.05698012429
-5.01284150079
-4.97964518935
-4.97386423917
-4.96013723295
-4.93805227524
-4.89051404918
-4.85003944126
-4.88255636232
-4.85249231099
-4.78951080607
-4.83171537573
-4.79587001179
-4.79747110204
-4.79943542091
-4.77937064619
-4.80251725593
-4.80230957333
-4.76869580178
-4.78382337355
-4.78914919072
-4.7914037396
-4.79322182944
-4.81681783516
-4.77496916231
-4.80128197516
-4.80178892386
-4.80243291077
-4.78058644209
-4.79460747088
-4.79178288004
-4.76558827966
-4.78478756297
-4.80196572228
-4.79029303014
-4.8137239642
-4.76082923661
-4.77635222139
-4.80585883775
-4.81407782522
-4.80419539192
-4.78925691058
-4.7932884405
-4.79684090256
-4.79819987833
-4.80178789793
-4.78908930426
-4.79627949407
-4.82055666008
-4.83893596732
-4.79202024549
-4.80508132867
-4.8136568303
-4.80298647613
-4.7857280526
-4.80738225829
-4.77799296241
-4.79490200389
-4.83353249208
-4.79056953346
-4.79682015698
-4.8012974066
-4.81381483511
-4.78123240204
-4.80073607776
-4.8089940642
-4.79520349168
-4.78291974788
-4.78807981829
-4.79150718443
-4.78547415563
-4.7928712058
-4.77978161639
-4.76615812323
-4.80145409773
-4.78408456359
-4.7843402132
-4.79210782469
-4.79167830407
-4.78233408575
-4.82734254788
-4.78692236258
-4.80170524071
-4.8040842423
-4.78037643421
-4.81603632734
-4.80505225153
-4.79572102725
-4.8025833937
-4.82555284361
-4.80042543251
-4.79373545251
-4.79274338227
-4.80189553136
-4.78744096905
-4.81320333691
-4.81393319098
-4.796730916
-4.76881710585
-4.791126636
-4.82263412935
-4.76418671076
-4.8010817474
-4.79888278634
-4.81203550762
-4.78990558625
-4.79136263838
-4.81018455907
-4.79984730249
-4.7823217647
-4.77472037986
-4.78440100477


-5.08636479512
-5.05217619729
-5.05467485831
-4.99509313981
-4.98056829436
-4.97196720909
-4.9297438537
-4.94875777144
-4.91419075597
-4.90409872002
-4.92835313506
-4.87187870899
-4.91897176436
-4.85477563472
-4.91322884029
-4.88608532966
-4.88088977842
-4.88189538021
-4.90406322493
-4.90411230871
-4.8952876821
-4.881230559
-4.89935331587
-4.88239352259
-4.8848808491
-4.89110925776
-4.90120907744
-4.88560991159
-4.89005642699
-4.88464401806
-4.88847215869
-4.90367512714
-4.875341288
-4.90654289186
-4.88120740432
-4.88095882552
-4.90001267973
-4.8960431947
-4.89420013215
-4.87695910332
-4.90595427689
-4.89203356164
-4.87166308551
-4.89611103084
-4.9207648819
-4.91713229639
-4.89823165777
-4.87633870961
-4.90198413662
-4.87626215046
-4.89847792587
-4.90608160512
-4.9204833111
-4.88639742544
-4.89112008456
-4.87813733349
-4.89084189205
-4.89282520274
-4.89759685119
-4.86638977666
-4.88592989229
-4.88438049271
-4.91002706486
-4.89466409425
-4.8786276031
-4.88402537408
-4.88641322275
-4.87287256216
-4.91227479998
-4.91597096108
-4.90181623003
-4.89549451215
-4.88260329463
-4.88761758293
-4.89247093202
-4.86653412112
-4.90723410679
-4.88359215157
-4.88679116619
-4.86464368593
-4.9145052102
-4.92314452398
-4.88170074003
-4.90196628076
-4.87442003921
-4.85508669984
-4.91770036401
-4.88735530993
-4.88155976778
-4.89051134994
-4.8866226529
-4.88307352448
-4.88344588839
-4.89254441475
-4.89643149453
-4.89594686626
-4.87373403337
-4.88056508497
-4.88250076022
-4.91326734558
-4.88296149158
-4.88670250287
-4.90056523471
-4.87207964884
-4.90112842687
-4.88754082196
-4.86984859071
-4.8955596343
-4.8563832094
-4.88735355371
-4.91993934339
-4.89244606162


-5.08706288202
-5.09050328741
-5.0483232205
-5.0210835288
-5.03753812726
-5.01949567589
-5.02444588923
-5.00011938109
-5.00401889805
-4.97917910062
-4.9217513834
-4.90561011877
-4.85920027584
-4.8691583368
-4.82465672594
-4.80930847521
-4.82451268336
-4.78583247618
-4.75691243512
-4.76836297985
-4.75672694176
-4.76778441048
-4.75856076256
-4.74525711349
-4.76253690885
-4.75099491518
-4.75750017685
-4.76981024544
-4.74952688057
-4.73882800713
-4.77419700082
-4.7845551517
-4.80068861967
-4.75036636719
-4.77390011857
-4.75275841659
-4.79058193923
-4.76301581336
-4.7800752203
-4.79060381622
-4.75526029985
-4.76504327941
-4.78076438989
-4.78113384165
-4.75820890683
-4.74161976612
-4.73815559697
-4.78616697433
-4.77494891183
-4.75625421224
-4.75689526966
-4.7671727908
-4.79774660943
-4.76493355479
-4.77234956958
-4.7586058648
-4.76695937463
-4.74952822138
-4.76794776576
-4.74336981391
-4.74432762349
-4.7601295093
-4.76493003411
-4.77322271721
-4.78899559485
-4.76409624053
-4.74170521471
-4.7632447635
-4.77702970721
-4.74960913168
-4.77775777498
-4.75851484772
-4.75062696751
-4.75695045023
-4.76041257397
-4.75002013206
-4.75383573632
-4.7584295419
-4.77710731314
-4.79096295749
-4.76423034732
-4.76552909949
-4.75850298141
-4.75851828542
-4.75229451137
-4.7594074808
-4.74817134052
-4.7539643013
-4.75134290387
-4.73980261046
-4.74981567351
-4.77942608185
-4.78628617759
-4.74615682503
-4.74958708828
-4.77675222062
-4.74102751103
-4.77361919785
-4.76568137583
-4.74446142201
-4.75426717827
-4.7616788535
-4.76496116657
-4.76002832408
-4.76506264434
-4.75094358632
-4.74520811066
-4.77182101204
-4.75992788529
-4.75112164311
-4.76928374085
-4.78291137655
-4.76130237939
-4.73783626079
-4.7659620732
-4.76082781959
-4.75664814623
-4.75248446317
-4.77578627341


-5.09666152018
-5.06010011779
-5.06367654008
-5.03307661276
-4.98684494303
-4.93644084704
-4.93159077358
-4.91287195701
-4.90786208031
-4.86989367199
-4.88196161473
-4.86520177555
-4.85431810428
-4.8574977429
-4.87964084238
-4.8822628277
-4.87403584888
-4.83964332243
-4.8690225483
-4.83103225652
-4.86843514996
-4.84033191827
-4.85814737949
-4.88351986111
-4.84604598291
-4.84718570857
-4.86000214004
-4.83832528161
-4.8506752362
-4.84610200451
-4.85811721556
-4.85237768536
-4.86166308409
-4.86832285042
-4.8901417773
-4.88099295707
-4.8828605931
-4.8632975635
-4.88222189409
-4.85903800605
-4.84729772675
-4.84614441898
-4.84937555969
-4.86079707386
-4.85343989439
-4.84182476554
-4.8620664439
-4.88457350117
-4.87167045831
-4.85873906392
-4.84934251009
-4.86003640223
-4.84635368514
-4.83700292841
-4.82507484033
-4.85801794915
-4.85934674946
-4.86980212664
-4.87890662781
-4.86475504908
-4.85367867357
-4.86737349231
-4.86394453808
-4.87322727536
-4.86025654712
-4.8906733573
-4.87137694012
-4.87654138542
-4.85135793345
-4.86853058703
-4.86158344297
-4.85676212828
-4.86777781345
-4.83115441494
-4.87872735216
-4.87146879276
-4.8527986955
-4.87503055527
-4.87819145663
-4.86969202116
-4.86540823268
-4.8499238068
-4.84702803436
-4.87733789588
-4.87950506924
-4.86511596302
-4.86692798949
-4.85759876629
-4.87299520285
-4.85796250595
-4.84683879773
-4.85745300347
-4.87877739845
-4.88093956137
-4.88078947103
-4.87387278386
-4.87551248037
-4.86696801618
-4.84723756246
-4.86061589805
-4.83122632471
-4.86874375796
-4.85514342333
-4.87386765401
-4.86112743216
-4.8533812855
-4.85247307774
-4.86694337228
-4.88319430613
-4.87112760749
-4.8639283091
-4.86795190015


-5.12790634916
-5.05069770944
-5.06993906614
-5.03026644306
-4.98437377021
-4.99799192972
-4.96208757341
-4.96380732252
-4.92876828867
-4.91660631364
-4.92328421581
-4.93534768978
-4.89983408588
-4.88140861647
-4.86541055691
-4.90196638912
-4.88196249597
-4.87093730176
-4.85890036754
-4.87055777821
-4.86630549213
-4.8668483935
-4.87759545852
-4.85864646012
-4.89310774901
-4.87502266705
-4.86306025115
-4.86018596459
-4.85122936848
-4.84943241441
-4.85561496984
-4.87190389215
-4.86247714285
-4.86269895841
-4.83813272797
-4.87723228219
-4.8440140523
-4.86146272128
-4.84957247567
-4.85692229427
-4.8956715783
-4.86534856979
-4.83912964626
-4.87630372994
-4.8640183815
-4.85678355827
-4.85968286061
-4.91379486966
-4.8681681775
-4.89394362046
-4.89979292725
-4.88608673337
-4.86431843544
-4.85113889119
-4.86305353693
-4.85084940512
-4.88073422353
-4.86407557317
-4.87423136986
-4.90125728071
-4.88647596153
-4.8499052447
-4.86074564452
-4.86032963185
-4.85701047143
-4.85793933826
-4.85507349038
-4.87740938537
-4.85738920503
-4.87950834549
-4.90176308673
-4.83356293258
-4.86066227309
-4.87692552439
-4.85055592695
-4.86862230133
-4.85141400363
-4.85550544072
-4.86023124235
-4.87292947183
-4.83242784354
-4.88506927958
-4.89585962717
-4.85309647613
-4.87599839378
-4.84727011323
-4.86875550687
-4.85680031147
-4.85417155737
-4.84655306202
-4.87692458668
-4.86849483006
-4.85852720383
-4.87309348787
-4.86396847041
-4.88059155514
-4.84935637749
-4.89427445614
-4.85103230703
-4.87931875097
-4.86447338154
-4.85552000464
-4.85595739791
-4.85925321561
-4.87887882125
-4.84371913923
-4.87990064527
-4.84601425301
-4.86107075298
-4.90345399771
-4.86459296886
-4.86704900664
-4.86832319724
-4.87556451779
-4.87627363054


-5.08601325594
-5.07614285583
-5.04293943238
-5.01835513924
-4.96728798112
-4.93996269063
-4.93977110811
-4.92939064626
-4.86693621296
-4.83344833972
-4.81876125963
-4.81143564702
-4.80481258598
-4.80230738497
-4.79200454773
-4.7910167633
-4.80360351666
-4.78513895928
-4.79308754497
-4.79742652373
-4.77388378494
-4.81839059698
-4.77320808715
-4.76759890428
-4.81617716393
-4.78604138447
-4.78779146321
-4.79197290541
-4.78147364251
-4.81091264409
-4.79643934976
-4.80938610035
-4.82618331191
-4.76713629022
-4.79672532797
-4.77630246618
-4.8159199587
-4.79758074982
-4.81022025593
-4.79590991435
-4.7836266655
-4.81061321907
-4.83879513233
-4.78056842861
-4.80275511298
-4.80330301459
-4.76305035722
-4.79727722858
-4.82293331995
-4.76729878162
-4.79267516617
-4.79080537883
-4.80059060734
-4.79456509908
-4.80673072945
-4.80907174846
-4.78986062653
-4.78941044103
-4.79522703993
-4.77965249386
-4.76599600894
-4.82280034873
-4.80971372584
-4.78257871796
-4.78834082746
-4.80941554254
-4.79723215691
-4.80154492876
-4.7920410032
-4.78378903169
-4.78347460637
-4.82833928796
-4.77456415914
-4.79018525236
-4.77370711608
-4.83073220279
-4.78808744327
-4.79148851626
-4.77830915037
-4.82078232537
-4.78938396036
-4.79082430258
-4.78240107416
-4.80540437693
-4.79296055857
-4.77508816008
-4.80133992102
-4.79119979087
-4.77963456295
-4.81072404134
-4.80170553541
-4.77578631791
-4.80300896612
-4.78910596096
-4.77276897125
-4.77917658143
-4.79155974921
-4.79341237871
-4.78163879779
-4.81035110896
-4.79109927373
-4.82007621366
-4.81579641756
-4.79093605468
-4.80466767764
-4.80800571469
-4.7934438224
-4.80719475957
-4.79016349719
-4.79549804611
-4.77470055658
-4.78644293551
-4.78446183107
-4.80276967012


-5.10568544806
-5.04104273939
-5.01733586135
-4.99161363269
-4.97300311314
-4.98424660213
-4.94790431244
-4.94011225302
-4.92131094765
-4.93155830019
-4.90070595525
-4.8927819767
-4.89043044326
-4.88959264985
-4.84430124378
-4.85449534541
-4.86381770141
-4.86928697924
-4.84127197224
-4.81419073187
-4.84694266389
-4.83585061384
-4.82692507361
-4.86450960178
-4.84961771293
-4.85410358668
-4.83855825094
-4.86852961033
-4.83419771552
-4.84711542488
-4.85606473896
-4.85856313738
-4.81499713754
-4.83001785549
-4.82775864177
-4.84528007387
-4.85782779174
-4.85028647412
-4.88449171786
-4.82440886148
-4.84524153422
-4.84004787195
-4.859724903
-4.8600062182
-4.84769105834
-4.81844499465
-4.8364750539
-4.8336987536
-4.83520679134
-4.83050893569
-4.87070811621
-4.85621926071
-4.82791667455
-4.84191771643
-4.83693951755
-4.83856434378
-4.86004595912
-4.84272358316
-4.84632924217
-4.84245324597
-4.84537959071
-4.84081635879
-4.85506832041
-4.81834835719
-4.84458605612
-4.84917353214
-4.86331284704
-4.85049534784
-4.87713225091
-4.82925998946
-4.84778696156
-4.83207717251
-4.8464446285
-4.84395155779
-4.82083856926
-4.84369074973
-4.83801000776
-4.83514007074
-4.81922261151
-4.84175170155
-4.83528302972
-4.83158538176
-4.81632514587
-4.85167221711
-4.82382204375
-4.84348586953
-4.85200199877
-4.8320307381
-4.85181199861
-4.83205941724
-4.85514271831
-4.81854603855
-4.84726466411
-4.855489711
-4.84259121381
-4.82649038829
-4.84495245203
-4.82883947286
-4.83746732866
-4.82764422573
-4.84768326239
-4.83294776745
-4.83247017524
-4.83160160321
-4.83109063577
-4.84459338867
-4.85324717201
-4.84525928204
-4.83800580477
-4.83134003699
-4.82281191613
-4.85952509782
-4.85420581586
-4.81778988003
-4.83008286409
-4.83381570602


-5.08076380762
-5.06887336671
-4.98059763074
-4.96941213634
-4.98967327322
-4.97653259269
-4.96701449749
-4.9498292116
-4.92499842652
-4.90120832816
-4.92839617812
-4.91609549757
-4.91593134395
-4.90252207759
-4.86710453316
-4.87672900558
-4.89802482849
-4.92244645135
-4.90255208978
-4.89952858337
-4.90252416244
-4.90205053368
-4.87865248937
-4.87705039259
-4.90490741943
-4.91741784584
-4.91227719803
-4.89422651004
-4.8651641719
-4.89855096361
-4.89655070051
-4.90132979667
-4.90773120264
-4.86102706712
-4.89266409471
-4.89531473016
-4.86096555865
-4.87107372584
-4.91344913343
-4.91744564518
-4.9125353561
-4.89448366145
-4.92864647032
-4.87583395424
-4.90252933169
-4.89554535431
-4.89344208818
-4.90291501584
-4.89983922727
-4.88868415411
-4.89533050353
-4.8900998141
-4.89556674828
-4.89197693256
-4.89238404602
-4.89239208809
-4.90285174377
-4.91577475549
-4.88487716419
-4.88761175962
-4.86611485245
-4.90577875628
-4.91596497184
-4.90616851875
-4.91507063116
-4.87626168314
-4.87625795463
-4.90976494983
-4.89170860074
-4.92818868316
-4.90576468627
-4.90194266934
-4.9066671635
-4.88745287014
-4.87997644647
-4.9021886614
-4.9027782914
-4.89398667675
-4.88468335094
-4.88440137019
-4.90889396213
-4.90442614873
-4.91952992891
-4.8657325139
-4.88879659517
-4.88729350798
-4.900827814
-4.88711762816
-4.89476362557
-4.88805285973
-4.90688719516
-4.88846232023
-4.87735024416
-4.91386580432
-4.88203070194
-4.89790282237
-4.88816439783
-4.88271628582
-4.91018265668
-4.90333618555
-4.8824072806
-4.89032615511
-4.90838498137
-4.84412495577
-4.8757756331
-4.90228551554
-4.89287763703
-4.87998708501
-4.89923091718
-4.89091739389
-4.90635469138


-5.1354164333
-5.10044680466
-5.04208375984
-5.04200177605
-5.0029963236
-4.96174903224
-4.96523701715
-4.99255197616
-4.95522804222
-4.95414387545
-4.90097381266
-4.92892991948
-4.9086667002
-4.89463835209
-4.86367979906
-4.87266564917
-4.86616415897
-4.87369328639
-4.89342689023
-4.89048268505
-4.90989624235
-4.88196735497
-4.8678739547
-4.85713664472
-4.87917205746
-4.86984093947
-4.85582801126
-4.87987673173
-4.88378864387
-4.86717457231
-4.85951041086
-4.88164037262
-4.91424796926
-4.89006825343
-4.91912944132
-4.87333592529
-4.85186445162
-4.86797248894
-4.83942478761
-4.88778067625
-4.84331224349
-4.87957814278
-4.86843813801
-4.86699520873
-4.88227525599
-4.86122975811
-4.88505993668
-4.90004192499
-4.90281049803
-4.87521433619
-4.87661905275
-4.85575716273
-4.88384497731
-4.86648032669
-4.87172122261
-4.90647637472
-4.87639655508
-4.86293758204
-4.87184088364
-4.87773640905
-4.89433162766
-4.85834856834
-4.87913829279
-4.86803922471
-4.85993785188
-4.88170833312
-4.85311798701
-4.86257455475
-4.87532986645
-4.86500752334
-4.86370845789
-4.8996287081
-4.87391495102
-4.88716318239
-4.88015551093
-4.85645623589
-4.86954208613
-4.89867631527
-4.86630397455
-4.89665060454
-4.9140802499
-4.89382326072
-4.88630793457
-4.87685149759
-4.85230756681
-4.85400630744
-4.89417122444
-4.85145944428
-4.89331942014
-4.86389414813
-4.86673649417
-4.85965559607
-4.87469076366
-4.86449789403
-4.90649194652
-4.8551397897
-4.85987310177
-4.86443507463
-4.84874735873
-4.85075927939
-4.88469241656
-4.85626692406
-4.86520450526
-4.87911663148
-4.8499621891
-4.88141113075
-4.87458916596
-4.89074845984
-4.90482344444
-4.86938087329
-4.88656664886
-4.87748181329
-4.8721873737
-4.86374744715
-4.88308590932


-5.04659965469
-5.02800807822
-5.00853359695
-4.96394552527
-4.9391976732
-4.95929235427
-4.93135332762
-4.95091778548
-4.91799949881
-4.91856692663
-4.87461122979
-4.88306598365
-4.89517620839
-4.85250916352
-4.84212093362
-4.84789370288
-4.86920801875
-4.83563890064
-4.83833377607
-4.8422477257
-4.85523636374
-4.84926781796
-4.85547993336
-4.85481683129
-4.84891654448
-4.84338410424
-4.86646573661
-4.86438147226
-4.83445250658
-4.8496759299
-4.8721683828
-4.87311896064
-4.8672813051
-4.8592475678
-4.86754037532
-4.85213950509
-4.8532395159
-4.86143483777
-4.83541915559
-4.84359361365
-4.85824076961
-4.86696652462
-4.85608809745
-4.88172581031
-4.86329867588
-4.8586870206
-4.86696265429
-4.86025844929
-4.86055790887
-4.83366478234
-4.86012827598
-4.85471373078
-4.85054090801
-4.8644901053
-4.8378353937
-4.8569389908
-4.87139288813
-4.84531231243
-4.86701985818
-4.86350214625
-4.86424132677
-4.8584332955
-4.87407798399
-4.88910607384
-4.81414841124
-4.85100039644
-4.84271845903
-4.8644210804
-4.85564646046
-4.83905402832
-4.8782272009
-4.86482802194
-4.850204171
-4.86341108948
-4.85654157868
-4.82780791887
-4.83857104757
-4.87127500958
-4.85700917618
-4.85236016907
-4.84533362051
-4.83700753375
-4.85902999578
-4.84929553852
-4.87053397686
-4.87868041536
-4.84024575641
-4.82799839015
-4.87194558248
-4.84475032325
-4.8582216554
-4.83513315756
-4.83963694912
-4.8840672617
-4.88379315885
-4.86420585014
-4.86428786869
-4.85747028143
-4.85470774571
-4.86808259824
-4.82373452834
-4.85015771041
-4.85645551741
-4.87365513602
-4.85498075439
-4.84929356078
-4.88225103222
-4.84696287396
-4.84714197373
-4.84588754371
-4.85930497787
-4.8837781902


-5.10818675875
-5.0747130156
-5.04251355851
-5.02858581219
-4.98012856182
-4.93908403052
-4.92022348974
-4.90138273684
-4.84773103611
-4.84793435825
-4.83809644127
-4.84938954489
-4.84501428928
-4.84820374003
-4.8508114548
-4.81111446447
-4.8555950693
-4.86040194063
-4.82203565985
-4.83551514218
-4.83366999738
-4.87447728563
-4.84057307838
-4.82747258713
-4.86147163919
-4.82299511281
-4.83847274439
-4.83655887595
-4.82324473559
-4.84777642431
-4.8505945854
-4.81622146045
-4.84677283512
-4.80267584096
-4.84144000373
-4.82099344041
-4.88591799444
-4.82392565659
-4.82308058703
-4.84851652879
-4.8473499128
-4.83994365254
-4.83657164164
-4.81552466582
-4.84573258486
-4.83429355738
-4.81413798374
-4.81760098708
-4.82666982959
-4.83223945229
-4.82292802411
-4.81492345755
-4.83357970352
-4.84936437835
-4.8498062746
-4.84965500777
-4.84173584152
-4.84017098969
-4.8332778078
-4.84504000751
-4.8641825012
-4.84365849565
-4.83726033692
-4.84011521063
-4.83271242193
-4.84222148268
-4.83898000303
-4.85474115358
-4.82139803785
-4.85406220575
-4.84647033924
-4.81378982133
-4.84700353993
-4.8459595245
-4.82406668205
-4.86190876762
-4.84408615937
-4.84120537861
-4.81735818681
-4.83574102184
-4.87483703922
-4.84336574573
-4.84810892153
-4.84449462431
-4.82628924275
-4.84767299073
-4.83274533954
-4.85428721997
-4.83845105074
-4.83856134249
-4.82510293229
-4.843215452
-4.831497955
-4.8337758871
-4.83553715228
-4.84385142431
-4.82300369123
-4.86757240205
-4.82926581844
-4.865512138
-4.81360522948
-4.83255297457
-4.81580731152
-4.83442854291
-4.83828608824
-4.84573389629
-4.82579008646
-4.84527618082
-4.84281671491
-4.84622524101
-4.83291895109
-4.81310645804


-5.12105116642
-5.03554163308
-5.01805552754
-4.98680879608
-4.98836969508
-4.95691548722
-4.92865173469
-4.9174312396
-4.89317429844
-4.91733748259
-4.88877034747
-4.88590841275
-4.88909629225
-4.91251900968
-4.88754442646
-4.88357659704
-4.86598194134
-4.88135695693
-4.88242630022
-4.87312911639
-4.8812832854
-4.87090595806
-4.87595273395
-4.89500318095
-4.89216152507
-4.8740030368
-4.87447766424
-4.89383934957
-4.89336796241
-4.86552034214
-4.88182300868
-4.87396980382
-4.89595901885
-4.88309949503
-4.87316903855
-4.88458268706
-4.88728525074
-4.84980177968
-4.90039367963
-4.88371317454
-4.87037216213
-4.88081940327
-4.88553185992
-4.86994739369
-4.87359754143
-4.90158110603
-4.85933191443
-4.89698863886
-4.88631049082
-4.88625416405
-4.85572257145
-4.85381569749
-4.89148236464
-4.87008808406
-4.88687992469
-4.88162836747
-4.884992139
-4.86889066788
-4.88372400864
-4.86933620794
-4.8720015302
-4.89290454666
-4.87654930409
-4.87037759831
-4.86922727474
-4.87256365621
-4.88943186098
-4.8786156239
-4.89520567651
-4.87854182112
-4.88045649523
-4.88232751978
-4.88362062243
-4.91040929041
-4.88366569702
-4.89255046226
-4.90195908848
-4.89575368644
-4.89247178506
-4.87569361017
-4.86631789965
-4.8928627985
-4.87973538689
-4.87473376072
-4.89836494348
-4.86496436461
-4.90367473855
-4.88286232922
-4.88734522306
-4.90160358135
-4.86367433795
-4.88583155793
-4.88612298913
-4.91540741439
-4.88000850455
-4.90014591065
-4.88175165865
-4.89822934239
-4.87353791353
-4.86525263276
-4.87784112671
-4.88575501928
-4.93990773197
-4.87822190817
-4.88582782915
-4.90659150814
-4.88085627063
-4.88826813792
-4.90455158122
-4.88012173752
-4.90163936132
-4.89536857148
-4.90577027023


-5.10069236474
-5.03587732084
-5.00543891408
-5.01316420713
-5.01092643866
-4.96899078725
-4.95206498804
-4.86144888451
-4.87502462473
-4.85896090741
-4.85542950751
-4.81609195451
-4.81165202465
-4.84296285026
-4.83214523515
-4.82950744305
-4.81569386462
-4.81683512448
-4.81092099799
-4.78932087812
-4.79391082289
-4.80103479496
-4.80551849704
-4.82449368325
-4.82634134223
-4.82662072247
-4.78824825679
-4.80151030708
-4.80778054419
-4.80871827686
-4.77490403892
-4.80856052012
-4.77390552768
-4.80289539735
-4.79028503129
-4.80982630048
-4.81825912439
-4.7855338271
-4.78127275226
-4.77507262142
-4.81096827427
-4.79959630359
-4.79802087836
-4.79644223868
-4.79505923586
-4.76987373194
-4.85562899352
-4.82471413689
-4.80890520603
-4.79704661671
-4.78332148334
-4.79569414401
-4.82679177154
-4.81846636958
-4.80570820283
-4.81533451342
-4.78331691493
-4.77141456771
-4.81126587323
-4.82217553831
-4.80450582542
-4.81408554572
-4.81737821558
-4.78892707669
-4.77261909951
-4.81240166545
-4.8008761444
-4.81815944714
-4.80859870567
-4.81046320158
-4.78843277346
-4.78361497225
-4.78648482245
-4.78433809009
-4.80614841709
-4.80386078383
-4.80413035341
-4.79660165525
-4.77424936909
-4.8090117065
-4.78288953804
-4.78079058796
-4.82487689574
-4.797603617
-4.79223751371
-4.78163428133
-4.84173275306
-4.80663070387
-4.80218009813
-4.8289661109
-4.82448040296
-4.79600365302
-4.7930922575
-4.80029150561
-4.82025456505
-4.79729441125
-4.80764090128
-4.80255423723
-4.79670019142
-4.78763265812
-4.80130690537
-4.80138887363
-4.80266985199
-4.80791151772
-4.81871421012
-4.81078390667
-4.80320902596
-4.80614711886
-4.79282449853
-4.81438068277
-4.81487646501
-4.77770452104
-4.78927961336
-4.82572030395


-5.08386412144
-5.02153990049
-5.00403931735
-5.02961699779
-4.96881904189
-4.98701034753
-4.95647257463
-4.94226298354
-4.93938209049
-4.94416454672
-4.88775687318
-4.9249411376
-4.88066330559
-4.90325245509
-4.88587327105
-4.8571452613
-4.88128095237
-4.85273876481
-4.86221938062
-4.87639254741
-4.8608849654
-4.85598648202
-4.85931838551
-4.8694140715
-4.88878437523
-4.84622580547
-4.85582921474
-4.85248294197
-4.85051224884
-4.85730532756
-4.83509251011
-4.84562078789
-4.8451725246
-4.85514199911
-4.85403514721
-4.85584346713
-4.85591684435
-4.87627979289
-4.86978457628
-4.84237684379
-4.88709956841
-4.86293702733
-4.870938947
-4.88079470288
-4.89867106332
-4.86943802313
-4.88300241972
-4.87373307963
-4.86776961027
-4.86008707759
-4.84538426093
-4.86171438324
-4.87810932055
-4.88005415115
-4.84677437593
-4.85512511512
-4.89811423327
-4.84429822423
-4.86959268973
-4.86453791068
-4.87899238013
-4.84482328477
-4.88920758952
-4.85295990663
-4.85510968176
-4.884084878
-4.87453733225
-4.87116843245
-4.89066956066
-4.86941812162
-4.87987908653
-4.86200615713
-4.8632652132
-4.84996519999
-4.85775889757
-4.85204452327
-4.87086119277
-4.84837574843
-4.88117534528
-4.86189351395
-4.87036602476
-4.85288506499
-4.88713668658
-4.88251348616
-4.86322429665
-4.87402683895
-4.86849409186
-4.8558198795
-4.88151441819
-4.8533646894
-4.84053467597
-4.87590875102
-4.86989324109
-4.87087732766
-4.89153007951
-4.88729725048
-4.86722692937
-4.85884131051
-4.86736143636
-4.89337719944
-4.84003792656
-4.82445271119
-4.84847707181
-4.86585010465
-4.89083065585
-4.85338752387
-4.86199316611
-4.86313684097
-4.84731919712
-4.85295686031
-4.86777670005
-4.86205386052
-4.8702488667
-4.86595353005
-4.86406081148
-4.85370246237
-4.87131668726
-4.86848627945


-5.08673650887
-5.01532372465
-5.01728673277
-4.9906107117
-4.9459485472
-4.96968773187
-4.93344639371
-4.91383679845
-4.87632693336
-4.86209177491
-4.87713973994
-4.87368726341
-4.84523785677
-4.83986138595
-4.85142696789
-4.8443663626
-4.84189108977
-4.82455845863
-4.831214502
-4.84559246119
-4.84793031783
-4.84002703042
-4.86146851474
-4.86754788681
-4.8369075682
-4.86966775251
-4.85309770262
-4.8594920866
-4.84400236625
-4.8433117338
-4.83561528325
-4.85467673037
-4.83910804113
-4.86675984356
-4.81605961607
-4.86170029111
-4.82581841457
-4.86385072905
-4.8456201168
-4.82896143682
-4.8305265803
-4.87257098765
-4.84131185139
-4.83283883749
-4.84751505891
-4.81448557552
-4.82390139213
-4.8245253496
-4.85727028159
-4.82402666318
-4.83792171246
-4.84029206662
-4.84634963734
-4.82961072949
-4.83557285587
-4.84592222098
-4.83669942944
-4.83365066746
-4.83430480303
-4.83067833564
-4.8408172932
-4.84611456488
-4.81658721717
-4.87408079395
-4.86031808491
-4.86534819523
-4.85667644941
-4.8207471658
-4.8499484917
-4.83147407491
-4.84003405001
-4.83768449035
-4.83709261468
-4.87713866041
-4.85179477011
-4.88530827916
-4.8456791614
-4.83736089825
-4.84016632267
-4.85616067531
-4.83457299451
-4.83279250627
-4.84666642232
-4.83996674238
-4.8398284739
-4.86898130337
-4.83286929471
-4.83030525991
-4.86151420512
-4.83331483828
-4.85282312246
-4.84634119393
-4.82446871158
-4.8373344897
-4.83753646896
-4.84537861142
-4.82905908093
-4.83763947894
-4.84049013185
-4.8531324112
-4.82648573524
-4.8566293796
-4.88483504472
-4.85922592642
-4.86328749833
-4.83589816763
-4.83620952216
-4.85544981113
-4.84175720497
-4.83760765234
-4.81633698018


-5.10088362428
-5.09566276529
-5.04377681971
-5.02450254712
-5.04583488427
-5.05963986181
-4.97973744763
-5.01965504105
-4.97112203918
-4.94706992659
-4.93034821451
-4.93979707268
-4.9302971608
-4.90157700905
-4.93943119767
-4.91078757408
-4.8961787151
-4.89198617732
-4.89442199233
-4.90252934879
-4.87779363947
-4.92940026214
-4.89387239266
-4.90823082865
-4.87563077032
-4.89584220651
-4.9118424867
-4.87414255778
-4.89448888112
-4.89695861272
-4.87139038339
-4.89232426706
-4.88965651652
-4.89483699756
-4.88568948717
-4.87903277339
-4.89842142896
-4.91884373597
-4.909280785
-4.90112269809
-4.89536274479
-4.87359041296
-4.91098491964
-4.89976648368
-4.89294642992
-4.90689927323
-4.89421950133
-4.89757146598
-4.9000534592
-4.92188185332
-4.89160843003
-4.87383949781
-4.91736920937
-4.89539247015
-4.91077316214
-4.86594882334
-4.90193910093
-4.89421252378
-4.90159372511
-4.90859994971
-4.88874832068
-4.89701337173
-4.89109493121
-4.92157870773
-4.88546135891
-4.90337536585
-4.90989958647
-4.92544515228
-4.93214150421
-4.91923834786
-4.89242913357
-4.90756084094
-4.90105977534
-4.90796811867
-4.88610069091
-4.88138579693
-4.89782622251
-4.87555986704
-4.91221503695
-4.90312560221
-4.89948413225
-4.88932228887
-4.87034703151
-4.88556565625
-4.89527463476
-4.87574898657
-4.88670802082
-4.87933423664
-4.91805832377
-4.89326097448
-4.91511056841
-4.89599782255
-4.89835086554
-4.87699439194
-4.88953584144
-4.90797229176
-4.89567946116
-4.87303408892
-4.89390122851
-4.88477993757
-4.90483392928
-4.88605560352
-4.89859027366
-4.8953841555
-4.89765708459
-4.89288612967
-4.88337062486
-4.91322135046
-4.92606458757
-4.89217390665
-4.91512036119
-4.88174333241
-4.90372480953
-4.89043405324


-5.06335500671
-5.03137138488
-5.00851378816
-5.00410621131
-4.99017646923
-4.96273361153
-4.92019521605
-4.89718102918
-4.88374629369
-4.87371963153
-4.87783625039
-4.90777421317
-4.84060886872
-4.83615254488
-4.83200468608
-4.85435888955
-4.85818125073
-4.82617425994
-4.85187605513
-4.83325189122
-4.8417165476
-4.82501446758
-4.82308235724
-4.84289126866
-4.81709128588
-4.84690211466
-4.83815259173
-4.86779502351
-4.85995509158
-4.85098483795
-4.80915742156
-4.85077120918
-4.8342627284
-4.84299015304
-4.8435950716
-4.8339822611
-4.8521996292
-4.85588800591
-4.85614524659
-4.83851950708
-4.84310141167
-4.84648024823
-4.86933080238
-4.8434921422
-4.83562485807
-4.87798560354
-4.82988125147
-4.83399800118
-4.8351559376
-4.83281328042
-4.86228972135
-4.83083493992
-4.85470513342
-4.81787689944
-4.82938656068
-4.83534787533
-4.85325567964
-4.82634965223
-4.83778049869
-4.83803269434
-4.86649501512
-4.80781967599
-4.85184152111
-4.84554326926
-4.82999338663
-4.83831107341
-4.82787322502
-4.83216114265
-4.83151905257
-4.83459033148
-4.82356461164
-4.85486312779
-4.84245522094
-4.85476422652
-4.84932661324
-4.85456487791
-4.87350517591
-4.81708969563
-4.83561045695
-4.82948461954
-4.83713247471
-4.820503967
-4.86872191822
-4.82815139361
-4.82370365737
-4.83009861961
-4.86841963451
-4.83591644351
-4.83022462065
-4.78706214549
-4.82779915286
-4.80302900147
-4.83859882764
-4.80706659807
-4.8363838128
-4.83167172194
-4.84083619429
-4.84238456405
-4.82347230453
-4.85073414568
-4.81855919817
-4.80911299948
-4.86256317178
-4.83029490003
-4.84529576707
-4.83160510168
-4.85448384283
-4.83123261639
-4.83929358288
-4.83476075365
-4.84088549293
-4.84996420807
-4.827357561
-4.81753861166


-5.09205077808
-5.06976302401
-5.04448413626
-5.03719602077
-4.97440623399
-4.9716630808
-4.97745024781
-4.93411858346
-4.96773978192
-4.93791315229
-4.94782574078
-4.91798527748
-4.90940067969
-4.91835767866
-4.9290788227
-4.90006996942
-4.91483618116
-4.9156401802
-4.92705399433
-4.90709113654
-4.9227807241
-4.89767612043
-4.9702443391
-4.91988505569
-4.9147317644
-4.89602133927
-4.9192498229
-4.92077911893
-4.89903157965
-4.90931423563
-4.92543514482
-4.93103934967
-4.92243291293
-4.92885108775
-4.90805437728
-4.90365515653
-4.90941272534
-4.93868638129
-4.89037853224
-4.92961282064
-4.8987912188
-4.94268336398
-4.92129981835
-4.92036342643
-4.91488023542
-4.93963607733
-4.89585154073
-4.91417499573
-4.92844629791
-4.93300697605
-4.92636479889
-4.92695871083
-4.9332749696
-4.90965577933
-4.90435829062
-4.93414246907
-4.90550535706
-4.94908953886
-4.93448903088
-4.89928820658
-4.89933511536
-4.93011700567
-4.91096968193
-4.93222672616
-4.93116979864
-4.9101382085
-4.91850794876
-4.90869844223
-4.90435864062
-4.90763099976
-4.92690730167
-4.90336839655
-4.92262033793
-4.93503251164
-4.94046046636
-4.91932065661
-4.92575159367
-4.93038451827
-4.89998094064
-4.96244326611
-4.92311432839
-4.93759890137
-4.9408772457
-4.9445424807
-4.90404264884
-4.90510046013
-4.92050471435
-4.91389338094
-4.92671813566
-4.9489616946
-4.91678798551
-4.92399010436
-4.92997189387
-4.93580373264
-4.93456563395
-4.91583028328
-4.90279037556
-4.93444830467
-4.92767639095
-4.9105852123
-4.92459544647
-4.91172216362
-4.88828465261
-4.91293433029
-4.89217618786
-4.90602523642
-4.93126257455
-4.92303620238
-4.94257027662
-4.91634264143
-4.93203959141
-4.90402217491


-5.08509107969
-5.0726378547
-5.05901530825
-5.1037125985
-5.0576767532
-5.03575492959
-5.02252551801
-4.98870076009
-4.96422868931
-4.95328135768
-4.95545352778
-4.95500757492
-4.9385834734
-4.88725622378
-4.93054581726
-4.92268696846
-4.93290523089
-4.91807851767
-4.93420437854
-4.90357511867
-4.89709918262
-4.90938626817
-4.89582816317
-4.90578404507
-4.90923116314
-4.91649344578
-4.90135945508
-4.94930645713
-4.90697599408
-4.91282966829
-4.91880427285
-4.89812980253
-4.88769820296
-4.91325857764
-4.93807898962
-4.91035949338
-4.92752371779
-4.897933601
-4.92144964366
-4.90348256647
-4.90717071644
-4.92060971106
-4.91446651188
-4.9067463511
-4.89442306383
-4.92698866551
-4.93807812271
-4.93294877289
-4.88435507929
-4.90784818808
-4.8916019428
-4.938324283
-4.91178210154
-4.93941663085
-4.90261783557
-4.89823135734
-4.92539539952
-4.90673571146
-4.93370985894
-4.89770881487
-4.89057885973
-4.90951004616
-4.93167372879
-4.8887313765
-4.88898544713
-4.90150662656
-4.91031509499
-4.91114358301
-4.90408707819
-4.90848419884
-4.90165752733
-4.91333155056
-4.91255877551
-4.90582634316
-4.9145929083
-4.90461569162
-4.92001212843
-4.92946151559
-4.92794712495
-4.89987754415
-4.90456622933
-4.91558760707
-4.91494182736
-4.90375913017
-4.89851560255
-4.89247910775
-4.91303589226
-4.92810424541
-4.92405306638
-4.89317076083
-4.90250229311
-4.92730124246
-4.91737599429
-4.8898524337
-4.90494494278
-4.91280216784
-4.90953771672
-4.92193521694
-4.89928083891
-4.89155946973
-4.93044755355
-4.92326257809
-4.9307753777
-4.91290670339
-4.90317881982
-4.89505245185
-4.91059934775
-4.92014280041
-4.9438653337
-4.89045467502
-4.88899156502
-4.92555143398
-4.90341383446
-4.90969347407


-5.11923091276
-5.08709892911
-5.04893050988
-5.01196411705
-5.03748493385
-5.0185731192
-5.0146066731
-4.98865725225
-4.97265900539
-4.94971224766
-4.89321418706
-4.88585962617
-4.92970377652
-4.87467214101
-4.89735825238
-4.86485125115
-4.86686957751
-4.86326034677
-4.85489256372
-4.83454710476
-4.82065527929
-4.83874957495
-4.83071883495
-4.83535895455
-4.82458627117
-4.82089481809
-4.83221057878
-4.8153338915
-4.81691043535
-4.83155779753
-4.83559539957
-4.83316629925
-4.82415238025
-4.82078575451
-4.82398182458
-4.82163085599
-4.86597864933
-4.82347211074
-4.801510069
-4.84604549474
-4.81230718822
-4.82401009365
-4.84376841951
-4.82844258286
-4.85650154185
-4.85648781136
-4.84192179486
-4.83478320183
-4.84232747605
-4.81898201537
-4.86766399807
-4.8034352367
-4.81773298165
-4.86020299404
-4.82090445761
-4.81265397501
-4.83306363108
-4.81929323692
-4.84129911106
-4.825755074
-4.83669177534
-4.81079171019
-4.82767881162
-4.84248561857
-4.82308576018
-4.86410935173
-4.82248241116
-4.8300868927
-4.84141565114
-4.81078468123
-4.85240260858
-4.83187803675
-4.82323515906
-4.84097937194
-4.86542711134
-4.83995922017
-4.86935451154
-4.83798907318
-4.835114307
-4.82780849897
-4.81359575729
-4.82882547336
-4.82103058802
-4.8026133533
-4.82931433476
-4.83859855858
-4.82213838432
-4.8259439938
-4.82578610159
-4.84875448657
-4.8481447665
-4.83366255013
-4.82159016447
-4.79992294845
-4.82996404537
-4.81655635884
-4.82962230627
-4.8583847585
-4.8043122422
-4.83392334991
-4.85382760107
-4.80570859154
-4.83859904655
-4.85832394439
-4.85824660726
-4.86301382934
-4.85676809743
-4.84425075707
-4.81943939996
-4.85339992412
-4.8634903264
-4.82565499965
-4.82560415652
-4.84704486946
-4.81240461773
-4.82957944026
-4.84241728637
-4.83454169437
-4.84855950563
-4.82768464274


-5.08040601894
-5.04486846175
-4.99791251617
-4.94372969665
-4.93839873368
-4.90100099585
-4.88688552633
-4.84985739886
-4.82405789713
-4.79838536648
-4.80664963822
-4.81303209965
-4.78720469912
-4.802939313
-4.76993257492
-4.76294606654
-4.7689876493
-4.75576917082
-4.77120367923
-4.78295114436
-4.73114419458
-4.75818233938
-4.73997746383
-4.7582379286
-4.77878790321
-4.78783819028
-4.78727490796
-4.77329895155
-4.75067492263
-4.75915904786
-4.7826389384
-4.78368705215
-4.73910789752
-4.791670833
-4.76417392333
-4.78702422291
-4.77931415151
-4.76689577154
-4.78911866819
-4.7806234017
-4.77687502568
-4.73824600605
-4.78063036288
-4.77570584869
-4.7930414378
-4.76702766308
-4.77728918759
-4.77171709605
-4.77025824856
-4.75563776218
-4.77863828146
-4.76377223368
-4.75153575443
-4.7826735999
-4.773990695
-4.77720278116
-4.75482437054
-4.80144620905
-4.77157993535
-4.7670239952
-4.77806386243
-4.76842232648
-4.77969019434
-4.76083614384
-4.77905122817
-4.77614164629
-4.78566359828
-4.79726087881
-4.7703091506
-4.77607419772
-4.74754922524
-4.76902354198
-4.75460302118
-4.75872599116
-4.75987601388
-4.76269702945
-4.7585991181
-4.76623521842
-4.75910864511
-4.78076733534
-4.77798384799
-4.75926176142
-4.74243946732
-4.77932739906
-4.75009125319
-4.78766500505
-4.78909390321
-4.77853922111
-4.75600866883
-4.75213152429
-4.77520701489
-4.76028180391
-4.74883508314
-4.75599075174
-4.76298935326
-4.7520338545
-4.78937485665
-4.797333473
-4.77654511005
-4.76032965105
-4.77911978773
-4.76291521116
-4.77549633847
-4.76141649314
-4.76628486283
-4.7723018155
-4.76481962647
-4.77117917226
-4.79840020356
-4.76040356392
-4.79109976601
-4.77223009599
-4.76680926733
-4.79902467452


-5.07933473638
-5.03488152925
-5.00811995655
-4.98737120865
-4.97008145651
-4.97190832429
-4.96897492343
-4.9747180865
-4.92549210958
-4.95331675468
-4.91768286044
-4.87881294866
-4.9018490524
-4.89626420852
-4.8943483137
-4.86204894576
-4.88918323831
-4.86413685296
-4.87239988159
-4.86073363393
-4.85517431116
-4.85675957196
-4.87543990616
-4.88379483159
-4.85407114881
-4.84762931448
-4.87289585542
-4.8620929235
-4.88591404803
-4.85738378988
-4.85309313099
-4.8766229266
-4.86136655078
-4.85525210232
-4.90948516009
-4.88413269936
-4.86951199741
-4.84068379765
-4.84017625845
-4.86523083909
-4.87443791064
-4.86226512863
-4.84062225043
-4.86828870615
-4.83784713784
-4.85730347859
-4.86272289817
-4.86863346343
-4.81444764257
-4.87092175058
-4.87983636743
-4.8698219892
-4.88872003563
-4.8591549056
-4.88621758606
-4.85359177418
-4.86651211315
-4.87615179245
-4.87124425492
-4.86211929376
-4.85809078932
-4.85279781761
-4.86763046855
-4.8650003271
-4.85537143681
-4.84840836959
-4.8577219984
-4.86395663434
-4.86895172559
-4.87048201527
-4.84579879756
-4.88343699702
-4.85951025256
-4.85737315929
-4.86208329845
-4.85679428244
-4.84102439625
-4.86632851655
-4.86050717943
-4.88626372932
-4.8843373808
-4.87744550077
-4.85993856628
-4.86273717171
-4.86016336843
-4.87549253324
-4.86644010987
-4.84595808716
-4.88080177753
-4.85482720788
-4.85158428027
-4.85765485115
-4.89350237669
-4.85733253193
-4.86343657801
-4.87339405221
-4.85818749975
-4.85281147825
-4.8409956754
-4.86727911748
-4.87948961857
-4.85379236282
-4.87366887164
-4.85638711267
-4.85001474512
-4.85614784538
-4.85605933
-4.8632052052
-4.87644853642
-4.85342348802
-4.86536249436
-4.87032874355
-4.82925401286
-4.85224269181
-4.86040740593
-4.90317127336


