-10.1389154964
-10.1493954321
-10.1656632272
-10.0594204759
-10.0383716079
-10.0182363323
-10.0462965843
-10.0229232747
-9.99287899459
-9.98754653793
-9.9244081247
-9.95250622302
-9.96855010677
-9.89810513095
-9.89375455302
-9.8873957388
-9.82710820159
-9.87629429646
-9.8756078385
-9.86521940967
-9.88686816034
-9.85849542827
-9.85708705304
-9.85054444515
-9.90863953442
-9.86869615417
-9.87293748934
-9.86037222442
-9.92707529133
-9.90246585281
-9.87891768922
-9.89611703972
-9.83395081592
-9.83836851846
-9.87740217235
-9.84388787237
-9.84375744882
-9.87549419963
-9.85327618639
-9.84970939136
-9.89040265043
-9.85537193568
-9.86793445037
-9.87315253028
-9.90048314585
-9.85658333236
-9.87326540045
-9.86909770159
-9.85400288507
-9.88352447877
-9.89372576368
-9.86017207146
-9.86407031591
-9.87318743851
-9.87056587144
-9.87077745317
-9.85151278962
-9.87335667789
-9.90186929112
-9.86163400373
-9.82906100807
-9.87284062557
-9.9098650369
-9.86610502627
-9.87255146679
-9.89105639988
-9.86784901419
-9.87264939575
-9.87038479633
-9.87712369216
-9.89005312655
-9.83703112238
-9.87470976856
-9.85167981951
-9.87896489762
-9.86811090261
-9.84047025424
-9.884918512
-9.85992258985
-9.87724047036
-9.83512906147
-9.88188275947
-9.88587940221
-9.84878632522
-9.83561462158
-9.86056327614
-9.88025361596
-9.84350517957
-9.88187619584
-9.85643733683
-9.85127846519
-9.91889623839
-9.87440067405
-9.84832783938
-9.87517990172
-9.85209878858
-9.84646931184
-9.88361910332
-9.86585825964
-9.85132430674
-9.85965100722
-9.84648022911
-9.85309059361
-9.86667582209
-9.86620583022
-9.87270508349
-9.88538590181
-9.88926819084
-9.86432773642
-9.86044639522
-9.88058950798
-9.86312128955
-9.88332123459
-9.8583468416
-9.87439523999
-9.84450690244
-9.87785252513
-9.92058157978
-9.88279784108
-9.89566005945


-10.1327533655
-10.0469794359
-10.0888370359
-10.1179273192
-10.0690793131
-10.0669335231
-10.0294566809
-10.0454661906
-10.0015482181
-10.0007056156
-9.9684510223
-9.9969793705
-9.98326805187
-9.96157297479
-9.96224373108
-9.93495818488
-9.94555871073
-9.9182870532
-9.96742271734
-9.92120121841
-9.9745553262
-9.91024665924
-9.95380744948
-9.92029842052
-9.92781384683
-9.94655011175
-9.95535139502
-9.91614787747
-9.92695856741
-9.94390057618
-9.92665452217
-9.91436656168
-9.93272255839
-9.93263249887
-9.94739628066
-9.96834228253
-9.93947836688
-9.91286095343
-9.94095843541
-9.94630346394
-9.90987226023
-9.89998630102
-9.93516444414
-9.9102381095
-9.95211454495
-9.95924932881
-9.94891266212
-9.93388685367
-9.9375528049
-9.9417751755
-9.90969637174
-9.93056969512
-9.93537132465
-9.91650834611
-9.91619051249
-9.93333583732
-9.9403198344
-9.92099221574
-9.91889064578
-9.90944154552
-9.9064086568
-9.92970315063
-9.91781446107
-9.93737503292
-9.91292092693
-9.91386972293
-9.90428749305
-9.98728957702
-9.94173556095
-9.94622828126
-9.93872617152
-9.93801747845
-9.91657461319
-9.90560781954
-9.91845516868
-9.92291758011
-9.93498840454
-9.93121752541
-9.93621727075
-9.92100644584
-9.91738848407
-9.96582540934
-9.93511403516
-9.93816506623
-9.94587104862
-9.93213338532
-9.97851908469
-9.94978659803
-9.92771343945
-9.95804705409
-9.93612901648
-9.93486694448
-9.9389548764
-9.89506966054
-9.94070839138
-9.92676814234
-9.94190292442
-9.9272962324
-9.93120833166
-9.92954629436
-9.94628025986
-9.93106403432
-9.92250732098
-9.9430690764
-9.95711027793
-9.96384433259
-9.95050759406
-9.93630744271
-9.93964082752
-9.9207745263
-9.89867120949
-9.93206345771
-9.96092995442
-9.92706668141
-9.91081784446
-9.90267150491


-10.1272121286
-10.093117157
-10.0802692125
-10.1140021718
-10.0608966185
-10.0868928467
-10.0623614746
-10.0181665277
-10.0452212162
-10.0058742332
-9.99958272879
-9.99485527783
-9.97241468269
-9.98006793497
-9.96357526961
-9.95181321635
-9.92685101077
-9.89382475135
-9.92115662307
-9.88497808721
-9.83949086061
-9.86125177116
-9.87501288453
-9.86086014228
-9.86465336072
-9.8283861225
-9.84570016066
-9.89227712926
-9.85750107356
-9.85603915143
-9.90562792658
-9.87430433445
-9.85314384048
-9.8427801284
-9.86918044175
-9.86051433221
-9.8215952836
-9.83939004526
-9.86352934826
-9.87076000986
-9.88563407446
-9.84756442141
-9.85230777591
-9.86485605879
-9.83066503767
-9.86027488555
-9.8388787666
-9.88453306391
-9.90497489265
-9.84166533437
-9.87520593443
-9.86825019993
-9.82902658612
-9.86163816902
-9.8522141806
-9.856334191
-9.84386761543
-9.86638475116
-9.82368476818
-9.84900363292
-9.84875020793
-9.83358038637
-9.84390427777
-9.84937732299
-9.86641226082
-9.84118235139
-9.8536407282
-9.85850812511
-9.895388328
-9.86845809837
-9.85736741303
-9.84447912387
-9.90580432478
-9.8640055778
-9.87461687663
-9.85087652868
-9.87171159574
-9.83939217056
-9.85963825617
-9.87027724985
-9.85593514886
-9.91095852284
-9.87003552374
-9.85783294457
-9.86054814993
-9.8405258498
-9.86437646783
-9.88692442443
-9.85725040733
-9.83111499192
-9.85464462494
-9.8313963437
-9.86371731354
-9.8956690808
-9.86611830745
-9.85178299922
-9.86395689662
-9.87322923629
-9.82487373889
-9.86507921541
-9.85148680283
-9.82726908642
-9.8446698615
-9.84617243247
-9.84834563319
-9.85745602551
-9.85542809577
-9.86734491865
-9.85666068298
-9.89265410852
-9.84680289644
-9.85983001559
-9.85945813447
-9.86226671071
-9.85776067511
-9.84360190899
-9.86995145381
-9.8311762823
-9.86252978187
-9.86981797206
-9.86027898579
-9.84199421301
-9.87319191781
-9.87762745819
-9.83869343006
-9.8713057271


-10.0892755283
-10.0997118632
-10.1343969564
-10.0618908398
-10.0715420771
-10.0757097804
-9.99629401029
-9.96878612274
-9.95790835336
-9.92237609124
-9.92114979371
-9.92605756157
-9.88919165382
-9.87497147644
-9.89679752228
-9.88727755648
-9.89301698084
-9.86898890533
-9.87118063659
-9.88694992377
-9.89841332514
-9.86213178043
-9.87672741727
-9.87986474933
-9.89919882306
-9.84359723458
-9.90776798286
-9.86071937845
-9.88072543059
-9.85824069783
-9.8612682538
-9.89634504783
-9.8622336527
-9.8531268246
-9.87042553085
-9.83198831598
-9.87399146345
-9.8806331824
-9.92253820832
-9.83849466309
-9.86986634279
-9.8833675313
-9.94045626794
-9.9132051842
-9.86608719951
-9.85404352901
-9.8702100988
-9.90243636311
-9.85188926545
-9.87673484403
-9.88667821918
-9.87719298758
-9.8782354959
-9.88696497312
-9.93161233143
-9.87309551513
-9.83562326054
-9.88740783247
-9.87003774736
-9.84028651085
-9.88654535038
-9.86770443055
-9.85767521086
-9.86889200008
-9.8567756341
-9.8936535564
-9.91829023337
-9.89584996322
-9.86111281236
-9.85310513721
-9.86283465729
-9.8462086901
-9.84382439726
-9.92070302056
-9.88353523049
-9.8850837219
-9.87921090103
-9.87755958414
-9.867320422
-9.86115529611
-9.82412869058
-9.87076625906
-9.86482649962
-9.85980526504
-9.88828966587
-9.8516022903
-9.86975978889
-9.87238477474
-9.88134106918
-9.87136747862
-9.8468901184
-9.88068768388
-9.8605869936
-9.89234702069
-9.89022855713
-9.86417323849
-9.86101060923
-9.87696053528
-9.85494414725
-9.87120510009
-9.85840302614
-9.91003893416
-9.85826168828
-9.86602165261
-9.8559297902
-9.89182032857
-9.8880014647
-9.85679096473
-9.87160051811
-9.89964945996
-9.8453167571
-9.88948721271
-9.87393870035
-9.86739050383
-9.88952611852
-9.91684546596


-10.1342772439
-10.0958711576
-10.1133392149
-10.0809067143
-10.1094979052
-10.0113958919
-9.98963137807
-9.93890765902
-9.97074162973
-9.95476827335
-9.95436868215
-9.9454650798
-9.95405720387
-9.95904293674
-9.95447547171
-9.91412713889
-9.92596351766
-9.92542873333
-9.88579340977
-9.93181790038
-9.9040757269
-9.91212077257
-9.92384609533
-9.88034262723
-9.8979768833
-9.88860365242
-9.91217443917
-9.89537774961
-9.87426000863
-9.88563849332
-9.88471702642
-9.91214446721
-9.90218443902
-9.90349164825
-9.90532218336
-9.89876650849
-9.89486162198
-9.92167268629
-9.89755073428
-9.89390199914
-9.93399617827
-9.93880909554
-9.8947827342
-9.90373544118
-9.8922547277
-9.91585052742
-9.90674005762
-9.89737169659
-9.93388106216
-9.9042765375
-9.91785770408
-9.90642552719
-9.89988302857
-9.89972796172
-9.88851674863
-9.91954398276
-9.90194721642
-9.91560151496
-9.90833875586
-9.91061860739
-9.90015543817
-9.87588169387
-9.94016573431
-9.90628838094
-9.94383208024
-9.90540581348
-9.89309867943
-9.91346603169
-9.91740060041
-9.88235161818
-9.87559623829
-9.90227898909
-9.88426620358
-9.90250240076
-9.91997666478
-9.93085436205
-9.90986127047
-9.9106846116
-9.91207125782
-9.86769263165
-9.92493695061
-9.89988027131
-9.91598894067
-9.93051402894
-9.92117627151
-9.92878078872
-9.91900568148
-9.89395611776
-9.90631737313
-9.88265196919
-9.91794522226
-9.90928721772
-9.89720248033
-9.91189116428
-9.91294788518
-9.90819895116
-9.91109770826
-9.94221583495
-9.96838250282
-9.9002868034
-9.89034712425
-9.93460525782
-9.92760172026
-9.91734500906
-9.89169962891
-9.91920464415
-9.89686906267
-9.92609923826
-9.91615977543
-9.90098187445
-9.91368918913
-9.90258409153
-9.93454589712
-9.91381854381
-9.92329000074
-9.87759755737
-9.89453999463
-9.890589941
-9.91311480023


-10.1963753311
-10.1235374594
-10.0644295397
-10.0730819038
-10.0288482317
-10.0159958926
-9.97461220459
-10.0038863359
-9.97184734767
-9.97623516132
-9.94227808927
-9.97462949312
-9.90175037907
-9.94259614756
-9.91451674349
-9.91947160045
-9.95434783197
-9.93653380666
-9.90829511001
-9.93281809683
-9.91675349571
-9.94254977204
-9.95673722387
-9.91714539306
-9.88707621708
-9.93215040055
-9.90533243914
-9.94007311303
-9.92836817058
-9.91356781562
-9.91628608314
-9.9316191082
-9.94625913645
-9.93761139887
-9.92118334798
-9.92961789901
-9.92279689512
-9.93782775522
-9.92319063196
-9.92850648269
-9.93243197611
-9.92056817846
-9.91266344122
-9.92852494733
-9.91609259096
-9.92811715431
-9.93953922093
-9.95208505349
-9.93448964132
-9.91987744701
-9.90732003409
-9.9157028174
-9.92744413218
-9.9165179384
-9.90333853836
-9.92770963755
-9.93363042709
-9.8889591868
-9.9570872246
-9.92419402764
-9.93072290551
-9.94299280254
-9.92965830815
-9.95533486263
-9.91301568186
-9.92587936202
-9.91126246363
-9.94524590672
-9.93211191586
-9.93336489647
-9.94612472535
-9.94093035777
-9.93349967356
-9.91601751514
-9.96750776512
-9.88958386168
-9.94100118489
-9.90061570294
-9.94398383182
-9.90694246504
-9.9478119203
-9.89118622887
-9.91524631466
-9.9382264936
-9.94595442987
-9.91918967853
-9.93352844912
-9.97950988016
-9.94863139843
-9.9329421284
-9.93415499382
-9.91064281483
-9.91706444179
-9.91158755348
-9.91892920237
-9.90519231836
-9.91414586089
-9.94568864139
-9.90428487217
-9.92916234055
-9.91910754277
-9.94962612976
-9.9405681612
-9.95045815848
-9.92464975077
-9.93781062479
-9.92687490955
-9.92054891141
-9.91328906265
-9.92163409825
-9.93449056643
-9.93470981676
-9.94208874212
-9.90405955385


-10.1398077664
-10.1097131314
-10.0663452471
-10.0445108094
-9.99966559344
-9.94245174752
-9.98471198675
-9.94161605587
-9.90643141388
-9.94801842798
-9.86891168623
-9.90168234859
-9.88448507797
-9.87467008429
-9.89420438569
-9.87918532559
-9.87885502343
-9.85904198538
-9.88075732706
-9.87345599331
-9.87955636306
-9.88415182978
-9.87098256179
-9.90095130815
-9.8494016423
-9.85913306669
-9.85644439455
-9.87097187449
-9.88819474656
-9.84687501537
-9.87412768303
-9.85076507751
-9.83771907601
-9.88054075773
-9.87312651402
-9.86786222655
-9.89999333574
-9.86624465109
-9.87642997027
-9.88345965263
-9.88792308531
-9.8509653479
-9.8340183247
-9.87334733101
-9.8633187284
-9.86712244818
-9.86019425949
-9.85655593852
-9.88735323963
-9.89224139388
-9.86465018312
-9.85006928665
-9.87281845859
-9.89648764048
-9.85998681707
-9.85530798023
-9.85890838284
-9.88755364356
-9.84711306056
-9.84686954728
-9.87056849347
-9.90048512584
-9.88627569794
-9.8543479462
-9.88308049064
-9.88787593552
-9.84095416827
-9.86327763974
-9.85584747681
-9.87032975401
-9.91299636566
-9.88800631045
-9.87603679879
-9.84230848543
-9.86300380994
-9.86351587854
-9.87253128244
-9.88608719813
-9.87836320835
-9.87833791754
-9.87829045895
-9.86042656309
-9.88042931892
-9.89215411884
-9.8623991821
-9.8479932703
-9.8622299169
-9.86044526117
-9.87773481289
-9.90546747205
-9.83890273914
-9.89014083384
-9.85150645707
-9.8544091808
-9.85495132016
-9.86151055391
-9.84059654481
-9.83059747055
-9.88371635264
-9.88267152887
-9.85127682912
-9.87884761143
-9.90483361626
-9.89465063578
-9.88896144332
-9.88205820058
-9.8735936283
-9.85023645398
-9.88609193231
-9.86988846459
-9.85971290789
-9.90746088904
-9.87081223228
-9.86537159166
-9.876276438


-10.1468829154
-10.1318591121
-10.107321888
-10.0762193908
-10.0496614037
-10.023642474
-10.0108693575
-10.0184866831
-9.96407962346
-9.9874325048
-9.93529343355
-9.93583431824
-9.91781625266
-9.91490693405
-9.93441162484
-9.90379500709
-9.94550569967
-9.90920555061
-9.92092205202
-9.95719469127
-9.91005071867
-9.95840991435
-9.93662713953
-9.90577917872
-9.90745624135
-9.94338732362
-9.87474967617
-9.92750565902
-9.94513136538
-9.93878650928
-9.91433710565
-9.94162308133
-9.95758493485
-9.92220061195
-9.91726760959
-9.92983153592
-9.90060863763
-9.90428893365
-9.90530792033
-9.94904602952
-9.90453833215
-9.96145285666
-9.88664738334
-9.89869724081
-9.90186818933
-9.94775723224
-9.88760545948
-9.92476422745
-9.94476296346
-9.92961670325
-9.89666711481
-9.94037857323
-9.93121408022
-9.91909644032
-9.93056045174
-9.90785537161
-9.94622621488
-9.9330531231
-9.92105071458
-9.92269506713
-9.90083065088
-9.88764071089
-9.93850870362
-9.89410762321
-9.89502144641
-9.89523254807
-9.95628607145
-9.91993945399
-9.92841999856
-9.91101679848
-9.88192033269
-9.94039732855
-9.88908993148
-9.93379693589
-9.92830151257
-9.89723582844
-9.90911446371
-9.90500036518
-9.9070916696
-9.90534747924
-9.93043418472
-9.9585805816
-9.92011791549
-9.91896670216
-9.98489937962
-9.92735829617
-9.90669680842
-9.89523938239
-9.93459779697
-9.95773763677
-9.961290744
-9.94300925687
-9.91750570629
-9.8940940619
-9.92286007617
-9.92246040768
-9.94446646757
-9.88088619926
-9.94081542066
-9.92881768228
-9.91459554675
-9.92570900187
-9.91877309625
-9.91008563128
-9.93975687842
-9.95031981321
-9.93343619788
-9.93235442758
-9.90740007805
-9.91656563431
-9.90435009382
-9.93593166326
-9.94090834909


-10.1627429888
-10.1104066064
-10.1420587976
-10.040539827
-10.0190235294
-10.0453203108
-9.97530158013
-9.99623385478
-10.0068488833
-9.96713681505
-9.96566128984
-9.9529875411
-9.93492729294
-9.93293093172
-9.92051046029
-9.9253078273
-9.91157408459
-9.92062989219
-9.91306516152
-9.90323970067
-9.90067976921
-9.89617662209
-9.89321649424
-9.87496363153
-9.92055418984
-9.88943637263
-9.94091059238
-9.92630133134
-9.89642067239
-9.86697999384
-9.92992997922
-9.86386641944
-9.88100606121
-9.88813011875
-9.87148723841
-9.89264047764
-9.91594899474
-9.88126968487
-9.89635391167
-9.89894524692
-9.86434878326
-9.87059334474
-9.88613176438
-9.93342546829
-9.86526109921
-9.92813403642
-9.91538653389
-9.87701646064
-9.87577627386
-9.87666782303
-9.87548256494
-9.89070691025
-9.91836853807
-9.86184509229
-9.89602093401
-9.87472287388
-9.85873397259
-9.87076076509
-9.86184742274
-9.85773061157
-9.92286886937
-9.88902398495
-9.88196072178
-9.87388702257
-9.89462955564
-9.89247251099
-9.9076339436
-9.88531722578
-9.88089562996
-9.89961459387
-9.88310551728
-9.89114356572
-9.86352230183
-9.89850750103
-9.84277988045
-9.87780421906
-9.88267914689
-9.89708223839
-9.89571408611
-9.90014230274
-9.86470190895
-9.91188404903
-9.86011689977
-9.88247901928
-9.89018092893
-9.88662599871
-9.86908366167
-9.88210083151
-9.9098942769
-9.89825658428
-9.89941668436
-9.86350700996
-9.90252152552
-9.84407533274
-9.86103777991
-9.90452254219
-9.88976643912
-9.88788164047
-9.89682184875
-9.88768088364
-9.90160283382
-9.8617732505
-9.89559100656
-9.85301343956
-9.87721980505
-9.86611576168
-9.88710132623
-9.91245300101
-9.86745133427
-9.8754786425
-9.88226688234
-9.84432893426
-9.88246266829
-9.85409909723
-9.89245868695
-9.86606706627
-9.89120875903
-9.89508395983
-9.92653985026
-9.85181754225
-9.8769701859
-9.87555037529
-9.87719917135
-9.87973152804
-9.87519547872
-9.86585428077


-10.1047423175
-10.0782779348
-10.1303534791
-10.0489167909
-10.040513405
-10.0242463607
-9.9842496761
-9.97078311947
-9.97336209497
-9.9901465738
-9.94943524591
-9.94724584072
-9.92310814678
-9.9450417436
-9.98770635346
-9.95593056427
-9.93331807218
-9.9486365396
-9.93383995917
-9.93850547938
-9.92890526193
-9.93689888597
-9.9723548351
-9.92796771351
-9.92276809858
-9.93987817799
-9.95562694432
-10.010032081
-9.94772180395
-9.92738236948
-9.92846478673
-9.95683854037
-9.9662859431
-9.92349670266
-9.96004887235
-9.98306481401
-9.9334078702
-9.95607602486
-9.95131578051
-9.97933373714
-9.91298579392
-9.93949641625
-9.96049168462
-9.93715198075
-9.92610305319
-9.92074615393
-9.97778703157
-9.97565867839
-9.93313078652
-9.95808545473
-9.96293148622
-9.96175664487
-9.93326740441
-9.93866549584
-9.95480580693
-9.90566059258
-9.93260523361
-10.0070158148
-9.95212677601
-9.96996041637
-9.95463508025
-9.95549081582
-9.94816531829
-9.94358435776
-9.92710265506
-9.94195516365
-9.95922525825
-9.92334743177
-9.9530570074
-9.94272829996
-9.91581477361
-9.9551947601
-9.97607580542
-9.95021766857
-9.98087055922
-9.96562171721
-9.94262819578
-9.95914545042
-9.94828097382
-9.9280632368
-9.93565307681
-9.94976250257
-9.95713770954
-9.96404001248
-9.95554439747
-9.96802971977
-9.9537505307
-9.94837838314
-9.92611903223
-9.97170503742
-9.93532109148
-9.94941900471
-9.97025230037
-9.94955632076
-9.94222293258
-9.93205177009
-9.94989637923
-9.94475945764
-9.93472060436
-9.95263987413
-9.93480412115
-9.95721971794
-9.96007095816
-9.96296453769
-9.92751635761
-9.96590132406
-9.9459189989
-9.93192181781
-9.94166621427
-9.94356312804


-10.1402918664
-10.1164446079
-10.0613970686
-10.0599082959
-10.0117253255
-9.94832495782
-9.91540825541
-9.92648330829
-9.92341735159
-9.8745171511
-9.89849462684
-9.91681955362
-9.90083792848
-9.86829558947
-9.85143117365
-9.87019597876
-9.85922186761
-9.85969737949
-9.84847204532
-9.82795064745
-9.86419306478
-9.82793464188
-9.84551666731
-9.88973268968
-9.83126843529
-9.8541748205
-9.89569408761
-9.87192171936
-9.82177046973
-9.83219651538
-9.84184844421
-9.85600824869
-9.84651884152
-9.80840627149
-9.85787268682
-9.85140501462
-9.85205613729
-9.87096570282
-9.87509958162
-9.89306559547
-9.86638041515
-9.87177084372
-9.84214003036
-9.82890029102
-9.84849919654
-9.8459589764
-9.83662953915
-9.86399548721
-9.83276275759
-9.85163129072
-9.84577180223
-9.86688024631
-9.85768101051
-9.85360279085
-9.84406986702
-9.83286078293
-9.83381799903
-9.86789814332
-9.86901683953
-9.87699875822
-9.87141520879
-9.83671679377
-9.85006520933
-9.90075370487
-9.82250367106
-9.84342261379
-9.85467357977
-9.84496240121
-9.84571284187
-9.85844645278
-9.85602675281
-9.84083878208
-9.84021798482
-9.85835019032
-9.86216199828
-9.86544213832
-9.82414180567
-9.86063784325
-9.84931733477
-9.84066993987
-9.87915860828
-9.84019932246
-9.83204851764
-9.84909136337
-9.87792968488
-9.8617913263
-9.8425963303
-9.85712377652
-9.85792286257
-9.85826371483
-9.88424218607
-9.8399971827
-9.86984022224
-9.83407679603
-9.86812435183
-9.8504979482
-9.87541477308
-9.86675423289
-9.86563059091
-9.82639915344
-9.88428623525
-9.81269215563
-9.85187955862
-9.86328205045
-9.86567625083
-9.84216359871
-9.86202315722
-9.85489834062
-9.86988593441
-9.8203723373
-9.84695206883
-9.83113023146
-9.83000733746
-9.827106013


-10.117973523
-10.0773189077
-10.0777642148
-10.0543036042
-10.0975446492
-10.0369776398
-10.0432400339
-10.0681137186
-10.0711514865
-10.0532866503
-10.0238948415
-10.012920385
-9.98897276486
-9.93138880997
-9.93468136209
-9.94470480343
-9.90566458164
-9.91894521062
-9.92036701378
-9.91314717929
-9.89776738201
-9.92114380568
-9.92789637745
-9.91962278704
-9.92153832501
-9.90887516816
-9.8835027151
-9.89869136628
-9.91586122328
-9.8801927203
-9.90450683222
-9.88005687874
-9.88590462769
-9.88577192201
-9.90547013863
-9.87069784906
-9.91612618898
-9.91485524
-9.89542896244
-9.88359286723
-9.89924356343
-9.87212471423
-9.89083582708
-9.87782424674
-9.90008864361
-9.90623152227
-9.91986412604
-9.89945186125
-9.87765331883
-9.92684628852
-9.87610263627
-9.87430148045
-9.886712504
-9.92416416793
-9.90913927242
-9.88580136337
-9.88577890703
-9.88931696564
-9.90700619683
-9.87135939141
-9.88076437579
-9.89104247364
-9.90910708752
-9.90604126547
-9.94108156709
-9.86817773277
-9.89228927752
-9.9037538786
-9.92837985715
-9.88629986481
-9.94397157169
-9.86793143738
-9.91316568297
-9.90792194905
-9.89598168312
-9.92039819414
-9.91811708737
-9.86349120875
-9.90973513026
-9.8820687125
-9.93092875317
-9.93155449715
-9.91639176667
-9.88101511937
-9.89106800031
-9.8623715644
-9.91548317217
-9.92642031555
-9.90038583689
-9.89357946423
-9.91292430935
-9.90909809101
-9.92147689051
-9.85539567799
-9.88571659017
-9.89160920142
-9.9116254473
-9.956321646
-9.88183248169
-9.89374301209
-9.90245215735
-9.89265465385
-9.89140707196
-9.88680533302
-9.91903027892
-9.9216064262
-9.88247837368
-9.925365713
-9.8781373705
-9.94038004277
-9.93588352994
-9.89178550175
-9.88738929618
-9.87240191765
-9.93116587923
-9.90962256039
-9.88325456525
-9.90770253544
-9.8863688217
-9.88786346911
-9.90661052141
-9.88089109078


-10.1289490866
-10.0654793682
-10.1019232905
-10.0887460361
-10.0799098094
-10.0465842663
-10.1114358556
-10.0740827923
-10.0659590627
-10.0659075274
-10.0324252297
-9.99855582379
-10.0181737309
-9.99841999947
-9.99303570959
-9.97581634698
-9.94440053614
-9.92401613651
-9.88646470428
-9.8907511719
-9.90215442549
-9.84801369616
-9.86927618828
-9.82982269737
-9.86223420851
-9.86050260256
-9.85427374275
-9.81963991378
-9.87577239085
-9.88047718674
-9.88059957857
-9.84887680694
-9.89182370697
-9.84677847644
-9.84207341996
-9.87873434713
-9.84505691261
-9.88572270435
-9.86552727909
-9.82511365503
-9.865548906
-9.87464407308
-9.87868258376
-9.85104480484
-9.87657727375
-9.86190113156
-9.83246349918
-9.84044964234
-9.8473939248
-9.84788845077
-9.88362380403
-9.85129060783
-9.83746267383
-9.83395272059
-9.83455249268
-9.88003218941
-9.87305792503
-9.84522519166
-9.8860332382
-9.8705661671
-9.85918847635
-9.85053562928
-9.86319380563
-9.8483164779
-9.87290238289
-9.82844974173
-9.8835589814
-9.86287374142
-9.84797945443
-9.85291203359
-9.87123689574
-9.84958232437
-9.87480312191
-9.86130628186
-9.92479440145
-9.87111772568
-9.84042571985
-9.83213492433
-9.86492922699
-9.90116556318
-9.86845643482
-9.87225078112
-9.84573847674
-9.88339340613
-9.88449913566
-9.84193421655
-9.853276477
-9.81601342401
-9.84338644368
-9.85022553849
-9.86559211216
-9.85860167427
-9.84669378289
-9.8521124437
-9.86083091599
-9.86257198918
-9.85689540101
-9.87194849824
-9.87007789535
-9.86863822496
-9.85100597397
-9.82511507706
-9.8731101227
-9.87159791172
-9.8637776438
-9.87218025031
-9.84672744785
-9.87018165888
-9.84607792246
-9.82572564672
-9.84163602945
-9.83658301712
-9.86696828086
-9.84654854803
-9.87674094073
-9.84484120278
-9.85637501317
-9.85613705979
-9.83925665081
-9.88086622088
-9.88768870457
-9.85074217218


-10.1742553487
-10.1239459475
-10.0828217301
-10.0479520632
-10.0665960539
-10.0298717989
-10.0486130439
-10.0310806527
-10.0136438496
-9.98392721919
-9.9560837515
-9.95971472864
-9.99422677967
-9.95037796829
-9.96963291262
-9.96930943861
-9.9785103253
-9.92599078104
-9.9468241501
-9.98591477453
-9.97235067567
-9.94787974096
-9.9630821061
-9.96381875325
-9.92932285102
-9.96876236701
-9.94799189916
-9.98486263422
-9.94241010806
-9.98475734084
-9.98446517347
-9.94625055221
-9.94744737378
-9.93688175804
-9.96054341241
-9.9786705272
-9.93543339448
-9.96919873758
-9.94330321035
-9.94752301066
-9.93837716866
-9.92046381972
-9.94369099524
-9.94152192421
-9.94294221222
-9.99622239517
-9.92927404423
-9.98427823253
-9.96189509312
-9.94319575017
-9.97110650759
-9.99197810605
-9.96650813297
-9.97135559623
-9.96992937832
-9.94709382117
-9.96326292612
-9.95031725831
-9.96497584056
-9.95090504056
-9.946705995
-9.9715713991
-9.93387741406
-9.95506216937
-9.96389503493
-9.95183946837
-9.95266277314
-9.9699491685
-9.96445472768
-9.94535177242
-9.95836186568
-9.96292145079
-9.96804515557
-9.9357026894
-9.92495352872
-9.97160155258
-9.95487912308
-9.94595098408
-9.95323366838
-10.0082344584
-9.94150052151
-9.97413447737
-9.98878810177
-9.93226450757
-9.95855375532
-9.95315626256
-10.0069616554
-9.97454628027
-9.97935837938
-9.95762001225
-9.9749884019
-9.97451467509
-9.94323143055
-9.97470757449
-9.99300031459
-9.96779913559
-9.9605236447
-9.96060487735
-9.99064056233
-9.94099576576
-9.95732824286
-9.93201300567
-9.93823516312
-9.94343110078
-9.9378638824
-9.95985700267
-9.95324686417
-9.95893143935
-9.94744477071
-9.94039261315
-9.97086485279
-9.956296699
-9.94774809125
-9.95508406687


-10.151493757
-10.050906402
-10.0508647956
-10.0716652529
-10.0357664397
-10.0360564747
-9.99165550848
-9.93792700853
-9.92419194841
-9.92410136943
-9.88387530485
-9.86801469067
-9.89252012077
-9.85716352789
-9.86258233981
-9.84612670422
-9.85404016804
-9.87381899937
-9.84666534594
-9.82870259974
-9.86062969017
-9.82643808275
-9.82146883317
-9.80714320485
-9.87166289082
-9.83817144861
-9.78836605422
-9.78219179243
-9.844623788
-9.82700720079
-9.83713512244
-9.83464112099
-9.83613696618
-9.81521027369
-9.82739268598
-9.86849359846
-9.85791429873
-9.83852630017
-9.82802773877
-9.81263767977
-9.82504961526
-9.85139307503
-9.82702096037
-9.83346084734
-9.84232951726
-9.82182975598
-9.86182463215
-9.85320515392
-9.83828562287
-9.79802987787
-9.82325673155
-9.82819846654
-9.87237056199
-9.81625440277
-9.82303261558
-9.84120119362
-9.80718467706
-9.81797501777
-9.81305666901
-9.81569584119
-9.79659998725
-9.80934605716
-9.84455449529
-9.81341698098
-9.84577136044
-9.82046727685
-9.81722397117
-9.84830799713
-9.84178913102
-9.83625673559
-9.82209986471
-9.82700102832
-9.84037095989
-9.84732799231
-9.81596026349
-9.82587965254
-9.8214008739
-9.81855215793
-9.82461779831
-9.82611837643
-9.83378822243
-9.83752011335
-9.87904430011
-9.82347877793
-9.84786585135
-9.82316035967
-9.81764123639
-9.76402215301
-9.82614321457
-9.86535758646
-9.80702406093
-9.84783968365
-9.86183914351
-9.81168204664
-9.82166470714
-9.84858206189
-9.85008101583
-9.82952880751
-9.8281380278
-9.81615254273
-9.85388352205
-9.81212229244
-9.82094513752
-9.83916751799
-9.83047235735
-9.84938077338
-9.84729885588
-9.86949093578
-9.82917503036
-9.80237134288
-9.83968788786
-9.81970739465
-9.82592388383
-9.82624845079
-9.83376401309
-9.83470398212
-9.85176676837
-9.82957354762
-9.83604892267


-10.1973133306
-10.1302296718
-10.0440312135
-10.051780297
-10.0190511158
-9.99662439081
-10.0161535552
-9.9870168729
-9.96071011148
-9.99343494634
-9.93140039198
-9.95117161417
-9.92696343496
-9.91825799846
-9.94719256271
-9.9233743076
-9.93666844482
-9.92581645176
-9.87362781104
-9.91059668143
-9.88248686823
-9.93556328651
-9.93347770648
-9.92331583049
-9.94285693696
-9.92575371153
-9.9309456416
-9.92714246169
-9.92849337233
-9.91413459527
-9.89615525909
-9.91582443077
-9.91513335644
-9.87024003159
-9.90117850044
-9.91327135109
-9.88842804128
-9.90809216461
-9.9237655683
-9.91610609404
-9.90088338121
-9.8992579759
-9.91697051379
-9.86857488395
-9.88168094818
-9.91880180244
-9.88276503349
-9.91464016584
-9.89964656151
-9.94093188039
-9.90199594139
-9.89060357193
-9.92113721389
-9.87997290547
-9.90091528974
-9.89637779269
-9.91732426621
-9.8991498291
-9.91225263801
-9.9412913674
-9.90414180995
-9.92768884545
-9.9257434139
-9.92644695504
-9.91842635728
-9.91571005614
-9.88103655807
-9.92956293286
-9.9157557919
-9.90631908523
-9.9138364602
-9.89729305362
-9.91224579975
-9.9143095035
-9.92462393956
-9.90378012102
-9.91020525026
-9.88578471261
-9.91264323123
-9.93778402808
-9.89948573655
-9.92043593799
-9.91740706025
-9.89499898737
-9.9046382234
-9.9170971672
-9.9307818953
-9.9284841324
-9.89655795038
-9.90285365954
-9.88093887442
-9.91749330369
-9.92087100772
-9.9140239069
-9.92013693118
-9.90259828801
-9.90501964624
-9.88140560554
-9.85984976794
-9.90242407924
-9.90482843623
-9.88599135855
-9.92581646745
-9.91739186398
-9.91705270485
-9.93046426743
-9.93680685466
-9.90415164935
-9.90362767157
-9.90502087398
-9.91898870067
-9.91225630595
-9.93810228605
-9.90120942597
-9.91428327046
-9.90134535846
-9.90736102016
-9.90244069124
-9.87878498298


-10.1409153917
-10.060366621
-9.99022492626
-10.0229398954
-9.98649401622
-9.93060785481
-9.91211286049
-9.89272722112
-9.92557560462
-9.95563510901
-9.89599195585
-9.86511682113
-9.90587422896
-9.91830711404
-9.87251494107
-9.8771473364
-9.86741486085
-9.86709016089
-9.83393314994
-9.87506104497
-9.86423669508
-9.84436817987
-9.84403958428
-9.8521482517
-9.85989192416
-9.86978123734
-9.86041784224
-9.88030671472
-9.88905959574
-9.84984166605
-9.85559469763
-9.9001893433
-9.88827929418
-9.84419212929
-9.84461145866
-9.88347109873
-9.88921852994
-9.88577997401
-9.88279785987
-9.87546555106
-9.85751744921
-9.87830554652
-9.84305208725
-9.85704566818
-9.88438350192
-9.85538375301
-9.85640876356
-9.91041054662
-9.86871996791
-9.88724426688
-9.85232188899
-9.89783669334
-9.84950473149
-9.87765752412
-9.89677307363
-9.87277725395
-9.88863833551
-9.85371955389
-9.86135877996
-9.85236943766
-9.84426813761
-9.85313334711
-9.849528839
-9.88045718542
-9.87548636094
-9.86542829717
-9.866943318
-9.90903592434
-9.8429829594
-9.852587431
-9.88682588016
-9.9115851004
-9.85789384405
-9.87306714023
-9.86953496805
-9.86231155329
-9.82666395304
-9.89866136339
-9.86498967805
-9.88685690253
-9.86486137605
-9.84529990354
-9.88473997886
-9.8913274239
-9.88883697419
-9.87142405344
-9.89207953992
-9.85541788396
-9.87350598119
-9.89562824549
-9.8521029521
-9.86844448248
-9.90416205293
-9.86861589451
-9.89441326781
-9.87986844059
-9.87171675747
-9.86397970722
-9.89824824738
-9.85076730683
-9.87657135671
-9.95801248373
-9.86485387332
-9.86764789391
-9.86648334681
-9.83383449714
-9.84079286658
-9.85731039806
-9.87087929425
-9.87597130045
-9.84902246434
-9.85279833673
-9.90319175551
-9.86520006613
-9.90213529747
-9.86673752109


-10.1428811718
-10.0786292954
-10.051104626
-10.1002631035
-10.0742907641
-10.0082117158
-10.0515330217
-10.0406009276
-10.0269980417
-9.99394942995
-9.95939336254
-9.9686057785
-9.95693561614
-9.9079964772
-9.89797111657
-9.89395897829
-9.87491743455
-9.85966818219
-9.86089670552
-9.86164554054
-9.84329393812
-9.85301916838
-9.87011411646
-9.81380921076
-9.85557709759
-9.8514746007
-9.85798967183
-9.87327084993
-9.80212256369
-9.84060346637
-9.81528385122
-9.87044983744
-9.8831382802
-9.79988868503
-9.86515314031
-9.85954308558
-9.86137139759
-9.82736561436
-9.85681970466
-9.84639278303
-9.81925030568
-9.87140707982
-9.85175205009
-9.83597946597
-9.84071704342
-9.84503492787
-9.85517894223
-9.82336786148
-9.84894208951
-9.79358828709
-9.82498755598
-9.8143455745
-9.84819225828
-9.85737686214
-9.83173830554
-9.8290297835
-9.87017067777
-9.84880632676
-9.82402623187
-9.83464743107
-9.83918838175
-9.85526621004
-9.86010761794
-9.88010453887
-9.82648482982
-9.86313707659
-9.90351014714
-9.82902962364
-9.81914157002
-9.85192079587
-9.8075596884
-9.81952850706
-9.86658922642
-9.8610327899
-9.81508473302
-9.80359066908
-9.79900882996
-9.91107961626
-9.81204395728
-9.83621020385
-9.84046479532
-9.81689336684
-9.83744072686
-9.85994498082
-9.84426628098
-9.81844500826
-9.85023647003
-9.85238843213
-9.85846944036
-9.83037302027
-9.8161926642
-9.81658601667
-9.80629037871
-9.81620989895
-9.85460990472
-9.83464455678
-9.84257829501
-9.82964598921
-9.83622327774
-9.88687689407
-9.87158689563
-9.79862345989
-9.81767622557
-9.85274339559
-9.83439894154
-9.85222699695
-9.81331031722
-9.8446800082
-9.85316081416
-9.82943346514
-9.81986734758
-9.81683105716
-9.84011637738
-9.842601467
-9.89105601745
-9.80831523349
-9.88088721868
-9.83237227247
-9.84692389435
-9.85274988789
-9.84781563098
-9.83923298989


-10.1532206759
-10.1253563307
-10.0249179151
-10.0294519834
-10.0007119288
-9.98300125916
-9.94753800104
-9.92642668155
-9.90044734155
-9.91465016524
-9.92998657886
-9.83894561781
-9.8303971543
-9.88589782486
-9.8499374413
-9.82736959591
-9.80634126158
-9.85916465809
-9.79595189142
-9.8523413395
-9.83789554146
-9.82564910175
-9.81554683995
-9.80386496369
-9.79299348914
-9.80399719172
-9.77559575248
-9.81082043608
-9.77948958035
-9.81159705653
-9.81281384328
-9.82335086892
-9.82315794287
-9.77053957221
-9.81660506935
-9.81538062151
-9.81392311651
-9.80687364915
-9.78911230436
-9.77415889305
-9.79993947477
-9.77686849512
-9.77251239142
-9.79951745479
-9.84538798081
-9.81523074484
-9.79205484643
-9.79410033821
-9.81647376993
-9.77183001751
-9.79739409903
-9.8004024634
-9.79495828433
-9.80917504758
-9.80188018443
-9.79425140223
-9.78893386234
-9.77898625754
-9.83952174558
-9.83440316717
-9.82816270391
-9.80838117756
-9.81532929424
-9.8015541108
-9.7946771238
-9.79629729466
-9.76201385145
-9.8034972512
-9.80251960509
-9.82600324888
-9.80196146147
-9.79124263305
-9.79963830804
-9.81491489625
-9.79261213866
-9.80911850807
-9.82436220752
-9.81336662184
-9.80161256797
-9.80715193845
-9.78974819474
-9.78455058723
-9.79091234267
-9.83618064389
-9.75770387561
-9.81155321401
-9.81830825519
-9.79109072661
-9.82313691555
-9.82552120214
-9.81230267865
-9.79609496474
-9.82580184841
-9.80700788773
-9.79441039665
-9.79275032265
-9.7727811392
-9.7736214529
-9.78861716532
-9.768235914
-9.79949132182
-9.81549563719
-9.79278403482
-9.80980619331
-9.77016937424
-9.82502564354
-9.77557269875
-9.80557933533
-9.76676848493
-9.80293148518
-9.80773121164
-9.82564568082
-9.81109156735
-9.81221317417
-9.81723385762
-9.81054106116
-9.78388269755
-9.81336130013
-9.80479675271


-10.1125895969
-10.0964904704
-10.1366522103
-10.1062116388
-10.0464775361
-10.1051742219
-10.0483867574
-10.0703397517
-10.0394588159
-10.0186279081
-10.0398623651
-10.0244163839
-10.0369353495
-10.0111942261
-10.0127141756
-9.97514299488
-10.0022688388
-10.0226066975
-9.9582756217
-9.98186643189
-9.93357616535
-9.97485253337
-9.94019815956
-9.94326691864
-9.94886963013
-9.9463542543
-9.96691182814
-9.95606415001
-9.94903873121
-9.93528663912
-9.95345795629
-9.94149801519
-9.94446485406
-9.96346037796
-9.9330266428
-9.97736113194
-9.97894061668
-9.95541071013
-9.94245160864
-9.92729105667
-9.96404405574
-9.93802280705
-9.98854447062
-9.95372079156
-9.96596008624
-9.93618208528
-9.94415630266
-9.96654322126
-9.94469079935
-9.95190761571
-9.97062932792
-9.9466435135
-9.94488854044
-9.92083233052
-9.97028583865
-9.94092561042
-9.95197776815
-9.9429724913
-9.92743626051
-9.95394510937
-9.93016573218
-9.95483402481
-9.9676481962
-9.9643936822
-9.96443464285
-9.93720806057
-10.0024181729
-9.95486118229
-9.92646160562
-9.96941412028
-9.95725396145
-9.93188702416
-9.95180042602
-9.95539145793
-9.94561863614
-9.98083773122
-9.92543093851
-9.92744940501
-9.96076067926
-9.95359030325
-9.93275849803
-9.9586712959
-9.94472266408
-9.94471069135
-9.94534617254
-9.96240759247
-9.94250522893
-9.95335484027
-9.93139025705
-9.9554918068
-9.96561786348
-9.94737047698
-9.9431478394
-9.9595200856
-9.93270897309
-9.93798997204
-9.9866163834
-10.0004171112
-9.94159716803
-9.94263639299
-9.94026389104
-9.92476689407
-9.9631073479
-9.93806084203
-9.94074016235
-9.95361866583
-9.90511848581
-9.92863152547
-9.92064942517
-9.95583009532
-9.95954581292
-9.95928592229
-9.97264436116
-9.9223479866
-9.94594065103
-9.95166640724
-9.93498129191
-9.97000278591


-10.1206198024
-10.0971878222
-10.0871788256
-10.1052424292
-10.0635053423
-10.0001949889
-10.0105322104
-9.96198205369
-9.94422461952
-9.97183076365
-9.95507449411
-9.97062277866
-9.95000924568
-9.90375412021
-9.87489488281
-9.86087748497
-9.89292518823
-9.89618232604
-9.86556537637
-9.86660654714
-9.86737508401
-9.85389313341
-9.87342517401
-9.83856548151
-9.86152305953
-9.84129552363
-9.86236329413
-9.85990027049
-9.84357368894
-9.89654730422
-9.86481922192
-9.84985139267
-9.8670670023
-9.83596652542
-9.89909896545
-9.83571833761
-9.86042528187
-9.82383668684
-9.82588013126
-9.85796371725
-9.88050768486
-9.85768026973
-9.8957867688
-9.83476099168
-9.85722879277
-9.82691277846
-9.83130246348
-9.83025416972
-9.81513296614
-9.81172177231
-9.87323875053
-9.83465566479
-9.86797948364
-9.85532437697
-9.8532278908
-9.86703129379
-9.86310637061
-9.80732847685
-9.82597737009
-9.90034555421
-9.86161105257
-9.87138396853
-9.82885569839
-9.83843263122
-9.83625545664
-9.85543175988
-9.84572816656
-9.84325926535
-9.84965478527
-9.85627228179
-9.84930796122
-9.84779193145
-9.84648390323
-9.85423933544
-9.81821407727
-9.85323896704
-9.83075284919
-9.83809608944
-9.83563104328
-9.83437293206
-9.85044401329
-9.80236153202
-9.84343391864
-9.83348020415
-9.86437535356
-9.84911096684
-9.85526206713
-9.84673097378
-9.8295155372
-9.85810748264
-9.89386247909
-9.82800360705
-9.85160628618
-9.87205387319
-9.84355193454
-9.86134523168
-9.85437835711
-9.84103692643
-9.82546272527
-9.82415025613
-9.84900765974
-9.84033961204
-9.8336246902
-9.82990677629
-9.81577812761
-9.85232458184
-9.85739131904
-9.85075594505
-9.88030848688
-9.85388350279
-9.83040149258
-9.82334015894
-9.84835089149
-9.819218885
-9.85787950216
-9.82206388717
-9.84913338478
-9.83963560201
-9.82134409724
-9.85566663184
-9.8519748033
-9.82267856106
-9.83607907034
-9.84558557618


-10.1735931388
-10.1121247754
-10.1165584116
-10.0871117578
-10.0446260912
-9.9877948365
-9.95808423592
-9.94937267232
-9.92887806896
-9.87582357789
-9.85868552609
-9.87162684296
-9.89374023703
-9.8452716632
-9.88973040442
-9.83971077612
-9.82562091498
-9.8339853528
-9.85293773699
-9.79590406389
-9.83913403122
-9.84945028216
-9.82460829611
-9.81970779989
-9.85698776588
-9.82748586895
-9.8402102816
-9.84870365988
-9.85276829568
-9.86260718854
-9.84134217973
-9.8104503837
-9.85680387834
-9.83792861461
-9.83196676064
-9.8630337455
-9.85948341653
-9.83860759799
-9.84454019743
-9.83243937986
-9.81812500074
-9.87454934884
-9.84896193933
-9.8685455913
-9.82962635203
-9.84289352922
-9.86033913123
-9.81504763714
-9.82281318375
-9.84470566881
-9.85240147675
-9.82096210507
-9.82404559361
-9.82771015288
-9.82750158202
-9.84627567661
-9.8210903571
-9.84576598453
-9.82249735809
-9.84011067229
-9.84088129115
-9.84655026909
-9.84327346001
-9.80689163678
-9.84779981404
-9.8643429703
-9.84638602892
-9.8026092602
-9.83405662895
-9.83126116964
-9.83338222424
-9.83117582083
-9.85376840865
-9.86074700009
-9.85057343333
-9.83947049614
-9.84944518109
-9.82323132299
-9.83716810553
-9.86301701226
-9.83075465508
-9.83641774932
-9.85383259236
-9.85472221907
-9.87614066184
-9.83709348792
-9.86014834198
-9.82848280798
-9.8227871313
-9.82392996028
-9.82923086805
-9.84588369949
-9.83366438757
-9.85692796676
-9.83053567558
-9.85940995965
-9.87753125776
-9.83194559627
-9.86887193308
-9.8542639289
-9.83064030068
-9.81456718099
-9.80957773939
-9.8531313231
-9.86409975478
-9.84244655235
-9.85353758529
-9.87031309882
-9.86202712255
-9.82467850189
-9.82565970403
-9.86046746659
-9.84758709606
-9.83362824952


-10.1502158771
-10.127766312
-10.0566022351
-10.0166284614
-9.99439288868
-9.99817489034
-9.98737548069
-9.95169825501
-9.9494360519
-9.97611922357
-9.90988444558
-9.92198621789
-9.95994839131
-9.85044577135
-9.88932311427
-9.86784906608
-9.8778654787
-9.90764330062
-9.86301364377
-9.88659169879
-9.86156406664
-9.88281364731
-9.8836517244
-9.88819901988
-9.88903196067
-9.89426181213
-9.87133183289
-9.88136142208
-9.91459404611
-9.87401242684
-9.89850361004
-9.86137104901
-9.88816855802
-9.88260277927
-9.88134263108
-9.88971450857
-9.9094111276
-9.90481161463
-9.89066246097
-9.87729822472
-9.8891519054
-9.89285592141
-9.90912916562
-9.90669204108
-9.92246770327
-9.89278542641
-9.87513262495
-9.89261147673
-9.89833048594
-9.85166383827
-9.91676558589
-9.897872234
-9.89256925985
-9.89914347634
-9.92427124017
-9.87047235674
-9.9033377597
-9.87985521709
-9.87201019304
-9.89156365542
-9.89877956678
-9.89918020258
-9.89607321974
-9.9226981294
-9.86902407993
-9.8845074943
-9.89069025985
-9.89812233632
-9.87317525931
-9.89035060433
-9.90714968058
-9.90127187616
-9.88262513893
-9.85104664982
-9.89268528383
-9.87872902655
-9.90493246746
-9.87641486351
-9.87672067668
-9.89511956602
-9.89070389258
-9.86231214513
-9.87663931902
-9.86269697702
-9.9202791162
-9.87806139801
-9.87966421046
-9.89664757107
-9.87698666861
-9.90074037283
-9.90873764211
-9.9422821778
-9.9013992295
-9.8989451339
-9.89143871741
-9.88591217381
-9.94484250591
-9.87525414027
-9.85211084383
-9.90347347441
-9.89221780902
-9.8875991005
-9.88558546399
-9.86243151366
-9.87726674734
-9.89527408588
-9.90062835533
-9.93178863376
-9.88566516102
-9.90613602745
-9.89587366862
-9.85103943988
-9.90392904402
-9.86504768892
-9.88576232072
-9.87334014467


-10.1809768445
-10.0739354538
-10.0825891888
-10.027821765
-10.0105294168
-9.95077123432
-9.9163415347
-9.89473931142
-9.91088868218
-9.84167217169
-9.89583243672
-9.882257018
-9.85427485378
-9.88815725092
-9.86050916271
-9.8387327213
-9.85488924624
-9.84302181063
-9.84775527937
-9.84820441841
-9.79092611093
-9.86211234003
-9.83922780819
-9.84451116849
-9.84854305796
-9.82398205004
-9.84267904833
-9.84813348792
-9.87630851057
-9.85674933841
-9.84746566853
-9.87420725141
-9.8009697111
-9.86008175674
-9.78447267126
-9.83926884707
-9.8404841509
-9.90556525577
-9.87558073384
-9.86714230185
-9.85721841885
-9.84401661116
-9.84816796343
-9.83647703184
-9.83473531492
-9.85436788657
-9.83061616239
-9.86744595467
-9.85171004377
-9.84074990888
-9.81350510244
-9.83243105573
-9.82895509832
-9.84396691435
-9.84116543594
-9.83699103082
-9.83868461155
-9.81504944498
-9.83447295021
-9.86582565881
-9.86911123889
-9.84728304787
-9.86609717188
-9.88901571764
-9.83749378308
-9.83644352818
-9.87665401048
-9.84311248455
-9.86447296501
-9.85702507388
-9.85960418652
-9.85022530721
-9.84364051908
-9.82272837815
-9.87184483233
-9.82672115662
-9.85836317207
-9.82379418687
-9.88513487076
-9.84386735707
-9.84860908842
-9.85295174928
-9.87458667358
-9.82972782769
-9.83703151216
-9.86478414426
-9.84888306196
-9.85127484188
-9.82814109189
-9.84423457415
-9.88870499797
-9.83862497991
-9.84707916963
-9.85907457105
-9.86040744095
-9.85610449555
-9.84332391097
-9.83470484468
-9.82584583022
-9.86134836581
-9.88652220883
-9.82145648276
-9.82697968464
-9.8402630042
-9.83694583711
-9.8270728795
-9.82524011217
-9.84502534515
-9.83250970346
-9.82209817436
-9.83621841595
-9.86812685753
-9.84467010636
-9.88717158368
-9.86290938619
-9.85281084899


-10.1349451291
-10.1282501122
-10.0825477405
-10.0368182132
-10.1019508866
-10.027753716
-10.0053080756
-10.0083633056
-9.94402245725
-9.90813043169
-9.94922857544
-9.90726126263
-9.91165086705
-9.87838593795
-9.92555277219
-9.87584830059
-9.84627876781
-9.84782847857
-9.83524992809
-9.84841250426
-9.8554443531
-9.86245188458
-9.85426451329
-9.85572149426
-9.8561534604
-9.83071418351
-9.84156604009
-9.82779536668
-9.87712368069
-9.87176078228
-9.86160138341
-9.86814345481
-9.85194368492
-9.89792292862
-9.87680534774
-9.87704664691
-9.88372563445
-9.84238389944
-9.8212241452
-9.86704633542
-9.86920543015
-9.83157428895
-9.83097255063
-9.86179576979
-9.83541167035
-9.8647623984
-9.83558979455
-9.85849211405
-9.84463362911
-9.8458904458
-9.85430080963
-9.85627370188
-9.8162219297
-9.8435596949
-9.83206368078
-9.86342134923
-9.84310089532
-9.83271849063
-9.85205052599
-9.86987931156
-9.84489090301
-9.87157443921
-9.86982742253
-9.85866644708
-9.83742294457
-9.83780175279
-9.88755687156
-9.84495062434
-9.81993460388
-9.88234083109
-9.8544911656
-9.84441556776
-9.82975947249
-9.86169053051
-9.83754758395
-9.8277829541
-9.85634503093
-9.83855503125
-9.83105059305
-9.89937035401
-9.84732696557
-9.87228103838
-9.84504871883
-9.83483445884
-9.83025545249
-9.84861499911
-9.84074058085
-9.82694702971
-9.80595576324
-9.84165801079
-9.840035097
-9.83919440038
-9.82648284493
-9.84171897982
-9.85470691573
-9.85547144566
-9.84835893276
-9.84659667062
-9.85730500233
-9.84610806184
-9.8463453601
-9.87646539923
-9.88041168224
-9.84623501994
-9.81461014577
-9.85141179266
-9.85758193068
-9.84562570261
-9.84018532675
-9.8784732001
-9.83641886551
-9.84132049159
-9.847480209
-9.84629456084
-9.90599004
-9.85014224937
-9.86190698573
-9.84049709398


-10.1723583009
-10.110160206
-10.0858289509
-10.0422031184
-10.0279419399
-10.0704518398
-10.0000792988
-10.0383906261
-10.0305256379
-9.94214807919
-9.89572968195
-9.91594554827
-9.91226980368
-9.90499160831
-9.90655261223
-9.88357913469
-9.91460391172
-9.88982291523
-9.8838403971
-9.91117720855
-9.84057422705
-9.87716189111
-9.88193461207
-9.89150880517
-9.88472628623
-9.86226337989
-9.88158325269
-9.91093404265
-9.88665374118
-9.92877802892
-9.89887771593
-9.94020859134
-9.89841362249
-9.89464119499
-9.8914881473
-9.9010895417
-9.87588114088
-9.86900424601
-9.85882186128
-9.91825981086
-9.89783551989
-9.88884386005
-9.87332477081
-9.86491428175
-9.89468463658
-9.91613081213
-9.90358179544
-9.88759458311
-9.8921534945
-9.92020048887
-9.90403717278
-9.8658096196
-9.91368199065
-9.9101585881
-9.87072948266
-9.91773006085
-9.92609194118
-9.88737864251
-9.88690050078
-9.86646446596
-9.87195894637
-9.87499166519
-9.90328122359
-9.89762336483
-9.92094015794
-9.92162100366
-9.91847979837
-9.90112025842
-9.87294391396
-9.89020918064
-9.88621446379
-9.89174286703
-9.9087723345
-9.89995105043
-9.88872006027
-9.88669631924
-9.85617087888
-9.92902158652
-9.87555637404
-9.86908880166
-9.89633408559
-9.91114009704
-9.88212153334
-9.88178149624
-9.90404311372
-9.86061708441
-9.87197112397
-9.90820559417
-9.87495539806
-9.84581301507
-9.89406682668
-9.90548908568
-9.90592967608
-9.86388996197
-9.88769206039
-9.89815305361
-9.90044111385
-9.88938381733
-9.95037142025
-9.89097882652
-9.91162267566
-9.89080087958
-9.91487398782
-9.86319123353
-9.89813872712
-9.93202607441
-9.88916896608
-9.88686526891
-9.89079625713
-9.92002077401
-9.88397397062
-9.8806948103
-9.90474641584
-9.88694850362
-9.91694636636
-9.88149059199
-9.86468176579
-9.86049316923


-10.1477851904
-10.0667690833
-10.0421760951
-10.0740720605
-10.1574221613
-10.0897344427
-10.0884459948
-10.082845396
-10.0542844058
-10.1026713714
-10.0606219812
-10.0611116405
-9.93969802548
-9.95202426632
-9.94076453135
-9.90676950598
-9.94475416455
-9.93548242751
-9.9181410001
-9.95510575762
-9.89886737623
-9.92981957501
-9.88905447862
-9.94741764075
-9.93283246889
-9.93687887864
-9.92477470229
-9.91151491219
-9.92581604585
-9.88894880663
-9.89933300857
-9.93230583937
-9.90765297715
-9.92973822766
-9.95618582548
-9.90964534503
-9.93916288973
-9.88818298693
-9.91030959845
-9.89377243626
-9.91932047966
-9.91312121148
-9.9332842612
-9.93760862784
-9.91787366119
-9.91593637939
-9.90907937698
-9.89538805797
-9.93803262723
-9.9053648939
-9.94310535593
-9.93559691666
-9.92981610586
-9.90703217328
-9.92964397863
-9.92825740803
-9.92952121636
-9.91240666458
-9.92303432829
-9.92273721483
-9.90759740447
-9.90727110021
-9.88853912444
-9.89563478771
-9.89547030404
-9.91553451411
-9.9286716976
-9.9189705894
-9.9302942818
-9.94351511499
-9.92469905243
-9.91684638359
-9.9669143138
-9.92224102031
-9.89556691916
-9.92764901827
-9.92445814655
-9.89880551026
-9.9350630212
-9.90010157384
-9.9145810301
-9.94973967676
-9.92108742742
-9.91523199946
-9.94699661377
-9.9095124362
-9.90812706913
-9.91162621718
-9.90974732401
-9.94482002795
-9.91738123306
-9.93335201909
-9.89856647386
-9.90892810906
-9.91063493345
-9.93656182022
-9.93085879707
-9.91174796392
-9.93459099046
-9.93841081205
-9.91562054454
-9.92305734916
-9.90702404576
-9.93673445876
-9.92132844202
-9.92669604463
-9.91381782934
-9.89259593834
-9.93633837823
-9.92712162131
-9.90282200358
-9.90840925191
-9.94822910905
-9.92457169738
-9.91738313486
-9.92161066716


-10.1557899944
-10.1538516557
-10.0730718217
-10.0956848518
-10.0824378547
-10.0439761951
-9.97951400284
-9.9971912188
-9.98613308034
-9.96215908803
-9.94056314978
-9.95628654271
-9.91378110262
-9.92842615154
-9.9384338508
-9.90847828951
-9.89850564508
-9.90906952847
-9.89821594973
-9.86770297267
-9.96302093647
-9.89729717249
-9.88350861279
-9.92754697717
-9.87535367757
-9.92520207553
-9.88318794625
-9.89664941041
-9.88455587355
-9.89628056338
-9.89603547861
-9.91214850895
-9.90185746673
-9.88685399301
-9.88718088673
-9.89249219402
-9.88073357359
-9.88488656253
-9.88343706853
-9.87934347253
-9.91703288179
-9.87618346969
-9.88241920607
-9.86292547455
-9.89170144442
-9.87691286099
-9.89797649471
-9.8876514403
-9.90601383043
-9.90762654707
-9.8970641975
-9.88036559206
-9.89180576431
-9.91757945896
-9.91236427338
-9.89210146466
-9.87285050158
-9.86607465372
-9.86225292416
-9.90618550664
-9.88974325898
-9.86543397473
-9.89367019636
-9.89835659435
-9.89530838902
-9.91952584703
-9.90039017098
-9.92539007195
-9.90380326085
-9.90028445216
-9.87916266309
-9.90430096453
-9.88788967901
-9.90634626653
-9.88769501893
-9.90457452461
-9.87113408849
-9.91727639575
-9.89288627449
-9.88341446506
-9.88046632948
-9.8907151617
-9.89390753636
-9.88811222806
-9.88831306546
-9.8749304529
-9.90391253606
-9.91510754575
-9.89319110021
-9.89457471329
-9.90175845953
-9.9210973704
-9.89598932714
-9.9234039296
-9.87603277086
-9.88308930707
-9.91247992804
-9.90867233575
-9.85942284064
-9.88158075913
-9.8707729309
-9.90380113767
-9.86675516432
-9.90676835927
-9.88225271169
-9.8863787023
-9.92077003803
-9.89278624861
-9.88623589548
-9.90863167313
-9.92155191737
-9.8914212379
-9.91030619814
-9.85646285011
-9.8943772636
-9.8735283614
-9.90173135083
-9.89909122083


-10.1301471657
-10.1115875629
-10.0725705676
-10.0734018759
-10.0955213222
-10.0747001648
-10.027578145
-10.0675938269
-10.052883973
-10.015987203
-9.99331362722
-9.99370335057
-9.96119746436
-9.96539785454
-9.96583935245
-9.98507187134
-9.96976906444
-9.99722353201
-9.98379210333
-9.9567274295
-9.94743206863
-9.96515154074
-9.95416372821
-9.95328436645
-9.94366469396
-9.96901654358
-10.0016520655
-9.95606084246
-9.97163574391
-9.94620700744
-9.95803112836
-9.9693060358
-9.93450440423
-9.93736104698
-9.94244961876
-9.92409721972
-9.96608115248
-9.96909284542
-9.97224327546
-9.93839196518
-9.96250636784
-9.95463077029
-9.96543719147
-9.96275804309
-9.92765761476
-10.0242373203
-9.98385197902
-10.0091512496
-9.98885922698
-10.0026303008
-9.95693763536
-9.94333363691
-9.92394137872
-9.88106910041
-9.90377451138
-9.89644401868
-9.91509043939
-9.88989636724
-9.88622959367
-9.83358371234
-9.82156897957
-9.83970754057
-9.84939243824
-9.86164639106
-9.85566443896
-9.82979571692
-9.84003586173
-9.85153102103
-9.84984791731
-9.84503528212
-9.82298057735
-9.82342262371
-9.88296587063
-9.84596817356
-9.8404229914
-9.88167269256
-9.84130746238
-9.84001326441
-9.83154745287
-9.87726097057
-9.83326066583
-9.82843921955
-9.8440865332
-9.85563915356
-9.83504068929
-9.85143899216
-9.87110026117
-9.83100453633
-9.8133660801
-9.88432028376
-9.85579175659
-9.84211840588
-9.84083232713
-9.84350759845
-9.83473659454
-9.87119029159
-9.86617917224
-9.83410043317
-9.84165743274
-9.84056275808
-9.85574413796
-9.85871911544
-9.87142722823
-9.85442505839
-9.83564036523
-9.82558408249
-9.85352560899
-9.87507575106
-9.87072948092
-9.83745984637
-9.86939711372
-9.85953563913
-9.86162459664
-9.86047023277
-9.85069751
-9.84246394491
-9.84190715089
-9.85669192517
-9.85140208509
-9.83789092761
-9.83083479098
-9.81767144175
-9.87475340712
-9.81757630672
-9.83633121548
-9.83849370225
-9.83582508425
-9.83754255342
-9.84535821619
-9.85622195884
-9.85287449122
-9.86225582972
-9.81326358655
-9.85505990464
-9.86637319176
-9.83975615375
-9.8496834592
-9.84152598069
-9.8651808091
-9.86779987544
-9.84521051771
-9.8583468051
-9.85340821537
-9.87982325836
-9.84865148978
-9.86767119741
-9.85560715176
-9.84067407262
-9.83423197651
-9.82605414558
-9.81622873498
-9.84365311177
-9.85581558677
-9.85573132968
-9.81127807498
-9.86479263746
-9.85335113201
-9.85215284545


-10.1647158877
-10.0914583179
-10.0351864911
-10.0087980123
-9.96871547391
-9.95392292681
-9.91897391309
-9.96379720904
-9.92181706591
-9.9585866185
-9.93295560348
-9.93251690971
-9.92391747207
-9.89658450524
-9.91137488947
-9.9089685832
-9.90072896128
-9.89709998801
-9.91971333768
-9.87674711536
-9.90640876436
-9.89820596336
-9.91127069397
-9.8855082084
-9.88159994869
-9.90206705855
-9.95038138647
-9.91638650402
-9.92337115686
-9.90181394593
-9.91397683236
-9.88522382133
-9.8875108257
-9.89995319343
-9.88178257303
-9.90015355829
-9.90768876041
-9.91221487016
-9.92270086967
-9.88242510874
-9.90062985468
-9.93672208167
-9.92027163915
-9.92738536594
-9.93147884524
-9.93582472706
-9.92136804021
-9.93422498528
-9.88721597583
-9.90540681819
-9.89313584345
-9.90030335457
-9.86573146412
-9.88824458981
-9.87892223329
-9.88382873395
-9.94444827959
-9.89318214595
-9.88648294841
-9.91767832056
-9.92121878508
-9.90260415044
-9.90438213306
-9.90684412222
-9.92842741759
-9.91218612343
-9.89778367046
-9.90402099662
-9.90640627772
-9.89850673605
-9.88735641617
-9.91675101965
-9.87040863473
-9.91258553903
-9.90033924443
-9.91120400438
-9.86492855477
-9.90705185617
-9.94057573285
-9.91531025873
-9.88923787725
-9.90569045986
-9.89592763882
-9.90135977787
-9.89377292508
-9.90126366173
-9.88668691283
-9.88946042507
-9.88766690636
-9.9130366105
-9.93552922364
-9.94039663436
-9.8898472768
-9.93953741893
-9.9078887461
-9.89531582557
-9.9129006899
-9.9045752879
-9.91557672922
-9.93180307126
-9.8941495791
-9.96079881493
-9.91437155829
-9.9560372748
-9.91354843614
-9.89680305587
-9.90482574148
-9.90447669255
-9.84949851355
-9.9048182581
-9.88411330594
-9.89969635285
-9.92032391347
-9.91236483117


