-2.08856535948
-1.99456760869
-1.7730249398
-1.73631372549
-1.67651214575
-1.62250911593
-1.69324458204
-1.71396098088
-1.6936377709
-1.67386620964
-1.66940954195
-1.72749157207
-1.65152734778
-1.76696968975
-1.64643636051
-1.68715479876
-1.66407430341
-1.71711558308
-1.69218335053
-1.68333040936
-1.65112624699
-1.73746905348
-1.70696353629
-1.72287426901
-1.67512899897
-1.7143099264
-1.67395080839
-1.72540444248
-1.65523340213
-1.68130701754
-1.70015246449
-1.6692660573
-1.67062251216
-1.67422428621
-1.64729532164
-1.63027141383
-1.6799380805
-1.64454626763
-1.69268317853
-1.6546869625
-1.70329411765
-1.73273976608
-1.73561988304
-1.69115993415
-1.76098817179
-1.72327239668
-1.72990771045
-1.74653594771
-1.66381492948
-1.71636457454
-1.63232232542
-1.67694908841
-1.76552923977
-1.64733285703
-1.6773128655
-1.66709176788
-1.65863226694
-1.7044924056
-1.69042208462
-1.63658036305
-1.66263687121
-1.70218438252
-1.67546886825
-1.63673202614
-1.66763902403
-1.74108145363
-1.67276976756
-1.68507125657
-1.70748813209
-1.74027575349
-1.71087832704
-1.74231682147
-1.68325875208
-1.7325479139
-1.64649140007
-1.72839318885
-1.70953772251
-1.73065651875
-1.63840178879
-1.72368800773
-1.70839522638
-1.68997626419
-1.71957044005
-1.6761878225
-1.67181556833
-1.68901461988
-1.68223907809
-1.6422997936
-1.74484210526
-1.67238714433
-1.68260130719
-1.65264000688
-1.67384068958
-1.73596635081
-1.68830976952
-1.66370691434
-1.67618623482
-1.56636131997
-1.74188473446
-1.68921362229
-1.67047535505
-1.75018841221
-1.71426219962
-1.68306759546
-1.68860887513
-1.71301960784
-1.76882993305
-1.68773856209
-1.76006530655
-1.72257707583
-1.69229583763
-1.67072669419
-1.72366649467
-1.72719079338
-1.67918868249
-1.69416384097
-1.68062607499
-1.7010702019
-1.65020788018
-1.62958307534
-1.71646164431
-1.73243753993
-1.70908863221
-1.63240454076
-1.68499432405
-1.67112074303
-1.67258294303
-1.67583099151
-1.74425593395
-1.70800206398
-1.64984795322
-1.63840763674
-1.67872649573
-1.68528431373
-1.64332370141
-1.69459098727
-1.6971504988
-1.62942810458
-1.67053371173
-1.7172028393
-1.6743789286
-1.66718502138
-1.67096978116
-1.66080241327
-1.69352049241
-1.69191176471
-1.70584623323
-1.6907057595
-1.66108479532
-1.69700427539
-1.73343292054
-1.64830220158
-1.61370502236
-1.67655417957
-1.65550103199
-1.66608221534
-1.6875994152
-1.67299415205
-1.64286842105
-1.69084623323
-1.6464388422
-1.68327011722
-1.68441898865
-1.76003893595
-1.71722205022
-1.6619727505
-1.71279600963
-1.7085852376
-1.78099415205
-1.72168369642
-1.72292709715
-1.67677846577
-1.68248700182
-1.67026422116
-1.6936876505
-1.68999346405
-1.60141382869
-1.69624097007
-1.65417083433
-1.69384910806
-1.71666034241
-1.64901616787
-1.65509971006
-1.68079276623
-1.66912280702
-1.71519659443
-1.70301186791
-1.7180254558
-1.61590643275
-1.72616013072
-1.68297744361
-1.76774320605
-1.64711025112
-1.74777627704
-1.73524337805
-1.62865497076
-1.62547496191
-1.70488510492
-1.70554170906
-1.64775146199
-1.7193968254
-1.6568726272
-1.69681205465
-1.67520175439
-1.66894255246
-1.6840994152
-1.68882608482
-1.6671934323
-1.62745149639
-1.73387770898
-1.71010826532
-1.70144957794
-1.706
-1.71430865248
-1.63548228414
-1.70589390142
-1.62441417269
-1.66215634675
-1.65745218438
-1.64726590987
-1.75234957681
-1.68311111111
-1.76473065583
-1.68529067767
-1.69750515996
-1.71798162072
-1.64670482579
-1.67452631579
-1.65926728586
-1.72385276918
-1.76928362573
-1.69439181287
-1.73408115878
-1.72283514215
-1.71648955723
-1.66719150818
-1.65471499828
-1.75550474981
-1.7016498108
-1.63899030192
-1.74296949009
-1.7460503956
-1.66927527151
-1.7029876161
-1.61566440611
-1.65783522532
-1.74683918129
-1.74950282569
-1.65537949512
-1.6719119367
-1.70606850838
-1.64698383213
-1.69799845201
-1.64491795666
-1.72986507937
-1.70766443068
-1.69468401396
-1.71710784314
-1.71151817893
-1.64207965426
-1.73661575507
-1.68060811342
-1.74671716055
-1.66577957715
-1.64374671974
-1.7455952381
-1.67171859702
-1.64350208855
-1.70558997985
-1.66784842952
-1.74447827903
-1.74618627451
-1.66430065359
-1.72347368421
-1.70666899526
-1.69127295615
-1.73490262421
-1.72305331957
-1.68501823185
-1.6905744754
-1.6401504988
-1.64608341933
-1.64619263846
-1.66414895081
-1.66471055089
-1.68001943584
-1.67990643275
-1.67169607843
-1.67823543708
-1.77984097499
-1.78940247678
-1.67747987616
-1.73363880289
-1.67238263439
-1.70273350042
-1.6413503612
-1.67355054113
-1.7427019867
-1.68648383213
-1.78847083395
-1.69193696912
-1.68978297932
-1.66444134847
-1.75403686252
-1.68479077596
-1.68488183695
-1.6435877193
-1.6972344587
-1.71192606516
-1.68357653939
-1.67718885449
-1.69401031992
-1.61988923289
-1.71900609367
-1.71629016168
-1.74614774682
-1.62067905057
-1.70983016364
-1.69013290803
-1.70984854293
-1.6967172834
-1.75466940352
-1.69122556391
-1.66440289449
-1.71475355054
-1.62512143103
-1.68939164087
-1.63733040936
-1.66882215342
-1.69477089783
-1.67399122807
-1.7644608637
-1.7097289056
-1.70308838083
-1.68288252494
-1.70907810061
-1.69632817337
-1.65070313037
-1.64692191262
-1.67888434321
-1.65112659099
-1.66648788638
-1.65772748047
-1.7549621603
-1.66712108703
-1.63820708634
-1.58650167084
-1.68084033613
-1.65463106295
-1.71543151328
-1.66058359133
-1.69580237358
-1.65614995153
-1.68730202958
-1.69067516831
-1.63416030272
-1.69156105951
-1.70095321637
-1.71386668784
-1.73339618654
-1.67271601464
-1.66579153767
-1.67738218094
-1.62713192294
-1.74392982456
-1.63252631579
-1.68386613593
-1.67076121677
-1.70918197454
-1.66610860485
-1.69688825004
-1.62825219913
-1.68126522188
-1.65873684211
-1.70699616311
-1.63805235374
-1.73368504595
-1.70497911445
-1.6897818566
-1.67913990103
-1.73603987344
-1.7672927341
-1.67477566087
-1.75505096074
-1.75052761617
-1.67835878913
-1.61508668731
-1.68726608187
-1.72332163743
-1.69528448572
-1.73090608875
-1.67140178879
-1.70780952381
-1.70497623962
-1.67239078087
-1.70472932331
-1.617913789
-1.6393250774
-1.68556007666
-1.75682932822
-1.70602130326
-1.68197592019
-1.66113295494
-1.73432298884
-1.6464122807
-1.68742019264
-1.71274384491
-1.66168902649
-1.74384554524
-1.67818738022
-1.69053594771
-1.74043233083
-1.68483217849
-1.71033918129
-1.76452420644
-1.7492443475
-1.70905417957
-1.60412607499
-1.65582957393
-1.67645822891
-1.75282008944
-1.69976522188
-1.69166541353
-1.71018547706
-1.73848201386
-1.69544822841
-1.72028969861
-1.6777626419
-1.75182001762
-1.68152820777
-1.66608010222
-1.69266941864
-1.61283900929
-1.67105882353
-1.69864121087
-1.68281131751
-1.68285999312
-1.64919917441
-1.75728205128
-1.70433023736
-1.63061713106
-1.64606562976
-1.67202081183
-1.71530120928
-1.67681613347
-1.7637666111
-1.68993070913
-1.67559425525
-1.65847437221
-1.69461964489
-1.70873823132
-1.69598356185
-1.7048005383
-1.71087976351
-1.76540028049
-1.68781492948
-1.70280206928
-1.71054204138
-1.65327810854
-1.70624561404
-1.65599039265
-1.63649208806
-1.64659356725
-1.69855973266
-1.71638838612
-1.68007017544
-1.70476780186
-1.67686790506
-1.64887375301
-1.67138080495
-1.64958496732
-1.69312260495
-1.67829519878
-1.64787590205
-1.67950257998
-1.72137833082
-1.6657997936
-1.68110405917
-1.69269637329
-1.65062332301
-1.78895424837
-1.72321146002
-1.64656718531
-1.74549329205
-1.65693085655
-1.69025898079
-1.64644564843
-1.7341984127
-1.7561288402
-1.73770760234
-1.72108307534
-1.6722750258
-1.64522600619
-1.75376406703
-1.66194810556
-1.61214035088
-1.6454887218
-1.74992553783
-1.65019138756
-1.71468893387
-1.71245889233
-1.6666630547
-1.66700240798
-1.71191299516
-1.70512005504
-1.6579869281
-1.6177131063
-1.63175094599
-1.72420863433
-1.61209649123
-1.74076049853
-1.73183419333
-1.59864465084
-1.75309855521
-1.74703029822
-1.67277885668
-1.73537667699
-1.65873642439
-1.7207725649
-1.64750395597
-1.69820897833
-1.66222067423
-1.67089181287
-1.62990994643
-1.7024147624
-1.72357076515
-1.59434674923
-1.71058479532
-1.62334502924
-1.64381492948
-1.672374957
-1.69143216639
-1.78870870804
-1.69325816993
-1.68505951152
-1.71175146199
-1.77153464544
-1.72351393189
-1.65499415205
-1.7217052435
-1.65006965944
-1.72828414173
-1.65425173227
-1.71326731043
-1.73994608625
-1.65459373925
-1.72005995381
-1.66469143447
-1.64991348469
-1.65044341245
-1.71038441692
-1.74010627436
-1.74509666323
-1.61476888299
-1.69515281416
-1.74354695562
-1.69452287582
-1.74059305126
-1.68098090815
-1.61051153525
-1.73389515455
-1.70031471057
-1.67443498452
-1.71245407637
-1.64725146199
-1.61125077399
-1.6568718856
-1.74392161777
-1.68661162711
-1.70919143447
-1.70741088014
-1.61619745442
-1.66283969728
-1.65763914689
-1.67262387492
-1.68173598211
-1.70706363949
-1.69833227488
-1.71014774682
-1.64004540764
-1.68102068898
-1.70339525284
-1.74265307878
-1.6853128655
-1.6785373237
-1.72486584107
-1.66778340081
-1.71211302767
-1.73725357511
-1.72571862348
-1.72067221977
-1.68633701902
-1.65120743034
-1.66300535653
-1.72441331269
-1.67476350189
-1.6610376677
-1.80239248746
-1.65839404885
-1.71284711779
-1.6712868937
-1.76118703622
-1.68714138287
-1.71883333333
-1.73200938398
-1.68499867315
-1.74568653912
-1.70986584107
-1.67690660475
-1.66217836257
-1.64943550052
-1.70250240798
-1.69159446694
-1.72517765001
-1.66303216374
-1.69384313725
-1.67621626842
-1.69175721166
-1.6591782813
-1.6359549855
-1.68913659148
-1.70615885869
-1.71008980785
-1.72106535948
-1.67916838665
-1.64196577227
-1.75333670715
-1.72577851749
-1.69707936508
-1.67038441692
-1.71802357137
-1.70191950464
-1.72068742747
-1.64024347634
-1.65878551772
-1.6605943214
-1.68135884205
-1.6948735073
-1.61950550396
-1.6893552397
-1.58633918129
-1.66742793258
-1.69004231166
-1.75539916911
-1.69471637427
-1.71409064327
-1.67765393877
-1.67954385965
-1.76338579291
-1.67277812178
-1.73488871689
-1.61240247678
-1.65493508281
-1.66890196078
-1.66872807018
-1.65666649467
-1.58457894737
-1.65005710354
-1.61139490884
-1.78967123692
-1.7030609858
-1.76577863777
-1.69419738827
-1.68823246843
-1.72255796354
-1.6768016648
-1.72219543013
-1.65569470244
-1.68428947368
-1.70747609219
-1.74085171261
-1.64376831785
-1.772278479
-1.74543928449
-1.70821740626
-1.76895986762
-1.80472858617
-1.68844306846
-1.66389198486
-1.67787955182
-1.6324623323
-1.7562533294
-1.6884248366
-1.71020472751
-1.69358101135
-1.69869040248
-1.72173976608
-1.68684390463
-1.67279030911
-1.70141314069
-1.6018245614
-1.73012734153
-1.67278654971
-1.66633128258
-1.68222222222
-1.72652992776
-1.6832090029
-1.66497864571
-1.62983212934
-1.69896818025
-1.69217573345
-1.71996727112
-1.64498314413
-1.60554489164
-1.70640454076
-1.63525490196
-1.70422757875
-1.64189594083
-1.67360121457
-1.68289674069
-1.63104720134
-1.70455865153
-1.5724630203
-1.65139456484
-1.62151169591
-1.70947058824
-1.71405142759
-1.69191744066
-1.72130308804
-1.71204007568
-1.72922606393
-1.75709991797
-1.66035854342
-1.73455522668
-1.69816649467
-1.70604231166
-1.65524025751
-1.70722996216
-1.71000945992
-1.66982008944
-1.7235629515
-1.66456484348
-1.6662373581
-1.72694117647
-1.71964568283
-1.75301388275
-1.65016666667
-1.71885706914
-1.68943928449
-1.71723569104
-1.67559133127
-1.69962607499
-1.69384705353
-1.70685454209
-1.66369401445
-1.7066130031
-1.64932773109
-1.66423057644
-1.73833416687
-1.700624699
-1.64070932233
-1.73826917785
-1.67466653058
-1.69139515455
-1.71442918949
-1.69768593618
-1.71384946529
-1.58361609907
-1.68397368421
-1.63281871345
-1.68448316871
-1.68063895032
-1.67820777434
-1.79500842123
-1.64811489508
-1.7108536046
-1.66530701754
-1.65738365522
-1.63585689714
-1.72206054352
-1.69451891985
-1.68010113519
-1.67196776254
-1.72913140695
-1.64327358366
-1.67513003096
-1.70167784658
-1.66144771431
-1.66529411765
-1.70215823873
-1.71922096909
-1.66290517962
-1.66580582678
-1.68648658411
-1.60940350877
-1.68310526316
-1.64735741314
-1.57540935673
-1.75338648091
-1.67477951288
-1.67288338493
-1.73891707209
-1.71904024768
-1.66097093223
-1.70386048454
-1.72010413855
-1.78519497273
-1.7135446705
-1.67712280702
-1.69272170623
-1.79051341589
-1.65046439628
-1.64613364293
-1.68868937049
-1.76114577545
-1.71590643275
-1.68420875719
-1.70278362573
-1.70617001402
-1.72071765953
-1.67666165414
-1.66705538356
-1.68545132439
-1.64676937442
-1.66552315366
-1.65809631923
-1.66421671827
-1.64732026144
-1.62197660819
-1.6576004472
-1.6
-1.74618212197
-1.67996986055
-1.69062332301
-1.76446835225
-1.57862211902
-1.6930659284
-1.60421826625
-1.6859122807
-1.63761560765
-1.71518462824
-1.70782301342
-1.69697085852
-1.71244326503
-1.69744427245
-1.67487134503
-1.65469177847
-1.64137289302
-1.6523245614
-1.65786639676
-1.6381374269
-1.75539399971
-1.6890192147
-1.65778947368
-1.66000808394
-1.67128362573
-1.71897041624
-1.71395788491
-1.73094206103
-1.65540419677
-1.69707189542
-1.68202614379
-1.7083501892
-1.71714035088
-1.67823391813
-1.74990918473
-1.67816698609
-1.67272101823
-1.69980913823
-1.65402149983
-1.64052906777
-1.7679757085
-1.66209133127
-1.70702941176
-1.68249122807
-1.68807774338
-1.71234812521
-1.63233574131
-1.69753887169
-1.68863517769
-1.67923391813
-1.63718472652
-1.76096663227
-1.68918986002
-1.70081682147
-1.69215135879
-1.66917337461
-1.64326023392
-1.6583433584
-1.71788595168
-1.74832210428
-1.6701176395
-1.66106639147
-1.75814615914
-1.664214556
-1.68118970125
-1.66666509411
-1.70193498452
-1.70505996515
-1.6263254214
-1.68552390781
-1.68782163743
-1.6520999312
-1.63015892673
-1.66010319917
-1.63829156224
-1.63335087719
-1.63450872279
-1.74927620522
-1.69996078431
-1.61288200894
-1.67847316821
-1.62963103838
-1.71792793258
-1.65179841761
-1.68357137943
-1.70472878274
-1.69127192982
-1.72979102167
-1.65190844759
-1.68019745442
-1.76331414097
-1.68258599931
-1.71465477419
-1.66389370485
-1.67993181483
-1.72799105607
-1.72056005398
-1.75617000835
-1.6894678854
-1.65065497076
-1.68538001111
-1.70900567595
-1.68062447786
-1.71285476701
-1.67616460268
-1.62953511229
-1.75285470085
-1.63057963536
-1.70627804806
-1.69260398923
-1.70671384343
-1.65329686963
-1.65992019264
-1.63401530788
-1.70000378397
-1.69486861951
-1.71694471473
-1.67062618084
-1.60628534572
-1.67665634675
-1.7869619883
-1.69275020886
-1.67451874785
-1.66874797287
-1.75732188314
-1.65411007912
-1.79393395253
-1.69135294118
-1.60871620227
-1.67832748538
-1.62682397169
-1.67810966897
-1.72099002408
-1.70889359901
-1.67975472996
-1.62582352941
-1.70965669075
-1.71248262814
-1.71295338837
-1.6485128999
-1.66961472308
-1.66696896653
-1.68692621259
-1.73894749128
-1.62581664947
-1.62968077055
-1.59977210182
-1.70552923977
-1.6830877193
-1.72908093764
-1.66428482972
-1.71069163293
-1.73432330827
-1.69016924665
-1.66057373827
-1.6856630547
-1.66646783626
-1.70929532164
-1.70173873409
-1.67156641604
-1.62188304094
-1.69565317139
-1.66711756767
-1.67649835373
-1.74829927761
-1.69585421888
-1.65267010664
-1.69402318012
-1.74672961816
-1.63528379773
-1.64205383557
-1.66307843137
-1.87861093911
-1.77919418645
-1.80403938768
-1.77076721215
-1.73161589116
-1.6954194555
-1.69467276033
-1.63643601651
-1.66550218684
-1.52719185218
-1.58033340705
-1.63604459679
-1.57108236466
-1.54584193326
-1.54299793602
-1.5413993808
-1.550922852
-1.57036070569
-1.63337908497
-1.58898569954
-1.54548606811
-1.44885380117
-1.57193326453
-1.51251943584
-1.60816907465
-1.57671448228
-1.53769728242
-1.49230939906
-1.59405216249
-1.50832259003
-1.54655155044
-1.55727760578
-1.56444341245
-1.53852374904
-1.58217131063
-1.53659204384
-1.47968352253
-1.52611971104
-1.64335748685
-1.55933539732
-1.5512244582
-1.55026160991
-1.62142973074
-1.52958445132
-1.48671689026
-1.49163656691
-1.53935303001
-1.48218838764
-1.50967337461
-1.53166873065
-1.57910231272
-1.54612899897
-1.5395624355
-1.57516150671
-1.57816337223
-1.55384657723
-1.49818868249
-1.57767664259
-1.45888613691
-1.53068478907
-1.61838345865
-1.66106862075
-1.53803095975
-1.51878362573
-1.56745682835
-1.52152665979
-1.5208795745
-1.6276842198
-1.66701417863
-1.59504120029
-1.53114809082
-1.52388028896
-1.5354391862
-1.59479296091
-1.53230242272
-1.47905870445
-1.53886258822
-1.54016374269
-1.46119995502
-1.58313928761
-1.4878128655
-1.53595459236
-1.59407361541
-1.52068679051
-1.55049628974
-1.61091876751
-1.51666941864
-1.52015634675
-1.55390643275
-1.50272652219
-1.54495424837
-1.494125215
-1.4671754386
-1.56515564552
-1.50746766426
-1.5323389696
-1.57371895425
-1.57841564696
-1.51319003391
-1.51127674579
-1.54642982456
-1.50712676299
-1.60476436189
-1.51518627451
-1.51502614379
-1.52608634331
-1.44921637427
-1.53521826625
-1.58340980657
-1.49860749914
-1.58945726496
-1.59017366947
-1.50292672859
-1.5606851688
-1.56129985975
-1.53087184779
-1.49962894983
-1.56113980275
-1.56102631579
-1.58666150671
-1.51741486068
-1.56915686275
-1.62358169935
-1.49581578947
-1.48188235294
-1.53749707602
-1.54085448916
-1.44147368421
-1.58697815617
-1.56315325077
-1.49694702442
-1.54211558308
-1.50200103199
-1.64487088797
-1.54959150327
-1.56779411765
-1.59736834734
-1.59195837633
-1.58994216877
-1.52935397317
-1.47228070175
-1.53585242518
-1.51847614511
-1.53362813897
-1.48378947368
-1.50563218756
-1.58088020957
-1.5453250774
-1.56937775812
-1.56180049483
-1.5165127279
-1.60636822826
-1.5512377021
-1.56589384472
-1.55142051206
-1.51034590246
-1.5243625731
-1.5215753354
-1.49255744754
-1.54352862927
-1.4804368765
-1.49748383213
-1.47113157895
-1.64867293233
-1.54694252789
-1.50823750553
-1.5807003784
-1.52670175439
-1.4894869281
-1.48311650922
-1.57747533426
-1.49850039314
-1.5281876505
-1.54440029183
-1.60484718584
-1.58614069487
-1.55671568627
-1.59900818222
-1.45904508821
-1.52934898521
-1.53845545236
-1.47532276324
-1.57818000885
-1.5520482579
-1.49133591331
-1.59691090471
-1.46997897459
-1.5159915853
-1.51716959064
-1.55234932921
-1.56562435501
-1.50664465084
-1.56608963585
-1.52755100988
-1.53781045752
-1.55928874222
-1.5762086589
-1.52438972431
-1.52910337117
-1.56020863433
-1.5920952381
-1.5959023577
-1.54385645933
-1.53040677675
-1.55378173375
-1.64196464646
-1.53961955038
-1.5037443609
-1.52850515996
-1.55533775616
-1.5730753354
-1.60094564843
-1.47782748538
-1.54419831441
-1.55608681961
-1.58153717627
-1.46610457516
-1.561375129
-1.5340508152
-1.54185183547
-1.6057246302
-1.56237606649
-1.52974269006
-1.56330718954
-1.50814172687
-1.53458636788
-1.52872885078
-1.5093485675
-1.48974868544
-1.54822961816
-1.57031488979
-1.55915769817
-1.54139525284
-1.50341682638
-1.5191501548
-1.53895648435
-1.51567939456
-1.57704093567
-1.48879824561
-1.57026625387
-1.57223671925
-1.543739991
-1.53688137009
-1.6047357175
-1.51725971792
-1.54644091289
-1.47988046096
-1.474
-1.55350814442
-1.53968971448
-1.54595321637
-1.58350125691
-1.55023877756
-1.52189284486
-1.54087719298
-1.38395562436
-1.49593817878
-1.55475465625
-1.59952005013
-1.48359545924
-1.53676088789
-1.54837360558
-1.55265187479
-1.46692810458
-1.54300653595
-1.51382782938
-1.5509851552
-1.5668995528
-1.5840839977
-1.54279411765
-1.53619263846
-1.48421121431
-1.55298997494
-1.57759359182
-1.55267502089
-1.54323123986
-1.54860465334
-1.51439603912
-1.52579102167
-1.51686016512
-1.56415125294
-1.50857980736
-1.637481719
-1.5699372205
-1.55354430949
-1.53625975194
-1.56011936705
-1.57275662195
-1.46227703686
-1.54211420709
-1.53755263158
-1.57330630498
-1.54698420259
-1.48002992776
-1.49969040248
-1.51398577137
-1.48841452991
-1.52508943928
-1.52245933461
-1.51019607843
-1.49143837157
-1.51755238398
-1.54278964568
-1.55849662618
-1.55225865947
-1.48789662883
-1.54637795469
-1.54402159244
-1.54920229495
-1.52581699346
-1.58402648779
-1.59048088169
-1.52713931889
-1.52792245319
-1.48805400757
-1.45106088751
-1.59204901961
-1.4832755418
-1.59644017094
-1.56977955189
-1.51873959408
-1.58740196078
-1.50080942552
-1.48073185415
-1.53554695562
-1.51117027864
-1.51014929481
-1.5194085213
-1.50740282078
-1.51145252838
-1.57020455551
-1.56471895425
-1.51930237358
-1.47494953069
-1.57442307692
-1.52677055384
-1.59159270726
-1.58878771401
-1.53772982985
-1.61842988041
-1.49733206319
-1.57343911249
-1.53281905745
-1.54747058824
-1.54757142857
-1.5025380117
-1.54695579635
-1.55059511524
-1.49524183007
-1.4560380117
-1.58733095181
-1.56329077596
-1.53363261094
-1.52220295838
-1.5803510662
-1.48912951496
-1.58449159664
-1.51855088702
-1.47937117303
-1.61809356725
-1.55326934985
-1.55688273663
-1.56808560617
-1.52594292292
-1.55696534889
-1.48385827313
-1.58149380805
-1.60892530345
-1.52361764706
-1.52252631579
-1.53307017544
-1.48720123839
-1.52237770898
-1.60552786378
-1.58344134847
-1.55825111799
-1.51938355693
-1.55531475748
-1.53642965256
-1.54863833982
-1.56778740403
-1.5173374613
-1.58984158927
-1.49701754386
-1.54688011696
-1.52944324045
-1.52411052896
-1.48539026488
-1.57822222222
-1.57455425895
-1.49688304094
-1.5215602978
-1.47366769866
-1.5559752322
-1.49374465576
-1.52312951496
-1.48627141383
-1.47925313283
-1.51279251674
-1.58212998182
-1.59273107354
-1.56603973168
-1.53776922699
-1.5393245614
-1.56288228112
-1.50276566416
-1.48560646715
-1.52948899209
-1.56842609351
-1.5208001376
-1.53445604653
-1.47988097695
-1.55061403509
-1.50736670107
-1.54135323603
-1.54778654971
-1.59451245761
-1.54220880633
-1.57645559978
-1.59669711042
-1.55069524301
-1.49041348469
-1.55745614035
-1.54602859524
-1.53898864809
-1.47655865153
-1.59314121087
-1.57901823185
-1.5179005848
-1.58485839599
-1.55991565452
-1.53689370485
-1.56314551084
-1.58878637771
-1.58558823529
-1.59524254074
-1.67527360067
-1.58391596639
-1.48942326404
-1.54458688388
-1.57389458941
-1.46529824561
-1.57263096467
-1.4887872377
-1.53038626922
-1.56828083028
-1.51980687012
-1.46998830409
-1.52139159361
-1.57036204387
-1.55371404327
-1.56854471964
-1.53255555556
-1.55905847953
-1.56156449948
-1.54853350846
-1.46964774682
-1.56748717949
-1.53733254705
-1.57406039609
-1.48705555556
-1.57559477124
-1.56200343997
-1.49675981054
-1.54234330925
-1.55382938115
-1.51370485036
-1.53065564552
-1.57342062925
-1.49728861369
-1.52416666667
-1.53240060937
-1.56453437326
-1.56770829033
-1.50452683179
-1.56637784128
-1.5808369453
-1.55925935829
-1.58296422429
-1.53701754386
-1.54068421053
-1.53430856553
-1.53594220846
-1.5561139954
-1.51934210526
-1.57246872082
-1.60118548823
-1.55743051256
-1.53926711386
-1.56636446508
-1.5250304929
-1.54784725199
-1.49797641162
-1.49490884073
-1.52651633987
-1.55744444444
-1.52603858061
-1.52159872721
-1.51205503956
-1.55969384245
-1.46011902305
-1.59935466116
-1.48646026832
-1.53750980392
-1.53417113863
-1.50158634331
-1.55123337206
-1.52755012531
-1.54542510121
-1.54042879257
-1.52389920881
-1.51540942288
-1.51723050943
-1.49378947368
-1.53181605976
-1.57392522029
-1.63369229446
-1.50912211902
-1.61924708075
-1.53911799106
-1.6316369317
-1.55023295985
-1.49740935673
-1.57416718266
-1.55640756303
-1.61670794634
-1.53649582289
-1.49141004472
-1.56682434026
-1.59894777668
-1.54876900585
-1.54485527544
-1.57925318197
-1.54649619146
-1.57852253182
-1.56723482726
-1.55822222222
-1.60702650274
-1.47713140695
-1.5832380461
-1.5778629171
-1.54064327485
-1.54202889577
-1.63217754227
-1.57514110503
-1.52442702344
-1.51884795322
-1.49174770259
-1.4902875817
-1.63145378529
-1.50464826281
-1.51139967566
-1.49752046784
-1.58239903681
-1.51146571935
-1.57199743325
-1.58713140695
-1.59370691434
-1.54501461988
-1.55319057448
-1.59389456484
-1.57417000835
-1.50348242968
-1.56291940636
-1.59655980861
-1.51689633397
-1.55733333333
-1.53086709197
-1.51378077547
-1.45902872377
-1.58269834087
-1.50975909471
-1.57344976077
-1.47804540764
-1.45025490196
-1.54247953216
-1.49351960784
-1.49563673891
-1.5441182122
-1.47016782151
-1.6097254902
-1.56196586489
-1.54470399037
-1.47442414861
-1.52994987469
-1.54596560028
-1.48539043688
-1.5231512605
-1.61794066047
-1.58347230822
-1.57299719888
-1.5191744066
-1.52877674579
-1.5188001376
-1.54512231559
-1.54724588432
-1.57074375332
-1.58642330184
-1.53239731682
-1.5161144528
-1.56709459924
-1.53707757138
-1.53458634331
-1.4438374613
-1.54018528221
-1.56258849991
-1.51771724749
-1.54685448916
-1.55574750602
-1.60274957
-1.48607602339
-1.49330392157
-1.53932881223
-1.57858307534
-1.52702953015
-1.51093304339
-1.57192898914
-1.48952676563
-1.57334313725
-1.48117905057
-1.52655032223
-1.50484593838
-1.5352124183
-1.55999339223
-1.55896013601
-1.56988665291
-1.5975380117
-1.4948503612
-1.53271585827
-1.56199449604
-1.56529428965
-1.53732937736
-1.51257791538
-1.56352253182
-1.48506037152
-1.50921799597
-1.52620227038
-1.57102049997
-1.44839869281
-1.49327409209
-1.52019332645
-1.51117578259
-1.5414479638
-1.56378603371
-1.51943395253
-1.48433453732
-1.56774099653
-1.50477330581
-1.52683866529
-1.52571104231
-1.56083247334
-1.48756185335
-1.59166651924
-1.58432539683
-1.47689930709
-1.54479618163
-1.56923065015
-1.51120172792
-1.54832198142
-1.51698633393
-1.56214260009
-1.48166873065
-1.52307017544
-1.53430638247
-1.57928891611
-1.54642911578
-1.55107351713
-1.58449701795
-1.48493439481
-1.58225695271
-1.58056297607
-1.50841269841
-1.5102517077
-1.58341107671
-1.52820467836
-1.51291520468
-1.52872781879
-1.52104643963
-1.53478898896
-1.50114134318
-1.59588729176
-1.51981271807
-1.54656142808
-1.56986756106
-1.54231619962
-1.59098912439
-1.5405744754
-1.51029682048
-1.64811815
-1.47741589267
-1.57026168929
-1.48114069487
-1.49255211558
-1.53164282501
-1.5234540518
-1.55186876505
-1.4230374957
-1.54027068992
-1.49022723475
-1.5343254214
-1.59418300654
-1.53928033319
-1.5465252838
-1.57355887044
-1.57205513784
-1.4663282263
-1.53883333333
-1.58743323996
-1.52485982112
-1.5065123839
-1.52287218045
-1.55228291317
-1.57139336085
-1.54686874048
-1.58954437564
-1.53295845005
-1.59376141145
-1.49912325686
-1.48706914345
-1.4761627107
-1.54767991056
-1.45329050568
-1.45138235294
-1.53997368421
-1.54304093567
-1.53311179911
-1.54033986928
-1.5475
-1.60885672515
-1.56100210368
-1.55121534228
-1.50525593395
-1.61865338068
-1.58411455108
-1.56713639869
-1.49660818713
-1.52000859993
-1.50469298246
-1.51699656003
-1.58905985552
-1.56297643619
-1.54428276574
-1.62903525972
-1.49600560843
-1.59438608777
-1.5474982063
-1.52005882353
-1.52095837633
-1.50174988754
-1.5261946533
-1.5252775264
-1.53211976775
-1.57471173031
-1.49367767458
-1.52953756941
-1.50900997592
-1.55247007224
-1.51905263158
-1.56607821023
-1.55460347702
-1.58690810359
-1.55948831732
-1.62629119367
-1.50116241584
-1.57226315789
-1.54493137255
-1.50277038184
-1.56236035035
-1.59072807018
-1.47162641143
-1.47587994496
-1.53266073933
-1.57297643619
-1.48630065359
-1.54417494717
-1.45742122463
-1.54168526898
-1.60398290598
-1.59239186201
-1.55396746769
-1.51985792914
-1.58810830999
-1.52183792815
-1.56450980392
-1.4858624011
-1.53145424837
-1.5066318738
-1.55471969517
-1.53573308271
-1.61993859649
-1.53162899897
-1.491
-1.57016246499
-1.55326797386
-1.58946806118
-1.48172943293
-1.48656707946
-1.52287908497
-1.53220949432
-1.52573935593
-1.5923207642
-1.57439559684
-1.49422158337
-1.54365204678
-1.52831630547
-1.58033333333
-1.51715789474
-1.57554456843
-1.5614129687
-1.51681851688
-1.51986738906
-1.53055383557
-1.54261971104
-1.60368593051
-1.55017406261
-1.5139054499
-1.53088296155
-1.58067767458
-1.46570588235
-1.60797285068
-1.50384795322
-1.57574642489
-1.57461042312
-1.5144322987
-1.59167662747
-1.5523736793
-1.50444751585
-1.43165101479
-1.64375438596
-1.57134520124
-1.5379623323
-1.51880787754
-1.52661936705
-1.50063157895
-1.51246370829
-1.50361609907
-1.59047596263
-1.59431336637
-1.59202847359
-1.53366034241
-1.48621929825
-1.54968072141
-1.57669647157
-1.48086996904
-1.46871826625
-1.59514155487
-1.49026340928
-1.51424767802
-1.5442000344
-1.5528496732
-1.53108496732
-1.48003216374
-1.58068905295
-1.58686785213
-1.58190643275
-1.54692311662
-1.58305619441
-1.50306587547
-1.55538906089
-1.54328947368
-1.58700452489
-1.59572639744
-1.49540866873
-1.53939366516
-1.58773677595
-1.60281742441
-1.55648554902
-1.52942294462
-1.51660022606
-1.53576286304
-1.58501060378
-1.60798867266
-1.54557877537
-1.53281947516
-1.57030942552
-1.46692724458
-1.5519005848
-1.56376458303
-1.51492432061
-1.5967505623
-1.4866178481
-1.50737343358
-1.55471634781
-1.51588235294
-1.52919966583
-1.50028070175
-1.53750668338
-1.46655383557
-1.56145958032
-1.49736704506
-1.56110776942
-1.50034453782
-1.52325696594
-1.56039623191
-1.56485982112
-1.52226608187
-1.51670663289
-1.47851841726
-1.44482284142
-1.60440709617
-1.57780701754
-1.53158668731
-1.53670334207
-1.56371654627
-1.52204076367
-1.50706629318
-1.5912254902
-1.50816666667
-1.54973013416
-1.50509356725
-1.50707877537
-1.48667905057
-1.49188441692
-1.51718025456
-1.56607874135
-1.49520536636
-1.52444804318
-1.55335072977
-1.52865428277
-1.55800218684
-1.60475490196
-1.61870549488
-1.51904609563
-1.52075807165
-1.53252837977
-1.5229957265
-1.5843793458
-1.50008255934
-1.52519435845
-1.53411472308
-1.54642208462
-1.64683815771
-1.50007894737
-1.5545444985
-1.55322263993
-1.51394306846
-1.54764860681
-1.53421929825
-1.52326423903
-1.5633159747
-1.55104024957
-1.48425455796
-1.50986466165
-1.52742863569
-1.57191761266
-1.53610337117
-1.56319266492
-1.51947358593
-1.59472246793
-1.54752562779
-1.53599277606
-1.50308824852
-1.59298245614
-1.51611317509
-1.45281839402
-1.56851027077
-1.53728812227
-1.52371895425
-1.60158796501
-1.50750687994
-1.61199346405
-1.56611202025
-1.57685672515
-1.53411437908
-1.60452087988
-1.56372067423
-1.5454587449
-1.51688596491
-1.5943058627
-1.55251489017
-1.57118663174
-1.59552623074
-1.55717647059
-1.5008126935
-1.47331045752
-1.54226074991
-1.56205240666
-1.51871741382
-1.52309650446
-1.56644341245
-1.57151928842
-1.48030787754
-1.53549052685
-1.57050980392
-1.52534210526
-1.56489146887
-1.47136837191
-1.51628070175
-1.60547815617
-1.55897660819
-1.50791062326
-1.49807430341
-1.51614995823
-1.57566819008
-1.453250258
-1.5175465587
-1.58138456435
-1.50525982377
-1.57175507396
-1.59758490478
-1.50035172396
-1.56825077399
-1.59271440857
-1.55589637744
-1.46254924075
-1.47719883041
-1.51000275198
-1.50475937393
-1.5182195931
-1.51687010135
-1.5687248022
-1.56925163399
-1.56188562092
-1.50948039216
-1.71095600804
-1.51389095287
-1.54584881132
-1.50646491228
-1.52643274854
-1.52887411264
-1.47310755206
-1.54115514276
-1.56642547545
-1.49206140351
-1.52710543516
-1.50724696356
-1.58506501548
-1.59269349845
-1.43372824217
-1.48833040936
-1.54049415205
-1.51643407762
-1.55679271709
-1.47710681115
-1.47696405229
-1.62094840041
-1.55401461988
-1.54914226709
-1.59308311503
-1.4538625731
-1.51873706703
-1.58637693593
-1.48569109047
-1.51821534228
-1.54789611283
-1.5081754386
-1.51839697282
-1.47548331613
-1.45130168559
-1.5538044508
-1.5054626763
-1.63274399233
-1.53790299278
-1.53188866775
-1.54159093813
-1.57850541134
-1.5531628827
-1.53396262716
-1.53528355202
-1.50763398693
-1.59720473129
-1.48194152047
-1.52311695906
-1.56660589823
-1.55485964912
-1.61518128655
-1.54704051796
-1.56106140351
-1.54329991646
-1.53701997641
-1.58805882353
-1.51137214832
-1.47947815617
-1.51929824561
-1.51469526758
-1.62338888889
-1.51862057104
-1.49764349599
-1.5544976903
-1.53425868593
-1.56320448179
-1.5196797877
-1.48933717023
-1.60005454814
-1.48412865497
-1.54779156791
-1.53600275198
-1.56214379085
-1.48833849329
-1.4591744066
-1.50795390437
-1.57677646605
-1.4990102273
-1.53624883287
-1.56751891985
-1.5654745442
-1.546375301
-1.53519536398
-1.62489205669
-1.49985122119
-1.50117991056
-1.53540890688
-1.52244117647
-1.49247299622
-1.5491716792
-1.55256695661
-1.5481511471
-1.6044502924
-1.52624944715
-1.53742982456
-1.59198348813
-1.58096343801
-1.51069005848
-1.48228637771
-1.53108429496
-1.54270794634
-1.59293343653
-1.54932979508
-1.49122875817
-1.58293928449
-1.45899208806
-1.51747083395
-1.50076649958
-1.55038979802
-1.52933859158
-1.52154833161
-1.60303174603
-1.56432986879
-1.53019548872
-1.59258110397
-1.57297420021
-1.5110378397
-1.48740901273
-1.54915170279
-1.55418507052
-1.6010032434
-1.52565325077
-1.52926315789
-1.48849122807
-1.48782492997
-1.53220227038
-1.52702648779
-1.46676883385
-1.49763298621
-1.5447127623
-1.48414867296
-1.57640820944
-1.55563324979
-1.57271069831
-1.62757821968
-1.53373237014
-1.54749484004
-1.59089766082
-1.51858926729
-1.50294736842
-1.51753196717
-1.56325541796
-1.58576875447
-1.47560528773
-1.55713935669
-1.52000980392
-1.64561705168
-1.49132163743
-1.56312931839
-1.58270527134
-1.54543498452
-1.55153545629
-1.46969934641
-1.56124874781
-1.55814703425
-1.62504379539
-1.51255179616
-1.49238304094
-1.52689569065
-1.5118034188
-1.5467129343
-1.59631468377
-1.47329824561
-1.47915445476
-1.52244771242
-1.58230632955
-1.51497174308
-1.59105410585
-1.59473015873
-1.56591990156
-1.47021862348
-1.60282146543
-1.53086028797
-1.6271862008
-1.52166424752
-1.54453996983
-1.57646685341
-1.52716447983
-1.59380159297
-1.57628446115
-1.5575836159
-1.55124664603
-1.56448830409
-1.56022738218
-1.52387507986
-1.4991119711
-1.55668627451
-1.51247058824
-1.54911199568
-1.55090434419
-1.52950983794
-1.56791112585
-1.54027347781
-1.47486672564
-1.51179497764
-1.45992414861
-1.65013396047
-1.57474183007
-1.50726384589
-1.56314172687
-1.5422119023
-1.51231954887
-1.5423374613
-1.4390120399
-1.60761583446
-1.51339766082
-1.58844113489
-1.50883814929
-1.4992827166
-1.57410297803
-1.48101186791
-1.52098108015
-1.55976399332
-1.52701361246
-1.57868180255
-1.48680426557
-1.50537598899
-1.5313498452
-1.54060160204
-1.49445728197
-1.58481578947
-1.54066580667
-1.5092746818
-1.52629490393
-1.4540880633
-1.5569871001
-1.59179127305
-1.55687855574
-1.50609563123
-1.5432122841
-1.47213946631
-1.57838026439
-1.52462592378
-1.54285714286
-1.56395390437
-1.56492400788
-1.52253663571
-1.56060111062
-1.56930959752
-1.4596126591
-1.60552373581
-1.5409497764
-1.49137793012
-1.55829478107
-1.52391825374
-1.56332765738
-1.5501369109
-1.61373925009
-1.46720381837
-1.50734915721
-1.49030478156
-1.51831630547
-1.55716339869
-1.48812187331
-1.54088923289
-1.57540363163
-1.58944510787
-1.59161963166
-1.48667079463
-1.58866425422
-1.51518801907
-1.55458950406
-1.60731620718
-1.47451049192
-1.48645783577
-1.51734399725
-1.44302253182
-1.49036340852
-1.47611145511
-1.55076608187
-1.58624895572
-1.59684210526
-1.47885242518
-1.55510818713
-1.63726582946
-1.51750808394
-1.54556690746
-1.47722669419
-1.54202167183
-1.56216750209
-1.54725168691
-1.5443044111
-1.54570072239
-1.51132989336
-1.59726325618
-1.5393315075
-1.45675541796
-1.49497144823
-1.5907039072
-1.56444788442
-1.48611093911
-1.52247334021
-1.53033281734
-1.45731630547
-1.501213868
-1.58151117991
-1.53243584451
-1.60328128012
-1.4728372893
-1.55411908559
-1.61386086634
-1.54268180255
-1.54741898865
-1.56564062116
-1.61595063639
-1.4890373237
-1.52417337461
-1.51898432355
-1.59039774123
-1.50097093223
-1.53774024118
-1.54309007814
-1.53554749619
-1.53012780821
-1.50775587141
-1.50764912281
-1.46948366013
-1.50777984176
-1.55599144921
-1.60088648091
-1.53152390781
-1.53535861713
-1.51093464052
-1.53475979731
-1.48526775272
-1.54777777778
-1.52735279375
-1.53682822252
-1.59001612251
-1.48250154799
-1.503375301
-1.53503078775
-1.55342409946
-1.51888044395
-1.5538351724
-1.57238559445
-1.52613398693
-1.47638286894
-1.55253095975
-1.53849071207
-1.44946405229
-1.54512229102
-1.55301909185
-1.53703611971
-1.53344444444
-1.59585162
-1.57100442282
-1.57658619399
-1.47856725146
-1.52071981424
-1.51026694186
-1.45067836257
-1.62099673203
-1.54546365915
-1.56719760185
-1.50364968571
-1.53693206054
-1.48049298775
-1.56949766573
-1.55824475404
-1.597249398
-1.54395252838
-1.52025111799
-1.47871546513
-1.59630220158
-1.5223428424
-1.48174770259
-1.56358307534
-1.5444887218
-1.61148186643
-1.53148262814
-1.62403817802
-1.56112595214
-1.51144547644
-1.48730701754
-1.57803538257
-1.59913013113
-1.54301461988
-1.52557292742
-1.52662823726
-1.48870743034
-1.51525767851
-1.5864877881
-1.58318954248
-1.55014300457
-1.52144152047
-1.56657585139
-1.52378799941
-1.55627922748
-1.53897525677
-1.48299432405
-1.51137702098
-1.47757757138
-1.55276718758
-1.50730994152
-1.5385376677
-1.57229644745
-1.53019888333
-1.57828654971
-1.54568151147
-1.58348220476
-1.52171074746
-1.53329463364
-1.53062057104
-1.52041107671
-1.4756503268
-1.58567743643
-1.55614282501
-1.55438508035
-1.55890849673
-1.54260802837
-1.56954437564
-1.56478785198
-1.63908724299
-1.52469693842
-1.58554228709
-1.52293859649
-1.54316615067
-1.53912155388
-1.55565371763
-1.54953216374
-1.58493137255
-1.50331045752
-1.54332782938
-1.52486687307
-1.61180984702
-1.6218511815
-1.54253439972
-1.50399292349
-1.58868048326
-1.47356725146
-1.48210973512
-1.58831436056
-1.52067767458
-1.53316047472
-1.6019745442
-1.57623409013
-1.52797117794
-1.53960199518
-1.61141520468
-1.51192442645
-1.56079669763
-1.49617234262
-1.56201668387
-1.53162393162
-1.57305555556
-1.58964687737
-1.53631372549
-1.52865153079
-1.5574379085
-1.4808625731
-1.54372893017
-1.61484957492
-1.53871345029
-1.48485380117
-1.52756897145
-1.54506611741
-1.55483769584
-1.51873684211
-1.54344203646
-1.56448670696
-1.58282501262
-1.5105380117
-1.57966681409
-1.53477640179
-1.54011862991
-1.58261627554
-1.55487581699
-1.52255400757
-1.54281442672
-1.57016769866
-1.55610663915
-1.49141520468
-1.53628914292
-1.47781578947
-1.52227124183
-1.52509665
-1.56827227382
-1.50444702442
-1.59478500172
-1.55923632611
-1.58886507937
-1.57673742065
-1.53773325471
-1.53143043884
-1.54288888889
-1.54617079463
-1.51854248366
-1.58609609431
-1.53419883041
-1.51959889921
-1.5400627795
-1.49087635756


-2.23934915721
-2.08639886481
-2.0279872721
-1.99298734582
-1.84680374957
-1.78491260013
-1.79984974125
-1.82499864858
-1.79852631579
-1.81490163002
-1.76991368796
-1.72301807549
-1.7871628827
-1.6939937022
-1.72362848297
-1.80342343415
-1.69208305076
-1.71969504644
-1.74888304094
-1.78194152047
-1.71019364588
-1.75954840911
-1.77400412797
-1.76626436189
-1.73210732714
-1.71759133127
-1.71341812865
-1.74468145855
-1.7485748194
-1.68804334365
-1.76327141383
-1.75391989778
-1.74825882013
-1.71649191606
-1.80382497911
-1.74667010664
-1.707750258
-1.78446024375
-1.72996904025
-1.70720880633
-1.73422338652
-1.68566666667
-1.72590990107
-1.74404795411
-1.71863877643
-1.69195631235
-1.77002339181
-1.76419848641
-1.73993188854
-1.75348363367
-1.76731768146
-1.75275249398
-1.73397196422
-1.76103371173
-1.73174106389
-1.77765118679
-1.76802287582
-1.76388915917
-1.75010025063
-1.73349432405
-1.75297066195
-1.75025799794
-1.72911278195
-1.79355152587
-1.70819883041
-1.76673099415
-1.73225155838
-1.75638388529
-1.78655108359
-1.77637822497
-1.77561612364
-1.77655710354
-1.75939576883
-1.68635724114
-1.71807086343
-1.81102489049
-1.74400756794
-1.7216002752
-1.77963865546
-1.75777033269
-1.75871305715
-1.8103495012
-1.68839481056
-1.76731991744
-1.73514836866
-1.71966563467
-1.77345076303
-1.75782775566
-1.7469748882
-1.67494736842
-1.72623116615
-1.71231802546
-1.75970314378
-1.73594319131
-1.75669191077
-1.80359232735
-1.74038911381
-1.78772969755
-1.75324054669
-1.71924062607
-1.69805245958
-1.74288829918
-1.70440866873
-1.67787134503
-1.7473853752
-1.74670485036
-1.70550515996
-1.70126470588
-1.77590842302
-1.77649565089
-1.73940685046
-1.7244244926
-1.73700918964
-1.80243736037
-1.71813297951
-1.8123021222
-1.73225438596
-1.77485466116
-1.67874018379
-1.75977885891
-1.71366730552
-1.75471874256
-1.73807309942
-1.71377276525
-1.79015600275
-1.70857231314
-1.72854850361
-1.71263673891
-1.73884877352
-1.81548383213
-1.73114542767
-1.73030556784
-1.76403990368
-1.75580728783
-1.7821749226
-1.80654076367
-1.84870190181
-1.74705616984
-1.73613484692
-1.8063016062
-1.84690264878
-1.74848863486
-1.74925018428
-1.69445692663
-1.54193567251
-1.61418885449
-1.58052400609
-1.59692922918
-1.55417961571
-1.48105951152
-1.52156759546
-1.51183726473
-1.49958445132
-1.52016688781
-1.51276608187
-1.56105840582
-1.49929824561
-1.60316724126
-1.50738493292
-1.48656140351
-1.55348203843
-1.53699924585
-1.44342690058
-1.58522635019
-1.47320467836
-1.6218118146
-1.51460757285
-1.5330120399
-1.52485478402
-1.59247874588
-1.57535475945
-1.51741520468
-1.55275507396
-1.53333333333
-1.48664207086
-1.63547358593
-1.58447100595
-1.54294534413
-1.48917538945
-1.6401173522
-1.48478861369
-1.56504154995
-1.52390350877
-1.50555847953
-1.48220600521
-1.54773482726
-1.5345249398
-1.5690753354
-1.49319084476
-1.49499329205
-1.4417748538
-1.50588854489
-1.5649246646
-1.47448070969
-1.50179824561
-1.46226704015
-1.59389648329
-1.56964715711
-1.43254145167
-1.54168593051
-1.55206939294
-1.45931183351
-1.53538252494
-1.499321662
-1.59073615411
-1.4828799941
-1.55707184628
-1.49946061232
-1.52078242174
-1.56350977935
-1.56534502924
-1.50084753551
-1.48560715514
-1.49418369453
-1.45124477861
-1.49772119023
-1.61639288455
-1.50059855521
-1.5070442277
-1.54559924321
-1.50240660475
-1.5779519141
-1.5650105713
-1.49267113863
-1.51932269399
-1.51069625043
-1.59892882281
-1.55627443609
-1.54579365079
-1.52437908497
-1.51447429282
-1.51348262814
-1.51656548233
-1.57295255295
-1.53431733746
-1.51891587944
-1.50611111111
-1.50553840862
-1.51881279178
-1.51152321981
-1.4620123839
-1.56696682884
-1.53508174849
-1.46651874785
-1.49330976952
-1.56470107962
-1.54697933937
-1.50394014448
-1.62008221534
-1.59049380805
-1.51736996904
-1.5132248022
-1.50053418803
-1.57302786378
-1.57164465084
-1.53645259453
-1.55432163743
-1.58771413829
-1.51192965256
-1.58646061232
-1.55668902649
-1.46993120055
-1.4764747162
-1.55331716546
-1.45362573099
-1.51656157551
-1.53357492525
-1.50290501707
-1.54448366013
-1.53933023736
-1.5095631235
-1.5552496097
-1.51231492948
-1.55161850705
-1.52000412797
-1.53619349845
-1.53395390437
-1.46294805642
-1.49123839009
-1.48619573443
-1.45670657035
-1.49919917441
-1.56259216669
-1.55106656347
-1.54321381886
-1.51165411077
-1.54125770308
-1.50780959752
-1.56646333783
-1.52247368421
-1.50674251806
-1.53193876849
-1.56449216934
-1.58734242469
-1.50743068455
-1.5333995528
-1.51922996216
-1.49032247285
-1.55507763753
-1.53362229102
-1.49191812865
-1.6130877193
-1.46651754386
-1.5384745442
-1.49634518113
-1.54087643883
-1.50419433198
-1.54704088275
-1.54963290579
-1.56102609465
-1.5282066365
-1.51928586171
-1.58411448682
-1.47240161679
-1.51830844646
-1.5451119711
-1.47944444444
-1.54870863433
-1.53663037496
-1.49175610595
-1.56945554617
-1.66533094992
-1.52248245614
-1.54646422429
-1.49330099759
-1.54331475748
-1.55726797386
-1.55270156675
-1.56252517795
-1.60111437908
-1.49427342867
-1.54705170543
-1.53844695827
-1.49367922257
-1.54127192982
-1.60562091503
-1.50300761708
-1.57433456189
-1.51375313283
-1.54981743575
-1.50634416925
-1.57830409357
-1.52641740097
-1.51250343997
-1.56922222222
-1.58413816404
-1.57080618212
-1.53933006536
-1.47157120743
-1.51538718213
-1.5449251806
-1.58878333758
-1.56401341589
-1.50013071895
-1.55219470244
-1.52857585139
-1.53448452012
-1.53352279643
-1.53648969331
-1.51293085655
-1.47064396285
-1.53202700378
-1.42474066577
-1.57687186103
-1.53094134847
-1.57379655209
-1.55241439159
-1.53379084967
-1.57439640769
-1.543500516
-1.52307980736
-1.51909305126
-1.49696525628
-1.56952744607
-1.50066615067
-1.51786652907
-1.66643715349
-1.52899924585
-1.46552992776
-1.49480099759
-1.5740154553
-1.46952132783
-1.51910823628
-1.56214411028
-1.51758685931
-1.48342414861
-1.54814069487
-1.57341564129
-1.47561988304
-1.50193464052
-1.53071929825
-1.53268133569
-1.52940407391
-1.52732163743
-1.53933625731
-1.50713553492
-1.54209769522
-1.55109500939
-1.4942875817
-1.53795533328
-1.4689255246
-1.54108742444
-1.57377966976
-1.4752624699
-1.53826546003
-1.47304093567
-1.47945609121
-1.43977777778
-1.5110252838
-1.5478121775
-1.56235324909
-1.55399845201
-1.54363192294
-1.47745247735
-1.51807508968
-1.55581682147
-1.59519138756
-1.47145356037
-1.50889091318
-1.54707069143
-1.50702589808
-1.50421499828
-1.4911404038
-1.56277333038
-1.53303887169
-1.51891984864
-1.45885087719
-1.53237992709
-1.48475989181
-1.52762573099
-1.48662882697
-1.57843992334
-1.5218126935
-1.48888286894
-1.50366150671
-1.49724062607
-1.60856766917
-1.52925038085
-1.50697762695
-1.4702751978
-1.54438644122
-1.62117280569
-1.45855882353
-1.44046026832
-1.53302560133
-1.46767418546
-1.51832146543
-1.50034055728
-1.53430908153
-1.47241847265
-1.48424905401
-1.52477695748
-1.56603555457
-1.53677330581
-1.49103405573
-1.54158479532
-1.53065782102
-1.56297058824
-1.45485249889
-1.53266666667
-1.56312831097
-1.47030564155
-1.51494840041
-1.50625740823
-1.49941208413
-1.50153250774
-1.45712899897
-1.55646491228
-1.59664757482
-1.44892105263
-1.4513250774
-1.50579942314
-1.5765
-1.48561718021
-1.48541754084
-1.48514258686
-1.54769684581
-1.53914705882
-1.5219386702
-1.60383375104
-1.56994135603
-1.62684262126
-1.5141377709
-1.53850154799
-1.50503508772
-1.57289449113
-1.49858273134
-1.50702540665
-1.52864327485
-1.57053299916
-1.51339977772
-1.52723684211
-1.4987145749
-1.53282706767
-1.59373675327
-1.51020261438
-1.50251599587
-1.53778459157
-1.53943230626
-1.4592880977
-1.58489026488
-1.57158496732
-1.54410877684
-1.54157309942
-1.55695670549
-1.53870691434
-1.50915150622
-1.4803243894
-1.50453904369
-1.49140225564
-1.49811319967
-1.54061059512
-1.55495496093
-1.52530908153
-1.56520379191
-1.56025347683
-1.49467955711
-1.53977691778
-1.55030409357
-1.46488682491
-1.52242591774
-1.50312349501
-1.47023391813
-1.51975782594
-1.50092375547
-1.52370915033
-1.51681768146
-1.49627113238
-1.48606000295
-1.49193550052
-1.55027001327
-1.57831942602
-1.52349432405
-1.47109649123
-1.56055968352
-1.5423196963
-1.49608187135
-1.55697461981
-1.52209398496
-1.52488137387
-1.4608378053
-1.57130392157
-1.51744085704
-1.52014487198
-1.49440183793
-1.53081578947
-1.49335317933
-1.51403181975
-1.56056725146
-1.50322807018
-1.52994562386
-1.56669801011
-1.51847248022
-1.45795290365
-1.54797470297
-1.53847503374
-1.48726470588
-1.51907585139
-1.49925490196
-1.47889097744
-1.49063283208
-1.48271345029
-1.55435227775
-1.54175644995
-1.5311744066
-1.45169917441
-1.47719865841
-1.54601444788
-1.59294247875
-1.58888914027
-1.59147368421
-1.55047093223
-1.54004928989
-1.49877846577
-1.50749398005
-1.56125386997
-1.5705373615
-1.53180139451
-1.56121843825
-1.55285016463
-1.58357835766
-1.5612513369
-1.54044894287
-1.47885758514
-1.53070605435
-1.53154626763
-1.55074286206
-1.47436925647
-1.5691444675
-1.55889756064
-1.49449036808
-1.54399810802
-1.50062383901
-1.47704420365
-1.45842597444
-1.58205837369
-1.54624269006
-1.51123630154
-1.49269625043
-1.57310673176
-1.48342432061
-1.48528930169
-1.56110870313
-1.49519848641
-1.48274293577
-1.60072013367
-1.49878224974
-1.54142577598
-1.57490498683
-1.51203017347
-1.52683886375
-1.60638095238
-1.57219214703
-1.55169374416
-1.52585448916
-1.540499828
-1.51691569421
-1.51416708438
-1.52468905106
-1.52484035882
-1.5204845447
-1.57527352695
-1.51969988886
-1.52054678363
-1.49074509804
-1.48553508772
-1.62714956062
-1.53357351713
-1.53862379932
-1.59087891297
-1.57355113273
-1.54582957393
-1.45473391813
-1.57215479876
-1.52665182564
-1.54078943399
-1.54314379085
-1.54389164087
-1.51232163743
-1.46818369453
-1.5321340115
-1.55137453929
-1.57885365374
-1.55911386309
-1.50804761905
-1.50974148607
-1.49457378741
-1.57236382623
-1.55946847511
-1.51085448916
-1.54327632808
-1.58289005319
-1.60247476534
-1.51587340901
-1.53330753354
-1.54697979798
-1.52578998968
-1.51155366357
-1.58796115288
-1.53897402821
-1.54915789474
-1.533892378
-1.51339633775
-1.56912278056
-1.50170278638
-1.51587977296
-1.48807241142
-1.55980021698
-1.53788515784
-1.48080437141
-1.53334328279
-1.56507843137
-1.48432731338
-1.62735892865
-1.50006535948
-1.49903267974
-1.47416374269
-1.57720305666
-1.50267010664
-1.52043274854
-1.4957621259
-1.55431827684
-1.54210526316
-1.49889146887
-1.51471929825
-1.52320880633
-1.52940340293
-1.51205916753
-1.49895631235
-1.52313497923
-1.56608496732
-1.53466929957
-1.51728431373
-1.53306954037
-1.58391019215
-1.47720231952
-1.55808823529
-1.56404282766
-1.53260457516
-1.56376234704
-1.50778465772
-1.52016209642
-1.53603869969
-1.62133099907
-1.55980122251
-1.45237682441
-1.56146841463
-1.49637289302
-1.55304132881
-1.52521671827
-1.51245338837
-1.52432972136
-1.53483856701
-1.52682557553
-1.46583040936
-1.5436499828
-1.46101960784
-1.49034330925
-1.52854511278
-1.54938483464
-1.49505263158
-1.43622064777
-1.57158961128
-1.51989948098
-1.47509666323
-1.53619347388
-1.50348525726
-1.52453921569
-1.54850601995
-1.47499100315
-1.56501823185
-1.58356390977
-1.54617715858
-1.44488613691
-1.51560212027
-1.53408748115
-1.55606766917
-1.4650877193
-1.50900103199
-1.58871895425
-1.49987549757
-1.548875129
-1.45093567251
-1.5802373581
-1.54323099415
-1.50097678019
-1.59492879257
-1.45951754386
-1.48323469874
-1.542875129
-1.55834547908
-1.54640436877
-1.47547815617
-1.55415924426
-1.49519937098
-1.50652270382
-1.51312899897
-1.56433949882
-1.51030994152
-1.5728582996
-1.57829920389
-1.55733667502
-1.52451960784
-1.43312246302
-1.57494152047
-1.45649921939
-1.57861567002
-1.5200503956
-1.4944496044
-1.51362071846
-1.55955108359
-1.50836694678
-1.51945562436
-1.54632981398
-1.52237942896
-1.45379411765
-1.51177915377
-1.55724107953
-1.56919602929
-1.52605968352
-1.50525775222
-1.56150670795
-1.57123546612
-1.60782818901
-1.52901169591
-1.43794203646
-1.5466496388
-1.49384709322
-1.57447334021
-1.58905163361
-1.57684468524
-1.5269005848
-1.49603631628
-1.59464222774
-1.56994228785
-1.54220244238
-1.49944255246
-1.5458280543
-1.56755194358
-1.5546539142
-1.53460827975
-1.58631016266
-1.52347867217
-1.52370467836
-1.5147646076
-1.50223942208
-1.50048297214
-1.51194451369
-1.58658445132
-1.56411199568
-1.5623880289
-1.56834502924
-1.60898383213
-1.52709047128
-1.53250154799
-1.53822738218
-1.47798899209
-1.5302870657
-1.55884795322
-1.48138721805
-1.51620512064
-1.5706374269
-1.53734734564
-1.5808372893
-1.52406535948
-1.51469745442
-1.54062573099
-1.52172999343
-1.48243550052
-1.55630511233
-1.51281564205
-1.55430495356
-1.54971518351
-1.51236532508
-1.49284004128
-1.4639752322
-1.49672721018
-1.52500326797
-1.51435638115
-1.57790937752
-1.50141658067
-1.49537977296
-1.51945854833
-1.51901435407
-1.51704177109
-1.47805555556
-1.5307375301
-1.5684869281
-1.54936249939
-1.56604152538
-1.46728448572
-1.51155572755
-1.54883462427
-1.53314482284
-1.55219814241
-1.53139783282
-1.5359244859
-1.53619934641
-1.5044950385
-1.42450498796
-1.56574557434
-1.47695424837
-1.46064396285
-1.58803135667
-1.50596987567
-1.62444152047
-1.51889676113
-1.58193550052
-1.47589748882
-1.55951066391
-1.53328596
-1.55027318296
-1.62198775408
-1.5317272631
-1.53998126538
-1.51295658263
-1.52598434813
-1.5594729225
-1.51512722984
-1.5341873065
-1.56288978857
-1.51728760816
-1.55704420365
-1.52623667011
-1.53419389159
-1.54404864915
-1.45263157895
-1.57473026647
-1.56999019608
-1.51104024768
-1.48782593739
-1.53007430341
-1.53986645535
-1.55306223515
-1.56081719003
-1.61087204625
-1.52765273478
-1.4938893066
-1.54626470588
-1.44087925697
-1.55245985061
-1.55222340731
-1.52338441692
-1.51491198585
-1.5508875129
-1.53138202217
-1.5397765719
-1.46633642931
-1.53135928055
-1.50284210526
-1.50849638803
-1.58507813652
-1.57914602683
-1.53935741314
-1.48462222109
-1.4767003784
-1.50211226596
-1.51982819795
-1.52855007617
-1.47744874441
-1.49329480564
-1.5037327028
-1.55533877114
-1.52184451324
-1.50190815273
-1.53559201926
-1.45973099415
-1.50336996904
-1.49246852425
-1.53671347916
-1.48207585139
-1.52364361885
-1.55522635019
-1.50144351074
-1.46959433463
-1.51306707946
-1.59259614723
-1.55937213887
-1.51907479483
-1.49072583419
-1.52013003096
-1.50878195489
-1.58269371959
-1.6091623667
-1.50387426901
-1.55488906089
-1.51563914689
-1.55710526316
-1.52955263158
-1.4824623323
-1.56374819401
-1.51953746924
-1.55398978593
-1.50451461988
-1.5384596384
-1.55997508477
-1.54140379796
-1.57265651875
-1.55345889233
-1.58554729962
-1.50609604139
-1.55121740626
-1.63058543795
-1.57928878569
-1.53652218782
-1.54505882353
-1.45312327387
-1.55195889233
-1.49778035776
-1.51152238439
-1.4951750946
-1.58532983666
-1.50208555703
-1.54937650499
-1.49218172883
-1.5480120399
-1.49253164775
-1.51735155196
-1.53555297558
-1.53297901617
-1.57161816305
-1.5458503612
-1.5554017094
-1.54441700405
-1.54990584304
-1.56275070028
-1.48651796157
-1.49863565399
-1.47574269006
-1.61892076345
-1.51490712074
-1.49547987616
-1.54530994152
-1.49752754435
-1.49641241301
-1.52961577965
-1.55724347634
-1.59375227387
-1.53970583321
-1.47318421053
-1.46035672515
-1.55219047619
-1.52511111111
-1.52599110899
-1.54876573787
-1.47287220502
-1.59924516986
-1.50944744213
-1.49184107327
-1.50083384933
-1.57067629859
-1.51175043
-1.51654626763
-1.55974200206
-1.56179239766
-1.56327708978
-1.58247678019
-1.49698486412
-1.58786475994
-1.46261609907
-1.47526942356
-1.51762573099
-1.4838245614
-1.56309253526
-1.530303037
-1.52956105951
-1.49558254611
-1.5495303209
-1.56655335738
-1.54404004922
-1.52021637427
-1.55523013416
-1.51056671089
-1.55299501204
-1.56272308222
-1.49808651531
-1.55440709617
-1.52690977444
-1.54024369748
-1.51736716792
-1.51186996904
-1.5677978279
-1.5129005848
-1.52330134159
-1.57320880633
-1.55914602683
-1.51163133324
-1.49327278982
-1.54161177453
-1.55192105263
-1.56965955218
-1.47056432749
-1.5158245614
-1.55587117303
-1.49677777778
-1.54684210526
-1.50432601111
-1.53353689929
-1.54860337117
-1.539124527
-1.53167853457
-1.4868125215
-1.45817991056
-1.5086494668
-1.52782352941
-1.44762985896
-1.501624871
-1.62575430658
-1.52191021672
-1.51652749521
-1.54745233559
-1.52291365669
-1.58337564499
-1.47182230085
-1.47149914001
-1.56990161679
-1.51132163743
-1.64061675579
-1.46573305814
-1.57413587891
-1.62340706215
-1.47978070175
-1.51327399381
-1.54800904221
-1.48511764706
-1.5058254214
-1.59827442853
-1.5472621259
-1.49866924665
-1.56216966659
-1.50615204678
-1.49169831441
-1.55291495897
-1.54565413534
-1.54052941176
-1.55620915033
-1.5114502924
-1.57103906826
-1.54346424886
-1.51600687994
-1.49500152342
-1.49114578112
-1.63290756303
-1.54052218782
-1.53730364372
-1.50347712418
-1.53695843682
-1.52423684211
-1.52929413569
-1.56563555949
-1.52015978672
-1.51281630547
-1.53741360755
-1.58349036052
-1.4567003784
-1.53437419529
-1.55614791882
-1.5430249398
-1.53040653859
-1.47946904025
-1.4967119023
-1.47749484004
-1.52288011696
-1.49853078775
-1.52640528168
-1.5438780284
-1.53702888443
-1.57106715318
-1.54211007912
-1.45912745098
-1.54878431373
-1.50748321785
-1.48283333333
-1.51142088063
-1.51673684211
-1.54656432749
-1.56848135043
-1.56359803922
-1.5781943093
-1.57644134847
-1.56287879011
-1.50762030642
-1.51180667355
-1.54496663227
-1.53572119023
-1.57456648408
-1.54056160008
-1.51996405229
-1.56185999312
-1.46883883729
-1.52736340852
-1.5082131063
-1.56169263846
-1.59531601061
-1.48464160401
-1.54066391469
-1.52914944223
-1.51537289302
-1.5862796433
-1.51743257654
-1.52295513293
-1.58565747703
-1.49152420266
-1.63340998217
-1.43905420414
-1.5154626763
-1.5561871345
-1.41297420021
-1.47795734434
-1.57278465772
-1.50859666323
-1.51446685341
-1.51156469605
-1.44699415205
-1.46529514964
-1.49175163399
-1.54089626026
-1.58099036808
-1.51613863089
-1.58401530788
-1.45556793946
-1.48178947368
-1.50845270038
-1.4802249742
-1.44156037152
-1.56405366357
-1.51131203008
-1.51785532459
-1.50064241486
-1.50782421741
-1.54926608187
-1.51393665158
-1.44446783626
-1.52996611627
-1.55453441296
-1.49286068111
-1.55711993596
-1.5669497764
-1.54982583911
-1.55967914318
-1.50942999656
-1.46264069487
-1.57544129555
-1.5372799306
-1.5352411175
-1.52806759546
-1.53419745442
-1.48910560716
-1.50353371173
-1.5513988045
-1.50852488688
-1.48536566907
-1.51371431029
-1.53940513047
-1.54434350582
-1.53666632267
-1.48792397661
-1.50724657042
-1.48514327485
-1.55157098629
-1.59084774153
-1.56124997655
-1.5111227333
-1.47794358445
-1.55973099415
-1.52737014104
-1.51968308592
-1.48824441004
-1.51121428571
-1.52248316871
-1.49295754091
-1.52740454076
-1.55483650302
-1.52353973168
-1.48643894049
-1.53635173719
-1.51624687387
-1.52834124527
-1.52283488132
-1.52158412056
-1.51387426901
-1.54274045408
-1.55763575606
-1.50166357069
-1.49604295051
-1.57642690058
-1.52900326797
-1.55827038184
-1.50170708634
-1.58682388664
-1.51661386309
-1.52200240798
-1.51979377365
-1.51861361738
-1.57953353973
-1.56234468524
-1.50532352941
-1.53076831785
-1.52776162314
-1.48964482284
-1.48929549364
-1.52556931545
-1.46647437221
-1.50518954248
-1.49358513932
-1.50148262814
-1.55220875719
-1.49728104575
-1.44739766082
-1.54800029485
-1.53955555556
-1.48408823529
-1.53025043
-1.48761898336
-1.57773526955
-1.53825593395
-1.44942432061
-1.56697404144
-1.55620983832
-1.58488640152
-1.54397442324
-1.53416081871
-1.55915720674
-1.52598835324
-1.58450911593
-1.52305607155
-1.56098125215
-1.57622171946
-1.52916873065
-1.57641854637
-1.52169573443
-1.61558445132
-1.53330576441
-1.52744024276
-1.46329016168
-1.55800459482
-1.43782163743
-1.58116959064
-1.51488618983
-1.54800584795
-1.50820084525
-1.50844513244
-1.59805297558
-1.51770760234
-1.45931492948
-1.53054420365
-1.53010784314
-1.52602290039
-1.48366932603
-1.52097906531
-1.50957843137
-1.48494736842
-1.49958668731
-1.55316895179
-1.50038236617
-1.46090196078
-1.53616123642
-1.45265703474
-1.53880220158
-1.54514413485
-1.58920713549
-1.45300670795
-1.46314069487
-1.52761194653
-1.48963606603
-1.54124699002
-1.50541812865
-1.48314551084
-1.53850594057
-1.58694152047
-1.5700698012
-1.51145039068
-1.52468317853
-1.5163495012
-1.4948618851
-1.49055882353
-1.48126885842
-1.56400023437
-1.49366013072
-1.48452721547
-1.47876676987
-1.55374514718
-1.46843274854
-1.47896783626
-1.49902492657
-1.53299415205
-1.5460130719
-1.57002240896
-1.5296749226
-1.53033141678
-1.5114752322
-1.52221216692
-1.39979222566
-1.56493614882
-1.59426775272
-1.60103353973
-1.54486716792
-1.50363123495
-1.52039473684
-1.52037633299
-1.46641898865
-1.52386693922
-1.47003233574
-1.48947402821
-1.58287100103
-1.54771388811
-1.51993945648
-1.5181871345
-1.47132094943
-1.53740114993
-1.50416924665
-1.44384244926
-1.53196491228
-1.51509752322
-1.53758169935
-1.53363536292
-1.50129940046
-1.49919195046
-1.57242434518
-1.5452244582
-1.59119543958
-1.47076797386
-1.52817045064
-1.51157894737
-1.54130367586
-1.53701188114
-1.50919023048
-1.50003990368
-1.48051574569
-1.53213664629
-1.50388990765
-1.47043464052
-1.51923202614
-1.50302339181
-1.48344134847
-1.54708978328
-1.52217664259
-1.51136480908
-1.54153078775
-1.48054420365
-1.53765909873
-1.47471757826
-1.5443665045
-1.53804511278
-1.50813880289
-1.5346121852
-1.56531652661
-1.55079843084
-1.48000584795
-1.54919253261
-1.55607981492
-1.54590325739
-1.54140682589
-1.48822222222
-1.51768113912
-1.53952906777
-1.61419934641
-1.45571035432
-1.51806390977
-1.51756469605
-1.52588372893
-1.46071826625
-1.51518421053
-1.50425541796
-1.5593103649
-1.52329483021
-1.50615450391
-1.52110216718
-1.58345589017
-1.51356432749
-1.52729686963
-1.50795321637
-1.55810080442
-1.49195501574
-1.41225868593
-1.50221997301
-1.55693456681
-1.55117352204
-1.55082130666
-1.55740075679
-1.49628431373
-1.46812280702
-1.48697213622
-1.53511570215
-1.52008187135
-1.53068111455
-1.57253690152
-1.54028173375
-1.55236738906
-1.54306157551
-1.49785913313
-1.493446877
-1.53128396973
-1.58231746032
-1.50058513932
-1.5257248022
-1.58364172687
-1.51400584795
-1.52261179911
-1.55834188034
-1.51331778163
-1.48339680083
-1.48697282422
-1.52810573946
-1.50858636788
-1.54120467836
-1.51232163743
-1.59380701754
-1.52755103445
-1.50555125559
-1.49460704208
-1.48307739938
-1.51620571035
-1.51502631579
-1.50635087719
-1.56126797386
-1.55913415893
-1.56912831097
-1.55121121431
-1.50957226399
-1.62703868646
-1.48277777778
-1.47345648435
-1.46603508772
-1.50425463168
-1.52550033455
-1.5311871345
-1.48239766082
-1.50766733009
-1.54396147231
-1.60057727652
-1.57371098183
-1.55960715514
-1.61357865629
-1.47799122807
-1.52216231979
-1.530547895
-1.53675276426
-1.61378195489
-1.45644444444
-1.5441178816
-1.601317139
-1.5039122807
-1.53567878028
-1.51888304094
-1.51149665831
-1.55972964462
-1.53697024424
-1.50805297558
-1.59263462578
-1.49575713794
-1.51920244238
-1.58463432336
-1.48540970072
-1.50108634331
-1.52914452799
-1.53654082622
-1.54263787674
-1.49699277606
-1.53012570453
-1.49464688682
-1.56401564809
-1.46432284142
-1.54120585778
-1.50420381837
-1.46338906089
-1.56190255049
-1.50534033235
-1.52537173817
-1.5657434272
-1.50340350877
-1.53733436533
-1.51026399332
-1.60667494717
-1.50393137255
-1.60887539361
-1.58814755403
-1.53315720674
-1.49008870215
-1.53434193326
-1.59028492354
-1.517499828
-1.52615811966
-1.5486837191
-1.52348245614
-1.50159270726
-1.5333121775
-1.5192416335
-1.52911988304
-1.5588320802
-1.59939316239
-1.56322674711
-1.47826143791
-1.54004282766
-1.50423580341
-1.509250086
-1.55743741896
-1.54087736498
-1.46172342621
-1.55898621554
-1.55772919478
-1.56220723549
-1.47943338739
-1.48019693842
-1.51765428277
-1.4662621259
-1.55922222222
-1.59919928025
-1.54611953904
-1.50514256229
-1.50571895425
-1.52047623292
-1.54891830065
-1.51576133962
-1.54320480122
-1.49254764362
-1.52054798762
-1.55348830409
-1.53551775744
-1.5349373925
-1.48599269667
-1.47484758465
-1.51230084123
-1.57487967468
-1.5501532262
-1.51210638776
-1.58207556032
-1.51990591675
-1.57930581355
-1.54879050568
-1.50491159271
-1.47867973856
-1.49178571429
-1.58483040936
-1.49298933609
-1.49712211902
-1.46292088063
-1.54961186526
-1.53524853801
-1.51761111111
-1.52903491005
-1.50814831196
-1.60828656294
-1.48072875817
-1.48475404197
-1.54873874732
-1.53994444444
-1.53044444444
-1.54453634085
-1.50319435845
-1.58526232247
-1.5235859256
-1.54497076023
-1.49852700378
-1.4959047619
-1.49573959408
-1.54333660131
-1.59613675214
-1.56268072141
-1.57690989729
-1.61071428571
-1.53130925353
-1.49057049486
-1.47483625731
-1.56261875276
-1.50218575851
-1.50435630744
-1.49083453732
-1.44726006192
-1.48539014202
-1.55150584795
-1.48226023392
-1.51993051256
-1.4821871345
-1.55223163971
-1.54088596491
-1.53000526958
-1.53310841206
-1.49899656003
-1.53543868722
-1.60796986673
-1.55184184821


-2.19763394346
-2.05065669075
-2.0141320458
-2.08169379331
-1.90182129343
-1.79337689813
-1.75505454814
-1.75603527535
-1.60156037152
-1.65327760578
-1.59528070175
-1.60034743722
-1.65704282766
-1.58543395253
-1.66340559733
-1.64278018576
-1.72944537815
-1.6035878913
-1.6192800629
-1.58972170623
-1.7139908595
-1.65824696356
-1.60207034744
-1.66297960588
-1.58977708978
-1.69286967419
-1.65380185759
-1.72918295739
-1.67263347093
-1.63215666618
-1.70854120596
-1.6617371861
-1.64829249595
-1.70824979114
-1.77858911986
-1.63044324045
-1.62111988304
-1.62521409859
-1.71658597285
-1.6047120743
-1.6781754386
-1.66347832817
-1.67940046194
-1.63109803922
-1.63406545209
-1.58994808288
-1.70249122807
-1.58801582387
-1.5626639884
-1.65466701066
-1.64735318689
-1.64192667944
-1.61543085655
-1.59083969728
-1.63417698658
-1.66355088702
-1.65802132783
-1.67360005406
-1.55079394565
-1.59467784658
-1.67654272937
-1.61804135338
-1.67717300604
-1.58698108015
-1.58431922945
-1.63479566563
-1.59597729618
-1.59664317657
-1.6362177994
-1.68626463406
-1.692870434
-1.73109266757
-1.61158823529
-1.60876315789
-1.78764379085
-1.64025668449
-1.61103981107
-1.6390700299
-1.62464327485
-1.62835130057
-1.63260612315
-1.66818851049
-1.63532163743
-1.72129957246
-1.61572961816
-1.63235708237
-1.63123391813
-1.72804993252
-1.59645501007
-1.62246388029
-1.62821671827
-1.61652631579
-1.61005761954
-1.62364730454
-1.61629600963
-1.70941758242
-1.71642959002
-1.64876023392
-1.63198813209
-1.6304205253
-1.63185663253
-1.64463032581
-1.62202700378
-1.66997444592
-1.66060882977
-1.64159886794
-1.64506934002
-1.58929394565
-1.69765030223
-1.61714551084
-1.6719005848
-1.64514605329
-1.66960740653
-1.59587719298
-1.6530369797
-1.64277192982
-1.58417251462
-1.57782249742
-1.76552319902
-1.69633778073
-1.61502631579
-1.67522819303
-1.62870416237
-1.64083458647
-1.68558196276
-1.65635620915
-1.60464973709
-1.71470308123
-1.65073288614
-1.66097404144
-1.60046560028
-1.61263467492
-1.62342397661
-1.61918644651
-1.60676148705
-1.66036907777
-1.6193243894
-1.65087082903
-1.65173632611
-1.63975699052
-1.65895321637
-1.68183634992
-1.6257622979
-1.62517234262
-1.65427425275
-1.65959752322
-1.71105164873
-1.58898245614
-1.57388888889
-1.63920588235
-1.69884800236
-1.65544419873
-1.60874269006
-1.60240401154
-1.68165150433
-1.61414791882
-1.65882591093
-1.66565983586
-1.62881682147
-1.62842311662
-1.67079304596
-1.69186515308
-1.66988310709
-1.64343454791
-1.60208273134
-1.67922571512
-1.64579824561
-1.61343550052
-1.63983625731
-1.67273993808
-1.62096862254
-1.65562366701
-1.73818504595
-1.69330032283
-1.65474905401
-1.7324722553
-1.64255555556
-1.66002167183
-1.65184726522
-1.70966615067
-1.71216619981
-1.65254213966
-1.71530618212
-1.66265713303
-1.62623546612
-1.62497420021
-1.62588372893
-1.60252516472
-1.63108496732
-1.69169865841
-1.72821121431
-1.66995488722
-1.61866351777
-1.64603921569
-1.56950945992
-1.63024217406
-1.63394306846
-1.72458302241
-1.61801582387
-1.61063519092
-1.64714729131
-1.65166150671
-1.62699601946
-1.63400533196
-1.66056729115
-1.58665290678
-1.62437581699
-1.59588888889
-1.65732117057
-1.71398791078
-1.71150808394
-1.67338906089
-1.69232972136
-1.67969556244
-1.6197378741
-1.61414035088
-1.62461781906
-1.6536407478
-1.68479971989
-1.66787358101
-1.63245528036
-1.62367922257
-1.69910306687
-1.67171866317
-1.68244152047
-1.63616649467
-1.6587870657
-1.59613074353
-1.64725670133
-1.65148262814
-1.65209509067
-1.6693426704
-1.66948172124
-1.69731977001
-1.64919625043
-1.61622772618
-1.61578052976
-1.68772932331
-1.64969418645
-1.59401031992
-1.65087874097
-1.66503934799
-1.64704643963
-1.63397248022
-1.65351152391
-1.6487371861
-1.62940333677
-1.66455589955
-1.58989886481
-1.70341502151
-1.62933303848
-1.63132584667
-1.6490872033
-1.67837746327
-1.61434124527
-1.65589542484
-1.65133625731
-1.65354761905
-1.68071148734
-1.61800877193
-1.69467129499
-1.70798056416
-1.62541090471
-1.6092124183
-1.66243107769
-1.7106063424
-1.63883660131
-1.72460268318
-1.61121880871
-1.62112917097
-1.68663157895
-1.60901664417
-1.63313398693
-1.67296218487
-1.65865686275
-1.64824079807
-1.61594564843
-1.71339463856
-1.58460956312
-1.57923076923
-1.69453361345
-1.58644306846
-1.69596338886
-1.64477244582
-1.64767479974
-1.69433239963
-1.64550739594
-1.67227192982
-1.61829807362
-1.62866666667
-1.70619281046
-1.65345218438
-1.6760611578
-1.70268004287
-1.61568390433
-1.62709371468
-1.62167836257
-1.63685792914
-1.68751701223
-1.70949294806
-1.66654344194
-1.61302579979
-1.61174613003
-1.72297987616
-1.67845862205
-1.657821146
-1.58108496732
-1.65926274018
-1.68543557423
-1.70621448228
-1.65295583879
-1.65464435599
-1.60740832473
-1.68892312985
-1.67833923421
-1.62596504459
-1.61185227775
-1.61280288958
-1.63548245614
-1.65127930119
-1.6677629462
-1.6815244238
-1.67993274854
-1.82132602434
-1.64905589955
-1.58629583763
-1.56281578947
-1.638625387
-1.63499828001
-1.6196494668
-1.74656346749
-1.74260801514
-1.72205793897
-1.71452720035
-1.7292784412
-1.6818794422
-1.62790918473
-1.62370779891
-1.5815128999
-1.60240247678
-1.73883771268
-1.65929239766
-1.65129650106
-1.74042646397
-1.62852700378
-1.68002046784
-1.59800481596
-1.66866814094
-1.71407305027
-1.65424778386
-1.62727777778
-1.63997584201
-1.69609447639
-1.61250864907
-1.62233023736
-1.6530749914
-1.62475627795
-1.60174269006
-1.66094727581
-1.62640375448
-1.66028441201
-1.6741878225
-1.70718567913
-1.6871522925
-1.67101844354
-1.6941494668
-1.64012433043
-1.68446390675
-1.61684864121
-1.66205572755
-1.58514398295
-1.65703491572
-1.67960302718
-1.63948331613
-1.65523013416
-1.57114035088
-1.63083965037
-1.56030134159
-1.64601926385
-1.68584399725
-1.70579025618
-1.69370207381
-1.58637014104
-1.59471069831
-1.67674291498
-1.65715633352
-1.60421878225
-1.60333443904
-1.64392724458
-1.65555879896
-1.65772932331
-1.53685380117
-1.50954572706
-1.50566256516
-1.58513180387
-1.49525043
-1.46472979016
-1.48166013072
-1.56437487762
-1.44230065359
-1.4037248022
-1.45202339181
-1.49555172244
-1.45590092879
-1.48715497076
-1.46218145855
-1.52064035088
-1.48318369453
-1.5135877193
-1.58717279607
-1.5138252494
-1.50607155143
-1.43737510443
-1.54395213146
-1.56769472701
-1.4624502924
-1.55877347781
-1.49086480908
-1.50585149147
-1.47350877193
-1.54403997739
-1.55072424651
-1.52302315933
-1.55378264288
-1.47072131309
-1.49878866283
-1.5160285272
-1.45671168116
-1.49061533736
-1.54253132832
-1.53843911249
-1.44429102167
-1.4507199371
-1.52714602683
-1.48740800531
-1.46667117832
-1.5671374269
-1.44997437221
-1.54793048609
-1.59769934641
-1.48677234754
-1.4874628483
-1.53804007568
-1.51395231669
-1.55933608531
-1.49820244238
-1.52075369797
-1.52146560028
-1.4676001032
-1.47621671827
-1.48821367143
-1.56480443756
-1.52984460208
-1.54278426458
-1.42490970072
-1.45361988304
-1.50345906433
-1.44416959064
-1.44052484152
-1.51828465772
-1.55434962406
-1.5577427392
-1.45609219126
-1.46532905983
-1.57305410585
-1.49492397661
-1.47159356725
-1.46863157895
-1.52170231007
-1.5189379085
-1.57003813455
-1.52142037787
-1.49810887513
-1.53105951152
-1.50888456435
-1.47224355005
-1.42936910905
-1.52278224974
-1.58811521451
-1.49119298246
-1.51499707602
-1.52838235294
-1.54359867429
-1.48322617819
-1.47793159369
-1.49204000953
-1.49701668387
-1.50007852966
-1.52695848218
-1.48281991744
-1.46025146199
-1.53122610448
-1.49236929428
-1.52986085311
-1.44439336085
-1.49250626566
-1.52252289592
-1.56398409674
-1.46659495647
-1.58010526316
-1.46447316821
-1.472213868
-1.44002923977
-1.46866597867
-1.50090299278
-1.45883876358
-1.52344240503
-1.52240884073
-1.4644246646
-1.41674583896
-1.46435672515
-1.44534760922
-1.55219818778
-1.51333333333
-1.42857309942
-1.51740183793
-1.48044444444
-1.48273202614
-1.52964138287
-1.49649810802
-1.43963398693
-1.43372386282
-1.49681578947
-1.53447842646
-1.39103199174
-1.45878207774
-1.5468252494
-1.48336945304
-1.54090943044
-1.51944441798
-1.52172370028
-1.44863157895
-1.51083297989
-1.52871612289
-1.50964361885
-1.49076315789
-1.5204000688
-1.41512418301
-1.54185552116
-1.46623873409
-1.4944655757
-1.51789461777
-1.52175173227
-1.52429824561
-1.52669603874
-1.48271929825
-1.58981018723
-1.51368661851
-1.41257309942
-1.55024957
-1.44923340213
-1.51123076923
-1.45759496781
-1.44884795322
-1.51588572676
-1.52280904184
-1.5372429112
-1.47132163743
-1.51382834537
-1.57757973365
-1.48874925247
-1.56236205899
-1.48889697282
-1.45732355398
-1.60149521308
-1.57224156425
-1.51483195734
-1.50584718704
-1.49867573345
-1.45881802546
-1.51960562039
-1.50731475748
-1.48655555556
-1.5233654725
-1.4546124871
-1.56179541992
-1.49370983832
-1.52084991891
-1.49555779154
-1.50944647716
-1.43573904596
-1.51292053664
-1.45602407981
-1.53344881812
-1.50212020247
-1.50246125117
-1.43323065015
-1.5298249054
-1.47814754836
-1.52495980524
-1.53317342754
-1.46997781218
-1.53054108121
-1.5550609272
-1.47514189886
-1.53533969728
-1.48550228512
-1.48039422085
-1.50861111111
-1.52180736154
-1.54346137402
-1.54926315789
-1.5417412895
-1.49823202614
-1.45719917441
-1.49848520056
-1.48781652661
-1.54654430193
-1.48150140056
-1.50975119738
-1.5321406703
-1.49831527348
-1.5276415303
-1.50451312482
-1.4784126247
-1.54595279866
-1.48995528036
-1.52485566188
-1.52088672662
-1.52770752296
-1.54925163399
-1.52836178682
-1.46426556588
-1.57242513369
-1.44487375301
-1.47728431373
-1.43936016512
-1.54967733058
-1.47914568283
-1.52766407913
-1.5025373237
-1.49222792275
-1.52861455108
-1.50069517875
-1.51075981621
-1.52894530444
-1.53463528353
-1.53783925878
-1.50904695562
-1.5442378741
-1.55374573689
-1.5341512605
-1.54957255885
-1.39700447196
-1.59525935829
-1.46927846577
-1.5258255934
-1.52689299228
-1.43912693498
-1.55846316583
-1.46182372598
-1.44277605779
-1.50967737972
-1.53406516291
-1.49853508772
-1.50589473684
-1.45926797386
-1.50108870215
-1.49779222566
-1.49074922601
-1.49042343415
-1.51729256966
-1.50721637427
-1.54298194014
-1.51195751634
-1.51630659983
-1.44887323701
-1.57248287385
-1.48859943978
-1.54568293282
-1.45691397612
-1.51029448811
-1.4923015873
-1.47619612757
-1.4634126247
-1.54101554792
-1.55390616246
-1.53509438755
-1.50378035776
-1.50419040248
-1.53170258981
-1.45723745639
-1.53540740993
-1.53501044277
-1.5309781316
-1.49420602789
-1.49793515652
-1.52211764706
-1.47371654627
-1.51439166544
-1.55284399725
-1.41699277606
-1.53308209249
-1.51059855521
-1.42952253182
-1.5076589513
-1.51514413485
-1.51420499779
-1.43319556244
-1.56546078431
-1.52660130719
-1.54405802969
-1.60069561158
-1.52820192638
-1.55018693123
-1.48534090127
-1.46765256278
-1.5410315986
-1.51046439628
-1.48532937736
-1.43842311662
-1.48666037643
-1.49633243365
-1.52359280176
-1.51072789818
-1.50654931446
-1.53359169984
-1.49062418301
-1.59168297062
-1.60293896506
-1.49935871542
-1.4943498452
-1.50699828001
-1.45838137009
-1.4300280112
-1.47750533196
-1.53604093567
-1.52747076023
-1.53757901352
-1.38407749767
-1.54359907121
-1.50432464079
-1.49488914027
-1.55610509116
-1.49763037496
-1.49308801415
-1.50442191262
-1.50671266401
-1.5408636788
-1.60967851
-1.47169607843
-1.53430116959
-1.51977186745
-1.48628704113
-1.44742690058
-1.50688484031
-1.5331148157
-1.45684262126
-1.44726261733
-1.50846648106
-1.49909269403
-1.51077939948
-1.51040935673
-1.52901582387
-1.49534326011
-1.56502177767
-1.52101233476
-1.49903955968
-1.47457852966
-1.46703457172
-1.48762020247
-1.50903719707
-1.5461375989
-1.57664700968
-1.53033443148
-1.45173632611
-1.55791331269
-1.43917804315
-1.47894392845
-1.44733918129
-1.52323838442
-1.48612295444
-1.46046867168
-1.44727192982
-1.46866151994
-1.4954074156
-1.5181044188
-1.49386321195
-1.51547918817
-1.46536549708
-1.48181699346
-1.52357435255
-1.53210597572
-1.43133677331
-1.48199122807
-1.47445132439
-1.54028934859
-1.54492397661
-1.45053663571
-1.49567669173
-1.52023391813
-1.46416081871
-1.50389817681
-1.4787994496
-1.44905179616
-1.48046061232
-1.49064929481
-1.51677192982
-1.45959356725
-1.51097635491
-1.47543692565
-1.52754183536
-1.53665428277
-1.48820725834
-1.47918629908
-1.45222342621
-1.50312902354
-1.55503216374
-1.48421094403
-1.52349055331
-1.50910437859
-1.52815234164
-1.50870175439
-1.46785070519
-1.57338235294
-1.47229652563
-1.53856158221
-1.52203694001
-1.46958290334
-1.47310108605
-1.50201737186
-1.54570035383
-1.58208625069
-1.5224714728
-1.39382129343
-1.47795798319
-1.4706750946
-1.60318481914
-1.44721804511
-1.56057162514
-1.46799707602
-1.52844997108
-1.51995112782
-1.50568263797
-1.51572807018
-1.5752254902
-1.40973976608
-1.54492674182
-1.44853457172
-1.4775031489
-1.58604331908
-1.49768450538
-1.45462401101
-1.46860749914
-1.5761932036
-1.50917882943
-1.5469625043
-1.47729136567
-1.48565494619
-1.46788390093
-1.50062961548
-1.50297327028
-1.56543928449
-1.52255232349
-1.50509076613
-1.56970494865
-1.46900567595
-1.51066290727
-1.57562472357
-1.46716959064
-1.51316133471
-1.58481746032
-1.51127915377
-1.52403213917
-1.47947660819
-1.50522998673
-1.5154302744
-1.53058445132
-1.47056518748
-1.49233796029
-1.51698830409
-1.53139019116
-1.49666565925
-1.49810371517
-1.48490641385
-1.4809000688
-1.58147602604
-1.55120401494
-1.54124517175
-1.5155995872
-1.49598493027
-1.50583866529
-1.4603371173
-1.43502803578
-1.52807852966
-1.45688304094
-1.49437613642
-1.56682182266
-1.47167097986
-1.45064551084
-1.43719298246
-1.43671878225
-1.48377522237
-1.48654788933
-1.51378657428
-1.50086627769
-1.49761781906
-1.48705096074
-1.53947243108
-1.52095975232
-1.49094169247
-1.46356862745
-1.42345098039
-1.4595
-1.53418840465
-1.51891004472
-1.44595681511
-1.47365497076
-1.546
-1.53232232542
-1.53247406601
-1.52136928105
-1.45980981866
-1.49008379924
-1.45700137599
-1.56289089995
-1.47777894208
-1.52343309254
-1.54891924381
-1.56617585631
-1.48646439628
-1.5167809796
-1.49112231559
-1.48710590957
-1.52531094894
-1.49066099071
-1.48649294806
-1.49150484053
-1.45393567251
-1.50463810166
-1.49667460317
-1.50680295573
-1.47490958165
-1.46981475748
-1.48196766426
-1.48805939245
-1.4995744754
-1.52950257998
-1.47648004816
-1.47368459611
-1.51148921323
-1.52433986928
-1.56889869281
-1.51731249693
-1.42961686078
-1.44757363998
-1.509481547
-1.46928475034
-1.47365403705
-1.5282358895
-1.48726065163
-1.45498245614
-1.48559757236
-1.51279721362
-1.49663860443
-1.47986859305
-1.49278253326
-1.49709735122
-1.43845822891
-1.52547093223
-1.55720915033
-1.49824040493
-1.53263126141
-1.52021912625
-1.47224269006
-1.50526934985
-1.49833006536
-1.58744826415
-1.50675679395
-1.47684279326
-1.51500085999
-1.4375369797
-1.52377333038
-1.50322841417
-1.52929512885
-1.55113157895
-1.49208683473
-1.51868907116
-1.55754968303
-1.5455963438
-1.50354920484
-1.53934100712
-1.53326155698
-1.48260233918
-1.51188292186
-1.55674200206
-1.43545596835
-1.53858722976
-1.54871023713
-1.44343928449
-1.48312074303
-1.58882399627
-1.51042156863
-1.44696147231
-1.44608359133
-1.49470811834
-1.47729241089
-1.43532163743
-1.43075438596
-1.49239680083
-1.50704059168
-1.48597007224
-1.54569851287
-1.52242272348
-1.45031510148
-1.58467325176
-1.51448538012
-1.45296800826
-1.4917249742
-1.50713275167
-1.54217382635
-1.55583625731
-1.56195459236
-1.46551995184
-1.49447712418
-1.57066207185
-1.49265486131
-1.47349690402
-1.46492879257
-1.49898393041
-1.50785955084
-1.46655538356
-1.41685242518
-1.50524509804
-1.53696115288
-1.48679721362
-1.55109258818
-1.47903508772
-1.50230426557
-1.47164912281
-1.4159499484
-1.44733333333
-1.52853007519
-1.61483591331
-1.49334699494
-1.4883505332
-1.49856862745
-1.4179745442
-1.45164951973
-1.47449810802
-1.51058543417
-1.48524269006
-1.48413157895
-1.49024979114
-1.44550334169
-1.50215067079
-1.46172558848
-1.45476676987
-1.50466863237
-1.52316563467
-1.50321605484
-1.53181802546
-1.52034537324
-1.48085903484
-1.54490888231
-1.45241898865
-1.53449621603
-1.51945559978
-1.46071158288
-1.4725751634
-1.42044306846
-1.4825744754
-1.5155128999
-1.45830089931
-1.45296491228
-1.51544117647
-1.42692122463
-1.46510818713
-1.50149707602
-1.55918421053
-1.53594014448
-1.50085247432
-1.51017825484
-1.53190056022
-1.5097943558
-1.54126797386
-1.47889181287
-1.46101529465
-1.51508494275
-1.49778362573
-1.47338562092
-1.49300378397
-1.54956582633
-1.49496886825
-1.51146406552
-1.45926942356
-1.51391176471
-1.50265524104
-1.45854673448
-1.49176350189
-1.48919504644
-1.49733591331
-1.51686687307
-1.44974839247
-1.47941795666
-1.51713656691
-1.48935852452
-1.4906573296
-1.56097793503
-1.5122003784
-1.51949363605
-1.50244383686
-1.55651754386
-1.56351626616
-1.56457378741
-1.51854798762
-1.59780897757
-1.49329824561
-1.48653233574
-1.53034055728
-1.55292156863
-1.52827605779
-1.45831475748
-1.45055108359
-1.50550572321
-1.4139621603
-1.48306931545
-1.52110199518
-1.49147641162
-1.4855626075
-1.44776450931
-1.50186340663
-1.5223995528
-1.48163762347
-1.39240798074
-1.50053233574
-1.52278018765
-1.48273477812
-1.54357727652
-1.48094039019
-1.53663673891
-1.5133249054
-1.466923196
-1.49592097892
-1.48571712481
-1.48961988304
-1.46442019264
-1.51005550641
-1.44809769522
-1.41942982456
-1.45134881321
-1.4857763035
-1.53356910375
-1.49421465428
-1.42963845889
-1.46466924665
-1.49282180943
-1.57446171802
-1.5380495356
-1.46410801514
-1.47859305126
-1.53139063345
-1.49561455108
-1.40710199518
-1.48211467016
-1.49491831388
-1.4767622979
-1.43475627795
-1.51543343653
-1.4673505332
-1.5372486363
-1.49344537815
-1.55492633545
-1.53847798418
-1.49851857585
-1.49902049241
-1.5063022942
-1.52482733795
-1.60808790453
-1.45562737727
-1.42534006585
-1.48422875817
-1.46279807362
-1.50859717922
-1.4510380117
-1.59767423461
-1.49659806379
-1.43764568283
-1.47561114324
-1.52184571723
-1.57233505332
-1.52814401199
-1.58305572755
-1.59745442036
-1.55351540616
-1.53872585309
-1.49318369453
-1.49810319917
-1.48185964912
-1.46370760234
-1.49155480141
-1.51808842619
-1.50410526316
-1.49036498108
-1.50189218143
-1.53869084476
-1.50337815126
-1.44338097695
-1.49424329867
-1.56704248366
-1.54730893599
-1.49858496732
-1.4211128311
-1.46641729323
-1.41084795322
-1.5382791292
-1.44897076023
-1.55917825312
-1.51343874392
-1.48390802988
-1.53617809229
-1.48524561404
-1.47267148263
-1.47845854833
-1.51688417121
-1.4686756106
-1.50705735493
-1.49527192982
-1.49997088309
-1.57115438861
-1.5538750723
-1.52358450047
-1.51994527987
-1.49434330925
-1.4499504644
-1.50461988304
-1.491
-1.46925249398
-1.54122721018
-1.49444048848
-1.43866470853
-1.50887719298
-1.53703405573
-1.49505037103
-1.52633291562
-1.55914439946
-1.5342244582
-1.57387919442
-1.50981990232
-1.47313519092
-1.51131266326
-1.4610431055
-1.52032164688
-1.4689619883
-1.51615934444
-1.53881441348
-1.48870367094
-1.49271878225
-1.59667644602
-1.48452562779
-1.49201169591
-1.5239896007
-1.52308909529
-1.51351540616
-1.54396761134
-1.49117479974
-1.48020470482
-1.51383952528
-1.54349707602
-1.53254127967
-1.48124664603
-1.50262285994
-1.48758160106
-1.58413308724
-1.53081131751
-1.53639616575
-1.45724905401
-1.57651108163
-1.46147884417
-1.45264396285
-1.48510233918
-1.46889164087
-1.48730650155
-1.52595980146
-1.45543274854
-1.5067994496
-1.47275898079
-1.50614042459
-1.49154116059
-1.50708603058
-1.52355263158
-1.4687373581
-1.46908412056
-1.51818644651
-1.51461988304
-1.4780725116
-1.56165693646
-1.47857327141
-1.43264275886
-1.4946404983
-1.55644650843
-1.49106862745
-1.49410478685
-1.46828235559
-1.54845862205
-1.47412468577
-1.47579497764
-1.44424595803
-1.50366150671
-1.50413622291
-1.56319963748
-1.53171052632
-1.50823549258
-1.52499570003
-1.51298441428
-1.47181699346
-1.42621327829
-1.47872212394
-1.50236979704
-1.51778195489
-1.52037908497
-1.44182318541
-1.56667767458
-1.49693213426
-1.48257774338
-1.50869341185
-1.49636752137
-1.49035173719
-1.49378173375
-1.54561695906
-1.57189915966
-1.48138011696
-1.51661397082
-1.42971654627
-1.54987303374
-1.54636962504
-1.50154778349
-1.52098503612
-1.51324011008
-1.50551943584
-1.41185087719
-1.46413828689
-1.49545431452
-1.43108496732
-1.53156956563
-1.50858496732
-1.47738670205
-1.4403562753
-1.47262297902
-1.52284382903
-1.53985296575
-1.49970394312
-1.49225662195
-1.51751530788
-1.52905813553
-1.47941520468
-1.41222927417
-1.44102923977
-1.52133023736
-1.49382714138
-1.50552631579
-1.51476351512
-1.48089026488
-1.49013519092
-1.49604901961
-1.48725576195
-1.42978947368
-1.49031854145
-1.50783677331
-1.5334045521
-1.56356017495
-1.52809150327
-1.52524119499
-1.49185778171
-1.5265633125
-1.5225497076
-1.50942306747
-1.50622222222
-1.49360973512
-1.50272239422
-1.56186651584
-1.47835312641
-1.49094196275
-1.44955475811
-1.55167428375
-1.56065602732
-1.43425472996
-1.52339193572
-1.44619745442
-1.48518335053
-1.47315153079
-1.53842724458
-1.50329573935
-1.53233642931
-1.49365325077
-1.54165428277
-1.52678519829
-1.47505995381
-1.56826880928
-1.49378793893
-1.51009855521
-1.56053867512
-1.54326696833
-1.53171345029
-1.52688109981
-1.48378895769
-1.55428064883
-1.51697385621
-1.48257467197
-1.47700240798
-1.55935553817
-1.48414017888
-1.46016546268
-1.45619590643
-1.4341812204
-1.49389336085
-1.54092857143
-1.46359545924
-1.4716871345
-1.47443486544
-1.51683625731
-1.48859786722
-1.47694854784
-1.49723993808
-1.46606485912
-1.50963314017
-1.48055452356
-1.52034979606
-1.44154506364
-1.47853420315
-1.49721106688
-1.51363678805
-1.4220244238
-1.45064909824
-1.44254575163
-1.49825438596
-1.51683458647
-1.43493085655
-1.50981746032
-1.53487134503
-1.52387969925
-1.44699862401
-1.51328173375
-1.50956911217
-1.49887426901
-1.47306639147
-1.51402339181
-1.45558169935
-1.44936704506
-1.48621595656
-1.43839181287
-1.51216289593
-1.49240660475
-1.53913966288
-1.51342002064
-1.49006950067
-1.55282586368
-1.48980134159
-1.50446031746
-1.45661211853
-1.48158926729
-1.50645351123
-1.4865245958
-1.4480242915
-1.51722996216
-1.54995933461
-1.46424905401
-1.51663909774
-1.51768575851
-1.4768243894
-1.48721843825
-1.57646505404
-1.54595751634
-1.4658021222
-1.47459736445
-1.54675660872
-1.5178085901
-1.45801344235
-1.46518870895
-1.59784316183
-1.4917586727
-1.49932819795
-1.51461829261
-1.48087908497
-1.49809770278
-1.57165969411
-1.54265686275
-1.45191234686
-1.55871618148
-1.4901623667
-1.53327399381
-1.5000877193
-1.56213536292
-1.489767507
-1.54329125982
-1.45859413239
-1.52994068505
-1.58478844169
-1.48638820089
-1.48225269055
-1.54662925791
-1.50799122807
-1.49269263846
-1.48944056219
-1.45790547447
-1.54335770422
-1.46352154897
-1.52629318394
-1.46353852769
-1.52666809558
-1.53511644307
-1.48342844857
-1.47568077055
-1.44474931673
-1.49171408914
-1.48437741412
-1.41541225613
-1.50704678363
-1.50175438596
-1.449874613
-1.54405366357
-1.50652373581
-1.48330650155
-1.47680151359
-1.5174375645
-1.54097631333
-1.56219010762
-1.4571372549
-1.45863241248
-1.44784382525
-1.49411764706
-1.50504417908
-1.49763833604
-1.47756793946
-1.52184936701
-1.50603216374
-1.50559290383
-1.51604430107
-1.48755803725
-1.44062398644
-1.46409973463
-1.43977726178
-1.37322600619
-1.42153646371
-1.53446938424
-1.46037065703
-1.56597528512
-1.53025181733
-1.51606896028
-1.57628738513
-1.40436119711
-1.44753680771
-1.43978052976
-1.48320544007
-1.52411993218
-1.5204455029
-1.4494126247
-1.53507206742
-1.44404695562
-1.50339525284
-1.54519435845
-1.51029286451
-1.59813880289
-1.52993998812
-1.53684424743
-1.46171482628
-1.49802287582
-1.51045177045
-1.48012297902
-1.45316231756
-1.487500344
-1.500913617
-1.51090893901
-1.51928500172
-1.48430116959
-1.43899415205
-1.53144152047
-1.45942208462
-1.44045407637
-1.53931062951
-1.54312624699
-1.49993876849
-1.55092245319
-1.47513381493
-1.45613474864
-1.52117096663
-1.53122033024
-1.45658926729
-1.49932905794
-1.53697368421
-1.47442515414
-1.49676485331
-1.53258414702
-1.46896407686
-1.52432817337
-1.54550472661
-1.45937426901
-1.47528173375
-1.50501461988
-1.44065497076
-1.49362022704
-1.47708187135
-1.53073234368
-1.47636601307
-1.4455693816
-1.51708840729
-1.50491916065
-1.47413553492
-1.54456766917
-1.5460407391
-1.47107585139
-1.49424246892
-1.53751901813
-1.50497892355
-1.51881947292
-1.48664757482
-1.53497385621
-1.44476775272
-1.51269340017
-1.47435274461
-1.47961885105
-1.48285242518
-1.54934151555
-1.47568421053
-1.47351071306
-1.50820512064
-1.47180323357
-1.51482465402
-1.52810388717
-1.51690488476
-1.57044217719
-1.42092387832
-1.44469074647
-1.57822136223
-1.51109690705
-1.53610681115
-1.46612113617
-1.50122617819
-1.50829721362
-1.49237908497
-1.5374820063
-1.53334846921
-1.52031429441
-1.48687925697
-1.49895424837
-1.5058498452
-1.50123529412
-1.46147017052
-1.50069130594
-1.54848642534
-1.47482731338
-1.47706681485
-1.48802565237
-1.51554818419
-1.45528998968
-1.49588992088
-1.5289063666
-1.51103675856
-1.46792294462
-1.47030769231
-1.53939024031
-1.49401788786
-1.43837764283
-1.48855664047
-1.52811695906
-1.40285500516
-1.47256395892
-1.51633625731
-1.60036099865
-1.48250515996
-1.54049525775
-1.56097345173
-1.50093928449
-1.45908616461
-1.52742763772
-1.54956415549
-1.53665256278
-1.47249715541
-1.43544702442
-1.50645629912
-1.48945068554
-1.5457129343
-1.50811811202
-1.55673141186
-1.59009146925
-1.48306707946
-1.47234500467
-1.52863779358
-1.53591139614
-1.47076436189
-1.57014764097
-1.44319005848
-1.55270344035
-1.53905446875
-1.52873760381
-1.48535213033
-1.52495906433
-1.5430678733
-1.43777055384
-1.52816575753
-1.5975498796
-1.50319160647
-1.50747599391
-1.57369105078
-1.46268317853
-1.43828070175
-1.56190849673
-1.43943171655
-1.51669423559
-1.52166150671
-1.50451619244
-1.49966976264
-1.50978183203
-1.53794152047
-1.47786468812
-1.48000501253
-1.52381974544
-1.46824259366
-1.45560784314
-1.46019539044
-1.47435657772
-1.48220924105
-1.51066735466
-1.43342198634
-1.42285380117
-1.46835246487
-1.53926023392
-1.49660595115
-1.47735852452
-1.52480283665
-1.53040358249
-1.44433075335
-1.50142891165
-1.49061012826
-1.49462509214
-1.49733419333
-1.49661644307
-1.42387134503
-1.51918826478
-1.5128620571
-1.49297406979
-1.49599484004
-1.54729360165
-1.48225305688
-1.50846365915
-1.43689517912
-1.47061138896
-1.55816374269
-1.51947053909
-1.47884188034
-1.45956570347
-1.50190341616
-1.43368421053
-1.53327416581
-1.54508213407
-1.43724750602
-1.49828566325
-1.48852287582
-1.5343702639
-1.4790877193
-1.50296336429
-1.49565187479
-1.45747213622
-1.46613605091
-1.50953027176
-1.57164075914
-1.45898004816
-1.45361420709
-1.5187646265
-1.54261204482
-1.43815755074
-1.44739078087
-1.53930994152
-1.58514676775
-1.50153216374
-1.48251393189
-1.52149570003
-1.54742439432
-1.52427265751
-1.51037355455
-1.44881578947
-1.47730065359
-1.50384367971
-1.48868249054
-1.43164619883
-1.51396253076
-1.50654693294
-1.50416425869
-1.54715170279
-1.43661695906
-1.60642837486
-1.5014379085
-1.55450068799
-1.50655275444
-1.55284846921
-1.49456435206
-1.51890011794
-1.56152431796
-1.51882591093
-1.53279315937
-1.4792879257
-1.53686412109
-1.49775662195
-1.5583054034
-1.54762022704
-1.51841064199
-1.50410491916
-1.41381888545
-1.45630478156
-1.46080701754
-1.51154127967
-1.53833957443
-1.49269470244
-1.5041527877
-1.46279699248
-1.51110939112
-1.48428070175
-1.51734529385
-1.5126275039
-1.48300670795
-1.53156449948
-1.50760546162
-1.45661816305
-1.4665497076
-1.47779084967
-1.48262177503
-1.56075116713
-1.48759797306
-1.45249054008
-1.46038625977
-1.52927347781
-1.47649122807
-1.50211386309
-1.5387967222
-1.49745512159
-1.53659276396
-1.49778104575
-1.48632731338
-1.43341812865
-1.53396134945
-1.57448916409
-1.50619115662
-1.50589309057
-1.49923706703
-1.50811224139
-1.52704929745
-1.49210732714
-1.56137952725
-1.47601656101
-1.46279122013
-1.50764568283
-1.4520032434
-1.5168627451
-1.50453978082
-1.51830185759
-1.52280959752
-1.52250292398
-1.54044410045
-1.48157142857
-1.4864251806
-1.52517182663
-1.50427971891
-1.50112258399
-1.57262155388
-1.45822185176
-1.49760053981
-1.46227382181
-1.47611558308
-1.51189542484
-1.51689078087
-1.48347682933
-1.47290333677
-1.43494152047
-1.57288014823
-1.48263479778
-1.4603371173
-1.46048483766
-1.49921598113
-1.54191409897
-1.61112071846
-1.48761059512
-1.48944272446
-1.50715583075
-1.56233677331
-1.53550316969
-1.46434571723
-1.55153688142
-1.46709752322
-1.49616777237
-1.47210651629
-1.47302579979
-1.48991331269
-1.44445098039
-1.49052373581
-1.53586647993
-1.47983625731
-1.50170077154
-1.51530203714
-1.57079224869


-2.05991056072
-1.92804007568
-1.82232834537
-1.71010749914
-1.68081062951
-1.5372895663
-1.58918983734
-1.53158324733
-1.59530701754
-1.61796622968
-1.56619470244
-1.53353199174
-1.64191275701
-1.54785466116
-1.60754245909
-1.50879239766
-1.61830925353
-1.57609494324
-1.59184313725
-1.59062573099
-1.53935328517
-1.61076772814
-1.57855521156
-1.60667010664
-1.57639067503
-1.55190495847
-1.56380990183
-1.5031750946
-1.62828964568
-1.56480116959
-1.56925982377
-1.61690169617
-1.49553216374
-1.56830475699
-1.56289225326
-1.54291847265
-1.61226608187
-1.50276308418
-1.54380181222
-1.57417710944
-1.59644444444
-1.59574609034
-1.61497007224
-1.59570743034
-1.62771840612
-1.55168724035
-1.58850385579
-1.54447643619
-1.50376109391
-1.54275730994
-1.60812188087
-1.5784235589
-1.5736756106
-1.573213868
-1.58407689662
-1.64775459766
-1.60240141833
-1.50407722738
-1.59887758612
-1.54194374322
-1.56632601111
-1.58029433879
-1.55239274657
-1.53033144135
-1.53796320553
-1.56544754042
-1.57661914212
-1.53290505676
-1.53078654971
-1.540250086
-1.58567476383
-1.57006965944
-1.56019000934
-1.55795670171
-1.47240095336
-1.53817096663
-1.57279869546
-1.55688424493
-1.60548036759
-1.56570770062
-1.56046675512
-1.54827841663
-1.5649630203
-1.54974597126
-1.61456123151
-1.55699122807
-1.54850479139
-1.5912246302
-1.51286326109
-1.58865349649
-1.53670195096
-1.60012924468
-1.60437289302
-1.5869248366
-1.51479050568
-1.61082382238
-1.55445820433
-1.61429455993
-1.54614931938
-1.52907894737
-1.52614654283
-1.58700484242
-1.60807413141
-1.54802742149
-1.53033279277
-1.59814580191
-1.53286160726
-1.63094272446
-1.62107724061
-1.56145575666
-1.56052316311
-1.58074613003
-1.56815379323
-1.55222340164
-1.54448784102
-1.61963398693
-1.47481871345
-1.53410025063
-1.54569539044
-1.55774217406
-1.60836943981
-1.5519002408
-1.56250509381
-1.59909548381
-1.57170634732
-1.53388372893
-1.53089869281
-1.57019091847
-1.47335810114
-1.56832163743
-1.62524603175
-1.52631871345
-1.54615600275
-1.58572770161
-1.56166666667
-1.62441958592
-1.56197257851
-1.56047493734
-1.57176143791
-1.56854489164
-1.53567991056
-1.57957354926
-1.56679741019
-1.48675644995
