-15.1408900512
-15.3530694471
-15.6597898301
-15.1037996487
-15.5768501707
-15.6480317436
-15.5451885647
-15.7313597568
-15.6705856422
-15.950771671
-15.806027383
-15.5528696653
-15.9407312846
-15.4242110374
-15.6103307775
-15.0297405246
-15.4404504385
-15.9477223079
-15.73154761
-15.7077964325
-15.6070374738
-15.7622764013
-15.6478006032
-15.5970784587
-15.5633124597
-15.6388383881
-15.7386248308
-15.2644652726
-15.2715200194
-15.5146157342
-15.5571702396
-15.4218502948
-15.8319832177
-15.7451266113
-15.79851766
-16.4579802816
-15.7738829726
-15.6967612308
-15.6470061285
-15.6748878532
-16.3595319421
-15.7616104644
-15.6867249609
-15.8349470046
-16.2855395471
-15.9896164982
-15.9909052066
-15.6569255751
-15.7617972689
-15.3524227964
-15.5916527781
-15.5235847875
-15.6959383211
-15.4419457326
-15.5302195966
-15.2795208589
-15.6255329223
-15.3962771232
-15.7202693152
-15.558466718
-15.8347187436
-16.1182222481
-15.9041597015
-15.5425491994
-16.1091289812
-16.0328813843
-16.036362836
-15.3001398237
-15.5384322698
-15.8277372355
-15.6880828068
-15.3428856435
-15.4379466181
-15.7911772437
-15.8847676641
-15.695816488
-15.4925659629
-15.4725821004
-15.5462193393
-15.5707088152
-15.2276530342
-15.6039462626
-15.5433140933
-15.690587612
-15.4274232758
-15.4103405506
-15.4492025368
-15.512021657
-15.4838117282
-15.8058378279
-15.4508419491
-15.5559743123
-15.4336572966
-16.0526853341
-16.1235189472
-15.8784308529
-16.0567303764
-15.9063884692
-15.9443734358
-15.8579153446


-15.528836851
-15.4335288893
-15.3762584865
