-14.4109589041
-15.1805555556
-14.7333333333
-14.5810810811
-15.3287671233
-14.9315068493
-15.1780821918
-15.0273972603
-14.904109589
-15.1780821918
-14.8783783784
-15.1666666667
-14.904109589
-14.7638888889
-14.2972972973
-14.8108108108
-15.0
-14.8648648649
-14.2916666667
-15.0704225352
-14.7432432432
-14.72
-14.9324324324
-14.2972972973
-15.1690140845
-14.7432432432
-14.4054054054
-14.7972972973
-14.4864864865
-14.4
-14.5405405405
-14.7808219178
-14.9589041096
-15.1643835616
-14.698630137
-15.0410958904
-15.3098591549
-14.9189189189
-14.8493150685
-14.3866666667
-14.72
-14.8108108108
-15.1232876712
-15.125
-15.1369863014
-14.8378378378
-14.8571428571
-15.1805555556
-14.8918918919
-14.6081081081
-14.16
-15.4142857143
-14.6533333333
-14.4594594595
-14.6
-14.4459459459
-15.1690140845
-14.5
-14.9452054795
-14.8918918919
-15.5972222222
-15.5070422535
-14.7972972973
-14.5135135135
-14.6216216216
-15.5070422535
-14.5068493151
-14.5945945946
-14.8356164384
-14.8904109589
-14.5540540541
-14.72
-14.9733333333
-15.25
-15.0
-14.8378378378
-14.3866666667
-14.5810810811
-14.7162162162
-14.6266666667
-14.4594594595
-14.6351351351
-14.8243243243
-14.9864864865
-14.472972973
-14.8767123288
-14.5540540541
-14.9726027397
-14.6933333333
-15.0273972603
-14.8904109589
-15.0
-14.7083333333
-15.4084507042
-15.3055555556
-15.0273972603
-15.1142857143
-15.04
-14.4459459459
-15.0540540541


-14.5205479452
-14.8918918919
-14.7702702703
