Result Log


Using seed of: 	1355091999148

Run: 1
1000	-729060757.563	-3208.48188735	1000	11
2000	-2643518.45208	-3208.48188735	1000	12
3000	-2126455.97728	-3080.13131972	1000	13
4000	-142131921.462	-3042.32667124	1000	14
5000	-1959269.15132	-3042.32667124	997	15
6000	-612769.166548	-2999.83823732	1000	16
7000	-566062.853139	-2966.1765771	1000	17
8000	-6368016.56559	-2966.1765771	1000	18
9000	-4910027.66574	-2946.67605662	1000	19
10000	-651501.564046	-2946.67605662	1000	20
11000	-1263476289.98	-2758.61264272	1000	21

Run: 2
1000	-428489930.759	-3187.46200705	1000	11
2000	-2.62556110439e+11	-3065.37218013	1000	10
3000	-161155597.173	-3065.37218013	999	11
4000	-49734060.7177	-2952.54094418	1000	12
5000	-9725076698.43	-3065.37218013	1000	13
6000	-5402163.78558	-3064.42786409	1000	14
7000	-240891.375045	-2972.37325417	1000	15
8000	-3063974.74519	-2972.37325417	1000	16
9000	-142945693.416	-2939.97191323	1000	17
10000	-2746701.14224	-2704.4308355	1000	18
11000	-144186413.64	-2704.4308355	1000	19

Run: 3
1000	-2.11749753637e+11	-3288.84490219	1000	9
2000	-12394869.0834	-3180.01783235	1000	10
3000	-1.50790459955e+12	-3180.01783235	999	9
4000	-148957926.042	-3079.97954036	1000	10
5000	-730534244.515	-3180.01783235	995	11
6000	-7210427.73136	-3045.05817565	1000	12
7000	-2776158.54678	-3073.57682995	1000	13
8000	-159021.420481	-3073.57682995	1000	14
9000	-1774076.14733	-3024.51912984	1000	15
10000	-3429245.15168	-2939.8344388	1000	16
11000	-13705900.0416	-2939.8344388	998	17

Run: 4
1000	-2516403901.19	-2965.71937735	1000	11
2000	-7378120503.45	-2856.49394761	1000	12
3000	-20144001756.1	-2856.49394761	996	11
4000	-4029553.33455	-2856.49394761	997	12
5000	-1.90833809817e+11	-2856.49394761	998	11
6000	-142851007.845	-2856.49394761	999	12
7000	-1773938.94074	-2921.06917554	1000	13
8000	-919223.803268	-2905.86897172	1000	14
9000	-572654.689054	-2879.67751585	1000	15
10000	-2370271137.64	-2879.67751585	1000	16
11000	-632936162.849	-2871.12912591	1000	17

Run: 5
1000	-11933581465.3	-3113.73541088	1000	9
2000	-10516969.0236	-3067.74967984	1000	10
3000	-3071727.49454	-2903.41788415	1000	11
4000	-5052677250.87	-2903.41788415	1000	12
5000	-149690580.066	-3089.04448487	1000	13
6000	-3359038129.1	-2998.23576324	1000	14
7000	-346213082.783	-2998.23576324	998	15
8000	-533576.613331	-2998.23576324	999	16
9000	-560717.335414	-2998.23576324	996	17
10000	-1133133.37524	-2991.93583101	1000	18
11000	-239564395.74	-2968.57248375	1000	19

Run: 6
1000	-78564947.7908	-3309.53254731	1000	11
2000	-6516161.2744	-3240.2718965	1000	12
3000	-43338693.7074	-3240.2718965	1000	13
4000	-1052074.73452	-3240.2718965	1000	14
5000	-28357450.1356	-3047.41583076	1000	15
6000	-672691.247919	-3164.14094391	1000	16
7000	-5142045.82331	-3021.26943139	1000	17
8000	-233550.98784	-3021.19599883	1000	18
9000	-7404018.03788	-2963.86975119	1000	19
10000	-2017181.56592	-2953.20569287	1000	20
11000	-19579211.1083	-2963.86975119	1000	21

Run: 7
1000	-2603271164.59	-3059.1017846	1000	11
2000	-5616633.5217	-3059.1017846	999	12
3000	-44560380.3667	-2202.37996481	1000	13
4000	-920575.683445	-2998.84703528	1000	14
5000	-1152690.50688	-2998.84703528	999	15
6000	-160298.061482	-2998.84703528	994	16
7000	-2358207.23289	-2259.7486467	1000	17
8000	-690279.677561	-2038.9896786	1000	18
9000	-3948248.79311	-2035.31206616	1000	19
10000	-7739275.87832	-1960.98430734	1000	20
11000	-669731162.699	-2035.31206616	1000	21

Run: 8
1000	-2157838021.35	-3230.70627428	1000	11
2000	-160257259.538	-3119.54825207	1000	12
3000	-6138708.08488	-3019.46621097	1000	13
4000	-2531876919.18	-3022.13783474	1000	14
5000	-5926223.02773	-3107.50426243	997	15
6000	-9859640.18793	-3119.54825207	994	16
7000	-289930.637611	-2868.4946693	1000	17
8000	-2308911.2975	-2868.4946693	1000	18
9000	-66683920.5099	-2868.4946693	999	19
10000	-252907949.545	-2868.4946693	999	20
11000	-4168800.79099	-2863.31029475	1000	21

Run: 9
1000	-16377908162.4	-3090.53015459	1000	9
2000	-57243261.8782	-3123.26685753	1000	10
3000	-1748321.16129	-2958.64045163	1000	11
4000	-2376059.82988	-2958.64045163	999	12
5000	-27071759.4903	-2958.64045163	999	13
6000	-2519658.02904	-2952.75101818	1000	14
7000	-36636982982.4	-2934.95190113	1000	13
8000	-8942721.67799	-2934.95190113	1000	14
9000	-141382877.144	-2861.57465971	1000	15
10000	-1097534.39606	-2861.57465971	999	16
11000	-20960761385.0	-2861.57465971	998	15

Run: 10
1000	-2484985832.75	-3310.4960111	1000	11
2000	-10827189891.0	-3279.67717431	1000	10
3000	-924090.418144	-3238.70627428	998	11
4000	-602987506.193	-3163.79938321	1000	12
5000	-63353413.8857	-3029.66081835	1000	13
6000	-4429718.59112	-3029.66081835	1000	14
7000	-3253411693.5	-3050.1474173	1000	15
8000	-100433533.476	-2967.65525084	1000	16
9000	-5761715.82035	-2962.76999122	1000	17
10000	-2425930.79317	-2997.88898246	1000	18
11000	-14123481.6063	-2928.67520362	1000	19

Run: 11
1000	-72056806.263	-3257.32589331	1000	11
2000	-449813453.084	-3257.32589331	1000	12
3000	-1273376083.21	-3213.86989168	1000	13
4000	-5.56601712575e+11	-3145.40087628	1000	12
5000	-1934755.49524	-3107.63867761	1000	13
6000	-142900922.208	-3107.63867761	1000	14
7000	-517979.132417	-3102.61164715	1000	15
8000	-5960079.02526	-2966.88545976	1000	16
9000	-895991.473482	-2966.88545976	999	17
10000	-9.58151587126e+12	-2866.64292042	1000	16
11000	-2354401497.81	-2855.97382107	1000	17

Run: 12
1000	-2525041310.08	-3236.07886737	1000	11
2000	-5953395.59322	-3128.90869551	1000	12
3000	-106576237.408	-2892.56797217	1000	13
4000	-6161448.10009	-2892.56797217	1000	14
5000	-17405710.9467	-3062.79015474	1000	15
6000	-17032145025.3	-3005.02771019	1000	14
7000	-863971.271938	-3036.62902605	1000	15
8000	-393841.011872	-3000.15251441	1000	16
9000	-143264928.065	-2918.60051783	1000	17
10000	-302942.365744	-2841.8533537	1000	18
11000	-41763409.8431	-2918.60051783	1000	19

Run: 13
1000	-2.78370253485e+13	-3229.77227914	1000	9
2000	-3869217.09493	-3229.77227914	1000	10
3000	-142745334.928	-3059.61862715	1000	11
4000	-2830391020.18	-3059.61862715	1000	12
5000	-1652960.46456	-2991.5822617	1000	13
6000	-177097.399506	-3048.27513195	998	14
7000	-10784848.2315	-2985.43801458	1000	15
8000	-781263.859302	-2996.32438194	999	16
9000	-457621.489824	-2929.76781449	1000	17
10000	-417585.416572	-2929.76781449	1000	18
11000	-3928425.72939	-2956.56774775	999	19

Run: 14
1000	-3561823254.68	-3154.70619904	1000	11
2000	-1.46719757173e+13	-3154.70619904	999	10
3000	-593869.827498	-2969.45373619	1000	11
4000	-1144275.62442	-2969.45373619	1000	12
5000	-4185052978.05	-3031.65110851	1000	13
6000	-2227940.66464	-2694.55024324	1000	14
7000	-500785.053707	-2694.55024324	1000	15
8000	-207765.498462	-2694.55024324	999	16
9000	-37271303.1487	-2937.24317054	996	17
10000	-2763890.77347	-2937.24317054	996	18
11000	-43994556.6287	-2937.24317054	995	19

Run: 15
1000	-41185484397.3	-3060.8808145	1000	9
2000	-183925.470553	-3280.65529873	1000	10
3000	-3741758347.18	-3204.61953594	1000	11
4000	-2570728.29471	-3250.99165361	999	12
5000	-11562398.207	-3002.15480222	1000	13
6000	-185656878.757	-3002.15480222	998	14
7000	-6069291.47571	-3002.15480222	993	15
8000	-1444104.44687	-3002.15480222	986	16
9000	-2839395.27452	-3002.15480222	972	17
10000	-21570127.6847	-3001.76305577	936	18
11000	-1888964107.95	-2866.86955655	1000	19

Run: 16
1000	-1999084020.24	-3257.68994905	1000	11
2000	-4664970.30977	-3243.71989164	1000	12
3000	-8370864.27116	-3243.71989164	1000	13
4000	-178478312.585	-3114.51171116	1000	14
5000	-1262489214.02	-2992.42893473	1000	15
6000	-731980.444739	-2992.42893473	1000	16
7000	-6952947.87354	-2992.42893473	1000	17
8000	-809870.866183	-2992.42893473	998	18
9000	-2318589.68824	-2992.42893473	998	19
10000	-512908120.78	-2992.42893473	997	20
11000	-2168353.21895	-2955.58846339	1000	21

Run: 17
1000	-4393022037.32	-3298.67174798	1000	11
2000	-2771138802.58	-3289.65251105	1000	12
3000	-309827.464788	-3289.65251105	1000	13
4000	-795736042.053	-3238.70627428	1000	14
5000	-1403859328.86	-2598.55902929	1000	15
6000	-2395286.49366	-2606.23213841	1000	16
7000	-172722.061622	-3071.02112632	1000	17
8000	-2264979.19995	-3071.02112632	999	18
9000	-590290.36732	-3071.02112632	1000	19
10000	-1787389.41366	-2949.64005263	1000	20
11000	-42117.4608771	-2949.64005263	1000	21

Run: 18
1000	-56149889187.6	-2999.97565579	1000	9
2000	-808606090.418	-3256.30121406	1000	10
3000	-4389755994.87	-3141.35768034	1000	11
4000	-1631124.59101	-3082.77539511	1000	12
5000	-5052049.16377	-3082.77539511	998	13
6000	-148431436.71	-3032.56962569	1000	14
7000	-530151.50248	-2943.27390776	1000	15
8000	-431580.035954	-3032.56962569	999	16
9000	-687314.415175	-3032.56962569	998	17
10000	-576308.589468	-3013.18161292	1000	18
11000	-18941906.9805	-2742.69823016	1000	19

Run: 19
1000	-85573198420.9	-3064.50433815	1000	9
2000	-1582393.14787	-3064.50433815	1000	10
3000	-2649239.36077	-3268.09060625	1000	11
4000	-8406422.19069	-2436.8783348	1000	12
5000	-1217808.64481	-2978.92091173	999	13
6000	-485188.065538	-2978.92091173	999	14
7000	-1262827001.19	-2978.92091173	1000	15
8000	-1.53703358039e+11	-2931.19791133	1000	14
9000	-304425.830092	-2931.19791133	1000	15
10000	-193682633.527	-2960.30385127	1000	16
11000	-903582.474022	-2850.23819891	1000	17

Run: 20
1000	-1231972064.07	-3027.93446309	1000	11
2000	-975046.165371	-3027.93446309	1000	12
3000	-320784343.833	-2956.56774775	1000	13
4000	-1763791942.51	-2956.56774775	1000	14
5000	-687107.734372	-2956.56774775	999	15
6000	-6570601.13415	-2956.56774775	999	16
7000	-23113887.8674	-2956.56774775	999	17
8000	-2110375.10566	-2940.43406761	1000	18
9000	-995985656.611	-2940.43406761	999	19
10000	-2125493.43362	-2940.43406761	999	20
11000	-5255273.3743	-2919.08383141	1000	21

Run: 21
1000	-185045903.479	-3017.59584451	1000	11
2000	-865057.961841	-3017.59584451	998	12
3000	-21967169.9392	-3017.59584451	999	13
4000	-11995897955.8	-3017.59584451	997	12
5000	-20712174.8061	-2633.26188694	1000	13
6000	-213953.279541	-3017.59584451	991	14
7000	-11060387.5573	-2944.69385145	1000	15
8000	-41135399.7229	-2920.67047323	1000	16
9000	-297103.516879	-2929.49519678	1000	17
10000	-614518.3125	-2888.48513294	1000	18
11000	-290058745.779	-2849.64941095	1000	19

Run: 22
1000	-421665319.791	-3333.88916327	1000	11
2000	-2080606.08518	-3254.59883427	1000	12
3000	-1299960720.32	-3254.59883427	1000	13
4000	-5326126.0555	-3192.36595091	1000	14
5000	-48692527.0347	-3146.71998926	1000	15
6000	-1600276.86382	-3062.02112632	1000	16
7000	-1978194.43839	-2921.72724246	1000	17
8000	-90946.4264234	-2921.72724246	998	18
9000	-37127236.6077	-2785.67230758	1000	19
10000	-4178406916.87	-2743.81298159	1000	20
11000	-81026948.9231	-2746.18963258	1000	21

Run: 23
1000	-1129219268.35	-3031.96499615	1000	11
2000	-1790623.06998	-3031.96499615	998	12
3000	-9097234.31778	-3031.96499615	1000	13
4000	-1306346941.88	-2967.71350367	1000	14
5000	-2413865.23559	-2967.71350367	1000	15
6000	-105593.00226	-2967.71350367	1000	16
7000	-1610959.60971	-2265.15942447	1000	17
8000	-569944085.237	-2265.15942447	999	18
9000	-25524264.0183	-2265.15942447	1000	19
10000	-45179613.8518	-2328.18381584	1000	20
11000	-955624815.68	-2328.18381584	1000	21

Run: 24
1000	-184921969.968	-3006.93282926	1000	11
2000	-3016103882.82	-3006.93282926	999	12
3000	-2108566.76005	-3006.93282926	1000	13
4000	-2435885.074	-3066.05032702	1000	14
5000	-506005.346216	-3066.05032702	999	15
6000	-1463618.24405	-3066.05032702	1000	16
7000	-85942712.4028	-2945.7540816	1000	17
8000	-40364.7157557	-3000.5177122	1000	18
9000	-555997.774546	-3000.5177122	1000	19
10000	-5.8543565029e+27	-3000.5177122	999	18
11000	-59295072.4845	-2913.12029103	1000	19

Run: 25
1000	-3.14966067383e+11	-3153.33444781	1000	9
2000	-1262708883.45	-3153.33444781	999	10
3000	-1828006.81425	-3143.69711264	1000	11
4000	-156708699.847	-2955.41295552	1000	12
5000	-15963406.7697	-3002.15480222	1000	13
6000	-27978737.4361	-3059.92736056	996	14
7000	-655042.149474	-2852.91423338	1000	15
8000	-472484.30189	-3002.76853542	1000	16
9000	-1264619262.53	-3002.76853542	998	17
10000	-3586755.47381	-3002.76853542	997	18
11000	-12638867.8135	-1033.65550282	1000	19

Run: 26
1000	-365424153.625	-3007.99740325	1000	11
2000	-1.02324065247e+12	-3007.99740325	999	10
3000	-4989905569.34	-3007.99740325	997	11
4000	-10203904816.2	-3007.99740325	993	10
5000	-1709171.0917	-3007.99740325	990	11
6000	-330239126.847	-3006.65537578	1000	12
7000	-512118572.581	-3006.65537578	979	13
8000	-2671457513.47	-2563.65767243	1000	14
9000	-7455771.91721	-2320.57115388	1000	15
10000	-33542258.1932	-2320.57115388	999	16
11000	-6857601.43838	-2320.57115388	1000	17

Run: 27
1000	-1.13348906091e+11	-3218.14339427	1000	9
2000	-2254139285.5	-3036.18651158	1000	10
3000	-5684543.52521	-3055.34215839	1000	11
4000	-1.54936272692e+11	-3055.34215839	999	10
5000	-202768.777112	-3055.34215839	996	11
6000	-281823.866047	-3055.34215839	999	12
7000	-174834.613632	-3023.56615778	1000	13
8000	-837045.420306	-2947.76042346	1000	14
9000	-239788.978354	-2939.97191323	1000	15
10000	-1543845.40892	-2948.49952607	1000	16
11000	-577990.205197	-2948.49952607	999	17

Run: 28
1000	-16490814879.9	-3095.06376129	1000	9
2000	-11490738.5113	-3095.06376129	999	10
3000	-70320872.3529	-3095.06376129	1000	11
4000	-10876981.0189	-3006.66908752	1000	12
5000	-1127903.98073	-3007.86075938	1000	13
6000	-3257201.97478	-2916.57021886	1000	14
7000	-7422818.87733	-2977.81725276	999	15
8000	-1350842.23012	-2977.81725276	996	16
9000	-186493.991808	-2942.25599721	1000	17
10000	-7305838431.94	-2938.44662472	1000	18
11000	-7122914952.29	-2702.5619453	1000	19

Run: 29
1000	-786676333.462	-3317.91758594	1000	11
2000	-92051807.5805	-3254.52463876	1000	12
3000	-7085902.39692	-3019.14698889	1000	13
4000	-6.36922938099e+11	-3019.14698889	1000	12
5000	-800362.357644	-3055.40053343	1000	13
6000	-3523309.10023	-2821.13243954	1000	14
7000	-208690.610828	-2560.75353009	1000	15
8000	-118278.132799	-2560.75353009	1000	16
9000	-494374.011763	-2795.04795601	998	17
10000	-143958039.208	-2795.04795601	999	18
11000	-1265836681.08	-2795.04795601	995	19

Run: 30
1000	-2083195213.9	-3190.09585291	1000	11
2000	-7574450.31128	-3002.88392657	1000	12
3000	-4927935.95671	-3002.88392657	1000	13
4000	-35532216.0316	-3002.88392657	1000	14
5000	-511068.331148	-3002.88392657	1000	15
6000	-1794248.13832	-3002.88392657	1000	16
7000	-265191.681618	-3032.66506746	1000	17
8000	-1138472494.26	-3032.66506746	996	18
9000	-1620217.62072	-2999.83823732	1000	19
10000	-1807170.05066	-2997.21083042	994	20
11000	-173487.78831	-2997.21083042	983	21