-2.2
-2.02916666667
-1.29583333333
-1.19166666667
-1.1875
-1.24166666667
-1.25
-1.15
-1.20416666667
-1.29166666667
-5001.08333333
-1.36666666667
-1.0875
-1.1625
-5001.05833333
-1.18333333333
-1.125
-1.17083333333
-1.19583333333
-1.15416666667
-1.35416666667
-1.08333333333
-1.1375
-1.28333333333
-1.1875
-1.25416666667
-1.25833333333
-1.23333333333
-1.05416666667
-5001.04166667
-1.11666666667
-1.28333333333
-1.24166666667
-1.06666666667
-1.2375
-1.125
-1.2375
-1.33333333333
-1.19583333333
-1.19166666667
-1.17916666667
-1.20833333333
-1.19166666667
-1.31666666667
-1.06666666667
-1.2
-1.2375
-1.30833333333
-1.16666666667
-1.38333333333
-1.1375
-1.15833333333
-1.4
-1.1375
-1.12083333333
-1.225
-5001.13333333
-1.2875
-1.2375
-1.26666666667
-1.2875
-1.1625
-1.16666666667
-1.19583333333
-1.12916666667
-1.24166666667
-1.29166666667
-1.4
-1.225
-1.26666666667
-1.18333333333
-1.12916666667
-1.19583333333
-1.075
-1.16666666667
-1.0625
-1.2
-1.24166666667
-1.15833333333
-5000.9875
-1.275
-1.32083333333
-0.979166666667
-1.23333333333
-1.23333333333
-1.17083333333
-1.075
-1.3
-1.06666666667
-1.20833333333
-1.3125
-1.24166666667
-1.22083333333
-1.06666666667
-1.84583333333
-1.37916666667
-1.2625
-1.17083333333
-1.2625
-1.20416666667


