-10.1329406161
-10.091425297
-10.0910678782
-10.057564173
-9.98917958265
-10.0176812647
-9.99080904053
-9.97248753107
-9.93707375393
-9.91590121103
-9.91968486077
-9.90232183263
-9.89631433044
-9.89421818248
-9.86703751776
-9.85777103732
-9.84048149398
-9.83963174603
-9.81715421258
-9.84267166801
-9.8221662731
-9.85485919448
-9.83710016048
-9.83094605688
-9.81839006392
-9.8270462432
-9.83678382411
-9.85116182373
-9.834192376
-9.86249801115
-9.81537715171
-9.79149171796
-9.83778268682
-9.78901910769
-9.7961212116
-9.82081060534
-9.79385472847
-9.81540716538
-9.81325081323
-9.81476976025
-9.8292338973
-9.80486503377
-9.82278127362
-9.85022069438
-9.8211873509
-9.81641490258
-9.81798646066
-9.8266844672
-9.81330261359
-9.84017646192
-9.82309018756
-9.82282606394
-9.82014798634
-9.84255261942
-9.8109958155
-9.82811987293
-9.7986965173
-9.80358624136
-9.80839828409
-9.83367343295
-9.81766491564
-9.79636777084
-9.84182815614
-9.81958348706
-9.83646589138
-9.82797894773
-9.8135109192
-9.84395180903
-9.81733041454
-9.82002105349
-9.80722689964
-9.81319122121
-9.81788849962
-9.84748298214
-9.81213465081
-9.81098436911
-9.79959034661
-9.83580624247
-9.81960598725
-9.79791982706
-9.83504736125
-9.81572352661
-9.81412674177
-9.83438297451
-9.81773116882
-9.83141195921
-9.83030165283
-9.82442776662
-9.81528955794
-9.82005328612
-9.80170669199
-9.79303255253
-9.82380679314
-9.82642021896
-9.8076238722
-9.82640820009
-9.81497170337
-9.8063341095
-9.81336736567
-9.82314702594
-9.81502439683
-9.82798633065
-9.80772049558
-9.81472785038
-9.83339026848
-9.82254709705
-9.80090265614
-9.81658031829
-9.80373272051
-9.82894876156
-9.81812719123
-9.79021312751
-9.8449941505
-9.82842471675
-9.82542912969
-9.81994157703
-9.83157717153
-9.79273532099
-9.82258028162
-9.84306231898
-9.83235226022
-9.80781115995
-9.80701098016
-9.82657322813
-9.81249701294
-9.82738309023


-10.1760959431
-10.0598054397
-10.0742843014
-10.0664402711
-10.069988549
-10.0437011841
-10.0505099746
-10.0260984113
-10.0577873633
-9.9932999463
-9.94038974694
-9.93512561567
-9.93909345574
-9.9641517617
-9.92413143964
-9.91867897944
-9.90971826252
-9.91270680316
-9.89356395587
-9.90487511212
-9.86752897617
-9.88434182039
-9.87061315191
-9.87775898172
-9.85252379031
-9.85684346979
-9.86099379173
-9.85906345226
-9.889863884
-9.8446961838
-9.86697589693
-9.84945502545
-9.8502262085
-9.86666863239
-9.86968989773
-9.87754718839
-9.86170549879
-9.85880667042
-9.86839703167
-9.85057857459
-9.85919357561
-9.85864410141
-9.86602147079
-9.85668701675
-9.87883691357
-9.85957236361
-9.84516712865
-9.86832182432
-9.85044482262
-9.89811513626
-9.84806871128
-9.84915301306
-9.86808251779
-9.87289093273
-9.83880816123
-9.87333567558
-9.87017059392
-9.87557284183
-9.86092354439
-9.8589508462
-9.87369758303
-9.87587707801
-9.86848361123
-9.82353582047
-9.86253642567
-9.83689677053
-9.87067512098
-9.88005678976
-9.83781191578
-9.84778096848
-9.85334136394
-9.85590839395
-9.86760384028
-9.869248867
-9.84819399301
-9.84689753187
-9.88539777565
-9.86681536405
-9.85659351571
-9.87740445777
-9.85779792666
-9.86407357459
-9.84074057969
-9.83690142865
-9.88331546342
-9.8637455075
-9.84375127816
-9.85257576509
-9.85130599493
-9.86832304184
-9.85367433855
-9.87441804218
-9.87601557057
-9.8601282237
-9.86365825504
-9.85771876784
-9.87062007672
-9.85497449582
-9.86388807623
-9.86901560863
-9.84008516484
-9.84743248571
-9.86036657047
-9.84246433997
-9.85189060567
-9.88233642142
-9.87195811922
-9.85460878718
-9.87432935535
-9.86748453755
-9.85423226706
-9.85006147291
-9.84852551454
-9.88500923748
-9.86034319073
-9.85528243733
-9.83665147808
-9.8589537694
-9.84317443773
-9.86329155908
-9.86831096391
-9.88091186397
-9.83329794721
-9.86996569718
-9.88538871579
-9.85406415426
-9.86988988572


-10.0978939897
-10.1153079105
-10.0232912549
-10.0532851149
-10.0164251537
-10.0201253891
-10.0496467849
-10.0096122681
-10.0294953238
-10.0275991979
-10.0298028611
-10.0515317062
-10.0251891063
-10.0262965499
-10.0295967832
-10.0200733145
-10.0471825812
-10.0739137761
-10.0362134661
-10.0243053359
-10.0247599659
-10.0413923547
-10.0127433647
-10.0383523916
-10.0563213748
-9.99578569524
-10.007911153
-9.99501780006
-10.0171441726
-9.98326935342
-9.9799854001
-9.96879073495
-9.94232224181
-9.94491096111
-9.96144515395
-9.95904225904
-9.93987130732
-9.94934589776
-9.95634979049
-9.9287107919
-9.9952175944
-9.94731650273
-9.9507068444
-9.95304923721
-9.95376416696
-9.98638040862
-9.95012376859
-9.94843831583
-9.96279762752
-9.94222888771
-9.96409567602
-9.96849992761
-9.96515863798
-9.93562918689
-9.94732271379
-9.93641555452
-9.93847719821
-9.97184207034
-9.96153800804
-9.94886984091
-9.93857062084
-9.9413771918
-9.95347743194
-9.95235821016
-9.96838660489
-9.95760398813
-9.9457103535
-9.96053571733
-9.93604530972
-9.94210051504
-9.93982285297
-9.95029361525
-9.96224350413
-9.949900325
-9.94778939003
-9.94303744433
-9.9506979528
-9.97330573409
-9.97376944778
-9.95319768002
-9.96959820078
-9.9758969266
-9.96669909071
-9.92073358329
-9.96069169027
-9.96194750511
-9.97206143681
-9.97839325058
-9.94550987714
-9.93525500177
-9.93273386315
-9.95101458879
-9.95624121858
-9.96017070785
-9.93454688499
-9.94926314552
-9.95391574053
-9.95930154578
-9.99440772672
-9.95909263071
-9.95324805821
-9.94467597825
-9.95767308764
-9.96180946214
-9.97240053817
-9.98621960269
-9.94837499364
-9.9448170117
-9.96221540684
-9.96273882048
-9.93815728068
-9.94072364601
-9.95514683019
-9.94123766849
-9.93769385443
-9.97794982191
-9.95834018694
-9.96323365964
-9.92792586763
-9.94350950091
-9.9361241929
-9.9325975038
-9.95002143103


-10.1001310851
-10.0932187062
-10.0624189944
-10.0872481861
-10.0314419668
-10.0392088769
-9.9857544628
-9.97591557719
-9.98560064956
-9.97963432383
-9.94647367541
-9.93286125054
-9.94381534577
-9.88564626942
-9.89652555544
-9.89567146199
-9.91619018725
-9.89282579785
-9.90105373289
-9.88017764256
-9.87397143862
-9.87390230702
-9.86964957087
-9.86844880359
-9.86553344706
-9.87049514916
-9.88242407543
-9.88120524857
-9.86736169707
-9.86310722484
-9.88675971843
-9.87701076374
-9.87648326222
-9.87867244575
-9.84013651894
-9.85459323433
-9.86513004173
-9.87339606666
-9.85362155389
-9.86551235742
-9.85884028125
-9.8515558209
-9.85435221161
-9.88308988898
-9.8564977404
-9.87626185063
-9.87143687077
-9.86983316832
-9.88808313217
-9.86701554851
-9.84504866806
-9.86685036189
-9.86640223482
-9.87126450386
-9.84388675205
-9.85284785742
-9.87369551611
-9.86097080385
-9.87965132588
-9.86368398092
-9.85706003961
-9.84104152956
-9.87122635094
-9.87842098024
-9.85710782083
-9.86398108206
-9.86204822889
-9.87221255039
-9.84724450362
-9.87874616627
-9.87558687814
-9.8808239111
-9.86091186377
-9.85688456799
-9.86410434465
-9.85882436245
-9.8640488423
-9.87079086361
-9.84617612228
-9.86482504646
-9.86580011765
-9.83898586319
-9.89300862194
-9.86562431066
-9.85214394616
-9.84348350117
-9.86089293341
-9.87930088711
-9.88876495147
-9.89892596312
-9.87293092117
-9.85921569087
-9.86116314795
-9.8452844269
-9.86795725702
-9.84222422933
-9.87177287067
-9.8552736802
-9.8839834332
-9.86099452926
-9.86339814312
-9.88105007126
-9.85675503806
-9.88293661952
-9.85426106684
-9.88393819775
-9.87528567519
-9.87756515599
-9.8865173533
-9.86052502686
-9.87078938207
-9.87008654824
-9.87280120759
-9.8762345102
-9.90378041258
-9.85069882621
-9.87723397714
-9.85668830853
-9.85228404875
-9.83978896741
-9.88069925223
-9.88097289117
-9.85709120558
-9.85720356466
-9.8665906755
-9.87867909149
-9.8594852601


-10.0852547418
-10.1080705741
-10.0733762007
-10.0442373162
-10.0478068002
-10.033269405
-10.024284797
-9.97703373602
-9.95798986045
-9.93878891531
-9.95373119111
-9.87295677393
-9.89092645574
-9.89716934887
-9.88527489008
-9.87682585454
-9.87203586817
-9.86918232029
-9.89384098407
-9.85918158528
-9.83160762897
-9.85678706488
-9.83647239787
-9.86082812944
-9.85204180111
-9.84683801421
-9.83557580711
-9.85296230701
-9.85033839029
-9.82381220621
-9.84042583939
-9.83050903088
-9.84565416863
-9.84196250102
-9.8264430331
-9.84113428129
-9.82016122104
-9.8384501642
-9.82994142784
-9.83993850648
-9.85209933659
-9.83152598643
-9.84814036298
-9.82553531429
-9.85051788976
-9.84007891868
-9.84124072675
-9.83209973279
-9.83068432827
-9.85459538714
-9.82922088224
-9.83209795459
-9.84419681177
-9.82107935664
-9.84639823296
-9.85906805309
-9.83992225875
-9.81747238744
-9.84654506985
-9.85873705213
-9.84669698999
-9.84180121387
-9.86437645458
-9.83368851194
-9.8417647701
-9.8203867965
-9.82625256036
-9.84581279882
-9.82993005276
-9.83318332269
-9.8467480316
-9.84044563804
-9.84370580233
-9.8478324181
-9.85425533382
-9.84005398409
-9.84257544511
-9.86130141993
-9.83273880851
-9.84027777613
-9.82618880617
-9.83202930147
-9.86038071574
-9.83334848719
-9.83210472957
-9.84880735488
-9.84505315204
-9.86688248285
-9.81930895285
-9.84827129116
-9.83856147948
-9.82019095577
-9.8548198229
-9.83624357816
-9.84839335765
-9.84159340496
-9.83461201532
-9.84695614048
-9.81569928445
-9.83830236119
-9.84123148509
-9.84088083619
-9.83156525833
-9.83836325844
-9.83684313881
-9.86148458219
-9.83158988569
-9.84322681112
-9.83972698301
-9.85766436692
-9.83728577846
-9.83849629946
-9.84122723786
-9.84621510417
-9.82873976902
-9.82228435008
-9.86192274575
-9.82631566439
-9.84538743307
-9.84001195628
-9.83535951924
-9.89412561223
-9.81883383908
-9.82481967928
-9.84777634662
-9.85024065402


-10.1294584026
-10.1277119477
-10.0920900925
-10.0878268656
-10.1117518777
-10.0616913433
-10.0450788769
-10.0322248266
-10.0311849549
-10.0288787098
-9.96907699446
-9.99789852603
-9.98693876523
-9.99571694879
-9.98364688983
-9.96427518421
-9.98746768639
-9.99682210929
-10.0218535563
-9.99132385653
-9.98807577942
-10.0098361797
-9.98401846446
-9.97640023646
-9.98775990856
-9.98035694909
-10.0254265007
-9.96914027649
-9.978328831
-9.98860136571
-9.98026899308
-9.96361018856
-9.97696933355
-9.99007838663
-9.99576076815
-9.97581049639
-10.0015344516
-9.98471624536
-9.99135601803
-9.99963719136
-9.98172279312
-9.98035035513
-9.97391427783
-9.97322375567
-10.0011761188
-9.99195667093
-9.97105234229
-10.000271303
-9.98597971076
-9.99624908273
-9.9781018916
-9.96874388301
-9.97933015408
-9.99685513772
-9.98498510974
-9.97810533469
-9.98319235983
-10.0101592938
-9.96840429399
-9.99591582172
-9.98554238348
-10.0005612991
-10.0112927469
-10.0000263926
-9.99228001778
-9.96094868862
-9.9641194112
-9.99201523045
-10.0259120985
-9.9966251366
-9.99467202734
-9.98551541048
-9.97402020244
-9.97074768752
-10.0121777387
-9.98539379066
-9.96443733776
-9.99521530284
-9.981012747
-10.0154419341
-9.97449513826
-9.98623747637
-9.97393616166
-9.98403154849
-9.98056311176
-9.9869414786
-9.97749574785
-9.99598953633
-9.97051380921
-10.005928361
-9.98728031745
-9.99557967426
-9.98945540288
-10.0094801286
-9.98226678694
-9.97802354068
-10.0202767275
-10.0034185675
-10.0000822462
-9.97547087371
-9.99904055161
-10.0242706853
-9.98935875946
-9.98001726617
-9.97433773533
-9.98833084121
-9.96935325979
-9.98550137012
-10.0006446434
-9.9900128189
-9.98172601079
-9.98714373587
-10.0087114519
-9.99651463346
-9.99400891419
-9.99228794724
-9.9880698166
-9.9932671807
-9.97953745262
-9.99337569397
-9.99633007975
-9.99130444051
-9.96505832033
-9.96566559405
-10.0001914286
-9.98210656102
-9.99174053048
-9.98057262867
-9.97757646612
-9.97542627664
-10.0618568552
-10.0176021246
-10.0274545017
-9.99970491413
-9.98934302813
-9.99134547274
-9.99375143604
-9.97627384451
-9.97832775111
-9.97182385239
-9.96029040886
-9.98355820242
-9.99644467467
-10.0000740656
-9.99975655426
-10.0121251763
-10.0345573346
-9.97556202947
-9.99490085279
-9.98676286167
-10.0032765366
-9.99467959143
-9.98987583916
-9.98091576897
-9.98574925236
-9.98297688314
-9.98932450702
-9.99160117803
-9.99407250539
-9.97440486977
-9.98963906091
-9.9774777448
-9.99142896924
-9.97684660697
-9.97234396455
-9.99199002566
-9.97482152776
-9.99976275379
-9.98303554485
-9.99145775838
-9.97281286136
-9.96892357743
-10.0099384765
-9.99832977488
-9.96685783078
-10.0051728351
-9.99534867198
-9.98632334273
-9.97948695069
-9.99603580258
-9.97471316723
-9.96404524994
-9.98756374047
-9.9591707802
-10.0028993999
-9.98958068257
-9.98171383931
-9.9664995533
-9.98727237001
-10.0345586476
-9.99338220699
-9.99309640716
-9.9794457179
-9.99602112146
-9.98720596671
-10.0201309644
-9.97402000013
-9.9761154279
-9.98609944688
-9.97826034554
-9.99406561839
-10.0006413618
-9.98014409711
-10.0089216184
-9.96929362512
-9.98282815379
-9.98664853442
-9.98255263135
-9.99478466496
-10.0031672767
-9.99027794981
-9.97923778505
-9.99465160189
-10.0121141195
-9.99799885471
-10.000139081
-9.98887079079
-10.0053712918
-9.97840660782
-9.98749746659
-9.95800439711
-9.98981381446
-9.99656588537
-9.96511293682
-10.0090438287
-9.98072034214
-9.98544008917
-10.0025305535
-10.0079777029
-9.98916506702
-9.98149054714
-9.9693932691
-9.98860776373
-10.0057169827
-9.9870567684
-9.97619468935
-9.99264790007
-10.0181461053
-9.98281940033
-9.97033274804
-10.0065331626
-9.98472324182
-9.96481252183
-9.97869043253
-9.99613855829
-10.0076828718
-9.98677627774
-10.0403361345
-10.0227605263
-9.992570055
-9.95812945037
-9.96846432684
-9.95242734332
-9.99165810996
-9.98526575065
-9.97082584465
-9.97748383607
-9.97933684157
-9.99271783686
-9.97582328467
-9.97085135885
-9.98059756598
-9.96737317106
-9.99653128344
-9.98173430087
-9.96737869263
-9.97144616254
-9.97437113901
-9.96580830278
-9.97103436383
-9.97367946285
-9.95687769403
-9.96496419037
-9.98080132947
-9.98314333257
-9.95398654464
-9.9830467539
-9.97515644374
-9.96341400391
-9.97986789339
-9.95791907109
-9.95256559659
-9.97517281335
-9.99274943104
-9.96773569594
-9.98949798743
-9.960168224
-9.98122547262
-9.98933883521
-9.96496273705
-9.96405454241
-9.99026411957
-9.97906531835
-9.95843749601
-9.9627434612
-9.98775639569
-9.96067007946
-9.98453231148
-9.98401482113
-9.97497579613
-9.97335872401
-9.96577256906
-9.96753217571
-9.984756221
-9.95026231762
-9.96465205589
-9.97308460158
-9.96552073795
-9.97408981484
-9.9479717015
-9.97139457835
-9.97533907738
-9.95340004923
-9.95069784214
-9.9536637009
-9.97274677906
-9.9746905499
-9.97934673546
-9.94833736076
-9.98480269104
-10.0095343336
-9.97011625789
-9.96539056884
-9.98953282793
-9.95480843335
-9.96675015765
-9.97418606116
-9.96754390693
-9.98848118233
-9.97094533477
-9.95735084146
-9.96298457008
-9.96270768109
-9.97682069849
-9.97846122072
-9.97469944682
-9.97630547294
-9.97883576194
-9.96168753642
-9.97076353733
-9.98590300086
-9.9747945007
-9.96935899723
-9.97147057306
-9.9713371621


-10.1010835932
-10.0650469861
-10.0869941688
-10.0440583104
-10.0862594856
-10.0157468507
-10.0580357928
-10.0193827453
-10.0507912516
-9.97703940186
-9.99360905089
-10.0131963355
-10.0026121356
-9.99872438504
-9.97515118438
-10.0054899411
-9.96485617798
-9.99771736859
-9.983593908
-10.0312821718
-9.98659808647
-9.96355438455
-9.955436851
-9.9560256406
-9.95281425017
-9.92684133843
-9.93998365502
-9.94252626194
-9.97098627275
-9.9611170728
-9.96303223599
-9.94981292139
-9.95315946901
-9.99826324042
-9.96782678781
-9.95969604544
-9.92821798803
-9.957735495
-9.98910047248
-9.96411231226
-9.97361419426
-9.99117692745
-9.98480133203
-9.95064284101
-9.93463601572
-9.97819591895
-9.95161388208
-9.94572282806
-9.95361545494
-9.94403688558
-9.96606699749
-9.95812387348
-9.94569383178
-9.97233972972
-9.96773010877
-9.95596563475
-9.94881857409
-9.96826305987
-9.96892776823
-9.95682409551
-9.96569096519
-9.94020347979
-9.96754591634
-9.98059732334
-9.96635263904
-9.96020562611
-9.96150771259
-9.94544588089
-9.95860936206
-9.95862848047
-9.93742202907
-9.95823523594
-9.96069774244
-9.94581140032
-9.97369232765
-9.96399840355
-9.9600279301
-9.94935120432
-9.94173675258
-9.95725292949
-9.94247579191
-9.97165168633
-9.94109296846
-9.94923866081
-9.95115806492
-9.9578448247
-9.95035522084
-9.99312057035
-9.94873020478
-9.98660761688
-9.95475010159
-9.96135629386
-9.94897154899
-9.95649982123
-9.95064982131
-9.96671067655
-9.9459931774
-9.96987264221
-9.96928458405
-9.96582755286
-9.95770562375
-9.95426317258
-9.95252471566
-9.9714266572
-9.96119112424
-9.94317906532
-9.9486188568
-9.96384390568
-9.96082420235
-9.96536545602
-9.96306727703
-9.95786630477
-9.94522511476
-9.95785478072
-9.95083210025
-9.96264398691
-9.97189839385
-9.95904847664
-9.96901111368
-9.94275405396
-9.94681756874
-9.96185572184
-9.967992969
-9.94786403197
-9.96192783639
-9.94881184272
-9.96707595888
-9.94273251912
-9.97238427426
-9.94240254367
-9.93244828121
-9.93964047797
-9.94047501162
-9.9488843209
-9.9564297977
-9.98201911038
-9.94854628045
-9.97756054734
-9.95488724104
-9.95019647072
-9.94818021713
-9.96268436703
-9.98785226421
-9.96082447225
-9.97140308715
-9.97115416785
-9.95069912522
-9.93644115174
-9.97170340172
-9.97088166072
-9.96196905839
-9.96583077454
-9.97111176757
-9.9531049316
-9.97277729087
-9.96623024737
-9.93480954513
-9.94604363815
-9.96750566721
-9.95959955253
-9.95861452909
-9.94744277148
-9.98785838201
-9.95342663662
-9.95866530374
-9.96385405636
-9.97917099401
-9.9669155293
-9.95310831101
-9.94389331714
-9.91689376823
-9.95206086932
-9.97240754113
-9.96276005013
-9.97518761435
-9.91842015286
-9.97290252801
-9.96585485224
-9.95523816347
-9.95762889481
-9.94723716023
-9.96831682237
-9.98084102677


-10.1136083314
-10.1127622679
-10.1335573939
-10.0839217077
-10.0196724358
-10.0317830457
-10.0472914766
-10.0476385423
-10.0036142242
-10.0071453564
-9.9700907581
-9.96756231133
-9.96725418589
-9.94980970959
-9.96193366854
-9.92838263237
-9.9125998444
-9.92688305443
-9.94618522511
-9.95081328098
-9.93478411638
-9.94438084948
-9.90659192774
-9.92593779315
-9.92887933735
-9.92761741254
-9.93267713581
-9.91948753295
-9.9049855064
-9.94784078869
-9.93567149153
-9.91145812845
-9.94903843563
-9.91424234868
-9.91060806753
-9.93326448411
-9.90879308264
-9.90479452823
-9.92298021571
-9.94372416041
-9.89644313836
-9.93488843777
-9.93572858053
-9.92828380862
-9.92015300954
-9.93607441186
-9.95133315315
-9.92818658983
-9.95256013712
-9.90833110182
-9.91573533437
-9.90962194533
-9.95224926224
-9.93102897296
-9.93541490373
-9.92088825092
-9.93010932894
-9.94155473424
-9.93175134936
-9.91567784043
-9.90365553567
-9.93799772548
-9.94925876307
-9.90562256564
-9.89058960705
-9.93228137137
-9.92110575822
-9.88895660722
-9.91380864165
-9.93305045458
-9.92522998379
-9.9336296375
-9.92986193865
-9.92727693639
-9.9073126304
-9.92445593364
-9.94368574513
-9.93399154658
-9.946712386
-9.9481942737
-9.93471438163
-9.903600567
-9.92400519333
-9.93284962143
-9.96505339335
-9.92208132416
-9.97486877676
-9.94719744104
-9.93385888438
-9.92427927726
-9.90729866708
-9.93685592106
-9.9261751164
-9.93475627066
-9.93420749598
-9.93627023635
-9.90741113167
-9.93026503996
-9.9571344321
-9.90433149675
-9.89452555664
-9.93461841235
-9.92409544808
-9.91266525535
-9.89836717818
-9.91254138081
-9.93843236583
-9.92215790422
-9.92776731877
-9.91776237204
-9.91703348336
-9.94172494386
-9.89663757264
-9.91641698828
-9.9413882487
-9.95040665229
-9.92282138149
-9.90691180383
-9.94043868729
-9.93002666401


-10.1616465624
-10.111159209
-10.0598339851
-10.0406098501
-10.0036823006
-9.99332903781
-10.021905493
-10.0251331091
-9.98051516931
-9.96372532596
-9.98228088175
-9.93294691434
-10.0004157549
-9.94903059322
-9.9564028806
-9.98155046738
-9.96171646351
-9.95885553667
-9.9683439456
-9.93849861024
-9.92579534315
-9.92455335394
-9.92034720975
-9.92487352768
-9.88750333128
-9.90777250867
-9.91355173979
-9.87699503893
-9.89740578161
-9.91102957758
-9.88027063825
-9.88310372953
-9.87782437516
-9.89441793285
-9.8872374969
-9.90779637614
-9.8966274012
-9.93093438771
-9.89861522695
-9.91193007643
-9.92499048179
-9.92176065285
-9.90472357335
-9.88736869466
-9.90180468912
-9.88181088792
-9.90058503874
-9.88911264892
-9.89213223804
-9.89925555111
-9.89800842767
-9.90212957241
-9.88706375549
-9.91720989611
-9.91199929924
-9.90383133443
-9.89421039229
-9.88517110121
-9.89121882516
-9.94459252367
-9.90992114327
-9.90412558766
-9.89867200175
-9.90312314195
-9.88739365931
-9.89878821655
-9.89207796932
-9.92655471615
-9.8896511733
-9.87513390952
-9.91041959364
-9.93112760462
-9.90607991631
-9.91061622471
-9.89378467953
-9.91313196302
-9.88360307455
-9.90040698903
-9.89563412533
-9.88528780602
-9.90184599185
-9.88967280329
-9.88652606482
-9.90909041168
-9.90440947951
-9.9120563967
-9.8889966246
-9.8896829365
-9.89958174139
-9.88637857088
-9.90365990324
-9.88209695011
-9.90898580737
-9.90649735672
-9.90893630732
-9.9118187439
-9.88985509177
-9.91437037866
-9.91750957524
-9.90971603103
-9.90785607874
-9.90038380924
-9.89612818723
-9.92471896232
-9.88611431607
-9.89599221858
-9.88313664601
-9.91666491231
-9.89267671852
-9.87422761713
-9.89074542352
-9.89627232807
-9.89249569913
-9.87007972169
-9.88690947669
-9.91390174268
-9.91426039438
-9.8909235592
-9.8794823404
-9.89549713469
-9.91669032858
-9.88072479447
-9.89570942824
-9.87841257076


-10.1416758864
-10.0994759139
-10.0752834344
-10.0308011102
-10.0427897252
-10.0429676059
-9.99945868603
-10.0067343086
-10.0112557962
-10.0033865245
-9.96943039844
-9.9715035503
-9.96725240822
-9.93786876113
-9.91984978944
-9.91799053307
-9.90688436886
-9.9089189043
-9.88899287816
-9.89429114823
-9.88872353704
-9.9070340465
-9.88959091767
-9.88115507299
-9.89595423034
-9.87501339837
-9.89975189486
-9.86012299025
-9.9094171368
-9.89724926111
-9.87621581581
-9.87946480386
-9.894643299
-9.9071055574
-9.90054106534
-9.91119255617
-9.89134368092
-9.88465041801
-9.86946969177
-9.9012198791
-9.87043527544
-9.89508341033
-9.88141538056
-9.86802201272
-9.91966420534
-9.89494606589
-9.87011668043
-9.87745557107
-9.8945199327
-9.87584023236
-9.9087536096
-9.88684331235
-9.87458191145
-9.89524653022
-9.89151802023
-9.89578242663
-9.91372651135
-9.89010932051
-9.88763296791
-9.89574621484
-9.90208469706
-9.88255380232
-9.89030791748
-9.87908159955
-9.8755349466
-9.88190100343
-9.87676543751
-9.89010034491
-9.86929801074
-9.86729980068
-9.90473303603
-9.91308058606
-9.90193940756
-9.88653914732
-9.87620617068
-9.88026765541
-9.89324405277
-9.87347067888
-9.8917720889
-9.8660634974
-9.86926383727
-9.8790812039
-9.88717014327
-9.87447412933
-9.87845506039
-9.91489939881
-9.89548215034
-9.87734585352
-9.87570896495
-9.90079312046
-9.88631922116
-9.88715277318
-9.85957072864
-9.89869552763
-9.91314966803
-9.86771322407
-9.87470248185
-9.88199745284
-9.90677929003
-9.90131395498
-9.88392872625
-9.85734859872
-9.88056508322
-9.87286456811
-9.88398337694
-9.87473300741
-9.89760940516
-9.88971112481
-9.89687599185
-9.8964164047
-9.87245982674
-9.86489902563
-9.89034011576
-9.91122196937
-9.86496142575
-9.88829505088
-9.87582567584
-9.87958329126
-9.89726626895
-9.8666489722
-9.88426512138
-9.89646360796


-10.117894706
-10.1071310097
-10.1204879329
-10.1181892081
-10.0819758853
-10.0852340647
-10.0607461159
-10.0494770836
-10.0674819808
-10.0658804141
-10.0506044063
-9.99816921728
-9.99778613793
-9.99862809571
-10.0044782204
-9.98642346096
-10.0041330348
-9.98540204716
-9.9945717443
-10.0099905648
-10.0009195496
-9.99741601122
-10.0100897639
-9.98139211711
-9.99531764958
-9.98725228228
-9.9813085794
-10.005201787
-10.0479866865
-9.99629455512
-9.9955645643
-9.98958927128
-10.0220339405
-10.0084345458
-9.9667431455
-9.98296313267
-9.97471013172
-9.93499672366
-9.92781318869
-9.92985593307
-9.89974773225
-9.90333113561
-9.87793633841
-9.8798973972
-9.87136205042
-9.85498301489
-9.84138875632
-9.85345682418
-9.83035383647
-9.85056475678
-9.84300554646
-9.83179569812
-9.84202294701
-9.82760502979
-9.84281920259
-9.82100271214
-9.84648591304
-9.8623979622
-9.87927747375
-9.85380261925
-9.84091415115
-9.85905293057
-9.86776264941
-9.84311843464
-9.84845003693
-9.84418116438
-9.83116400317
-9.84405094622
-9.82958922025
-9.88805091767
-9.86171783116
-9.8556083236
-9.83593358447
-9.82977507406
-9.81944407751
-9.84431867842
-9.84032917328
-9.8356193388
-9.84309504385
-9.84773525484
-9.84102147631
-9.85273506829
-9.82344445231
-9.83180034156
-9.85712617583
-9.86196022227
-9.84245297927
-9.84493841599
-9.85601536036
-9.85101805457
-9.83156965871
-9.83805229281
-9.8605776098
-9.84708652378
-9.850867578
-9.83374617519
-9.83936621569
-9.82407866147
-9.83440270441
-9.83029839014
-9.82895730459
-9.85973733919
-9.87536074263
-9.85426668667
-9.841422417
-9.85523736928
-9.84207453393
-9.86604462532
-9.83564044334
-9.85700897767
-9.83973744494
-9.83312107799
-9.82738946502
-9.84161333309
-9.84459329144
-9.8371064614
-9.86977644201
-9.86381529982
-9.84034351206
-9.85333500428
-9.81627679483
-9.86544246623
-9.83788576072
-9.84797718147
-9.85454287241
-9.85142445603
-9.84437254371
-9.83625489224
-9.83647651014
-9.83891277279
-9.85999814829
-9.84963050709
-9.83116750731
-9.85830602997
-9.8393542795
-9.84146504847
-9.83703437384
-9.84446095771
-9.85073658797
-9.83517531163
-9.83938918268
-9.86110991686
-9.84802779489
-9.836608211
-9.83444031472
-9.82682706204
-9.83067513469
-9.87280960032
-9.82826918656
-9.81438927134
-9.83027122752


-10.1482251005
-10.1067278874
-10.1106458216
-10.0992716696
-10.1260203585
-10.1127848869
-10.0959740453
-10.0964164643
-10.1131895621
-10.0570965977
-10.0787955359
-10.0071047924
-10.0467887472
-10.0013924979
-9.9818037949
-10.0195866845
-9.97726124443
-9.97872691852
-9.9612383249
-9.96411582142
-9.93239203288
-9.93402757618
-9.90945493457
-9.89524810014
-9.89642524628
-9.90491563723
-9.91919406775
-9.87656422359
-9.87456365284
-9.87412358376
-9.87224608214
-9.87066167813
-9.85098909524
-9.86611577487
-9.84099676485
-9.84126662249
-9.83651696379
-9.84568008843
-9.84145668959
-9.82544597215
-9.86413627049
-9.84933835866
-9.83017820074
-9.82656051607
-9.83739086261
-9.82264743455
-9.85477238156
-9.82066863922
-9.8592750412
-9.83558259041
-9.83094565399
-9.85008305368
-9.86901050594
-9.8531093411
-9.84124041807
-9.84992460584
-9.84041625998
-9.84198182568
-9.8596039984
-9.86137616731
-9.83660980262
-9.84022343627
-9.84553197247
-9.83638008438
-9.86367589055
-9.8161410302
-9.8435777663
-9.87012263529
-9.83949664001
-9.80523880793
-9.86153719898
-9.85076721417
-9.84187896622
-9.83823177033
-9.8432460717
-9.83903842283
-9.84888031464
-9.83920299652
-9.83266937722
-9.85963395181
-9.82953604274
-9.85145083212
-9.85850425232
-9.83389775799
-9.81572091284
-9.85135177541
-9.84993189579
-9.80875185818
-9.84625148014
-9.82970792485
-9.81797519082
-9.83973358013
-9.8289006867
-9.8678237367
-9.85503448052
-9.83666423269
-9.84861761641
-9.8359030662
-9.83580305021
-9.85948616918
-9.86630690365
-9.85681284849
-9.83802177647
-9.83045484156
-9.84451536054
-9.84091339988
-9.82157989089
-9.87997537502
-9.84959079243
-9.82136514555
-9.85303712126
-9.83888891574
-9.86734041962
-9.82896953561
-9.83193048228
-9.84699726974
-9.84630172457
-9.83611406101
-9.83181665247
-9.82767652945
-9.81472119891
-9.85205348678
-9.84858604509
-9.85074817569
-9.85046990889
-9.82445859904
-9.82905906159
-9.85699552374
-9.86341422095
-9.85594262561
-9.82019147958
-9.83183056561
-9.84963521122
-9.84167974945
-9.85642000353


-10.1376538872
-10.0875775338
-10.0510798511
-10.0904595629
-10.0694138416
-10.0706390259
-10.0559222938
-10.0748450663
-10.0787147695
-10.0565844903
-10.0348097638
-10.0115712173
-9.98648910299
-9.97291276316
-10.0090783146
-9.97653440017
-9.95702441101
-9.93831331302
-9.90821647116
-9.91778017447
-9.88416049991
-9.87834513207
-9.86278731336
-9.87304695805
-9.87844516459
-9.87580219086
-9.87369553564
-9.8687063768
-9.86396270474
-9.86616661878
-9.84961014259
-9.83347348172
-9.90059330148
-9.86012719547
-9.87714949739
-9.8430440949
-9.85696480213
-9.85428684232
-9.82449209886
-9.86184001223
-9.84295508261
-9.84056316051
-9.85086808688
-9.85254988484
-9.84639951058
-9.85903422641
-9.86532795729
-9.84273138583
-9.85525893517
-9.87483698162
-9.88698269548
-9.86285744668
-9.85893899588
-9.85284598876
-9.85275802826
-9.84796413477
-9.85059531317
-9.86608864817
-9.86730768547
-9.85918956352
-9.84727427823
-9.85263872021
-9.86236047138
-9.84774050354
-9.87423155539
-9.88213828911
-9.85504537039
-9.83920211384
-9.84088837665
-9.851971746
-9.8523013093
-9.85587012789
-9.86524302393
-9.84455829626
-9.85186708078
-9.83635566864
-9.85680273981
-9.86021910599
-9.8717633935
-9.85084527576
-9.86173062705
-9.8576301832
-9.86355986692
-9.84169721131
-9.84889909534
-9.84556054187
-9.83315056952
-9.85445680404
-9.85297519711
-9.86422208472
-9.83868814689
-9.87057985491
-9.85910028261
-9.83988250388
-9.84338017084
-9.85318997241
-9.87737657445
-9.85126897152
-9.86233685694
-9.83368010456
-9.88408484865
-9.86902707492
-9.84615979165
-9.86040694975
-9.84124547177
-9.8513083561
-9.84716973318
-9.86867607032
-9.83698948785
-9.85914405533
-9.85801975642
-9.85850299153
-9.87517183318
-9.83713914534
-9.84798946684
-9.85967252892
-9.84807583335
-9.84383906167
-9.83392373891
-9.82758618956
-9.87578400479
-9.87910250184
-9.85214195074
-9.86580001656
-9.84718402572
-9.84877137684
-9.82639434673
-9.85028966151


-10.1431745818
-10.0736648564
-10.05648321
-10.0566461844
-10.009719498
-10.0685965811
-9.98175766229
-9.96992892129
-9.96423900897
-9.94867772675
-9.9459501193
-9.97053761698
-9.96816334155
-9.95926052679
-9.95552662855
-9.95037883907
-9.9839408537
-9.9579209326
-9.96110297845
-9.95306268477
-9.96310641769
-9.98299403211
-9.97473647458
-9.95028827038
-9.93894592945
-9.95711682064
-9.9595699788
-9.97669920031
-9.98802401939
-9.95065908938
-9.96088847939
-9.96716764838
-9.96722937093
-10.0008783753
-9.97118703731
-9.94623826479
-9.97476888249
-9.94722647194
-9.95889562584
-9.94552870641
-9.95873107494
-9.96734668902
-9.96146125571
-9.95724500978
-9.96832284026
-9.95036159295
-9.97115903418
-9.97587876902
-9.94356339673
-9.95731278446
-9.94467732509
-9.94912779256
-9.97282418218
-9.96815929567
-9.9367566253
-9.98008065841
-9.95899211857
-9.94503013237
-9.95263385377
-9.95727721419
-9.96044692584
-9.98853922718
-9.95527140052
-9.96357475797
-9.97380572606
-9.96472613357
-9.97827111596
-9.96363515241
-9.98261837757
-9.97033414062
-9.96223510259
-9.9594324707
-9.96684891411
-9.96144736889
-9.95854615963
-9.95427714478
-9.95637110469
-9.96495420082
-10.0232812964
-9.94725090897
-9.96453486784
-9.94871822144
-9.97922493585
-9.95981791899
-9.9774484108
-9.96422637229
-9.99399970505
-9.9690744712
-9.9682245794
-9.97500723075
-9.96145210278
-9.95165626705
-9.95994292595
-9.96497000509
-9.97120017479
-9.9921466248
-9.9587252013
-9.963338097
-9.94996619537
-9.97716095027
-9.97502435078


-10.1604692714
-10.1207602106
-10.0757628974
-10.0590257543
-10.0980313038
-10.0431570538
-10.0554882286
-10.0129886701
-10.0123861919
-9.97394499747
-9.98159218875
-9.94509623771
-9.93636731354
-9.92326884677
-9.90979521695
-9.90771538988
-9.88451692071
-9.89098670851
-9.88387059824
-9.8800504116
-9.87603043661
-9.88067586846
-9.88624306403
-9.82477078896
-9.84518079274
-9.8617395875
-9.83560779604
-9.83257889585
-9.84605976617
-9.82456382854
-9.84831525553
-9.828015282
-9.84384057155
-9.819800773
-9.82677867224
-9.85796524501
-9.85028574131
-9.82703913414
-9.82175556502
-9.85954336519
-9.84126655464
-9.83470761229
-9.81364049018
-9.81715995145
-9.84142360081
-9.85401996575
-9.82991199909
-9.8257639123
-9.83864493619
-9.84119244108
-9.83743254774
-9.85007010354
-9.82865999688
-9.83718926831
-9.84789001145
-9.84505471548
-9.82835002821
-9.83517706308
-9.84419065122
-9.83194316266
-9.81343823173
-9.81555352327
-9.83608319133
-9.83155305236
-9.83718907913
-9.85467681737
-9.85385686262
-9.828033612
-9.81495460616
-9.82246979792
-9.83977814559
-9.84371492604
-9.84957381132
-9.82696935389
-9.84744179126
-9.86182576511
-9.82169753714
-9.83840592879
-9.8342668593
-9.84790356838
-9.83769333784
-9.84321891289
-9.86082164466
-9.83658539392
-9.84487066663
-9.84340253993
-9.80239010891
-9.83346633845
-9.82371499459
-9.81428731129
-9.84448786815
-9.85445576001
-9.84369955804
-9.83010094544
-9.82696218833
-9.86618904842
-9.83437262172
-9.84671483935
-9.83121738764
-9.87712332531
-9.84190511967
-9.83814320682
-9.83160428918
-9.84172224309
-9.83378732648
-9.82164248189
-9.84998285023
-9.84579826627
-9.83367519303
-9.84469690982
-9.83265937765
-9.84286048699
-9.81897793657
-9.82947678443
-9.85058768724
-9.81782302693
-9.82675576175
-9.8442820833
-9.83823495193
-9.83721076901
-9.86067785899
-9.84766853726
-9.84624671102
-9.82711151747


-10.1168978814
-10.1143095519
-10.1002314397
-10.0677487634
-10.0481149169
-10.046234435
-10.0558881763
-10.0333200724
-10.0423371718
-9.96625160094
-9.98094235417
-9.95229230193
-9.96935094127
-9.96171368465
-9.97453687949
-9.94366122869
-9.947702494
-9.97525607705
-9.96538577377
-9.94325603582
-9.9470174536
-9.94148997702
-9.95285152324
-9.94279225477
-9.94852210634
-9.96086463683
-9.95763605165
-9.95222791088
-9.94913689371
-9.94160300298
-9.97635234891
-9.9375994288
-9.96401216297
-9.97142512904
-9.96414677053
-9.96092900185
-9.93911345634
-9.98435767606
-9.95767086846
-9.95296938366
-9.95503041467
-9.94336985099
-9.95844513196
-9.96557088504
-9.94569837305
-9.979703308
-9.96010039753
-9.97331057805
-9.94591226245
-9.97078496222
-9.95412462223
-9.98233976555
-9.96334337489
-9.94871038638
-9.96408985367
-9.96516249018
-9.95611454281
-9.94740072136
-9.9325897444
-9.94396652244
-9.94527173535
-9.95580270354
-9.96387539049
-9.95424017561
-9.97798493423
-9.95772075851
-9.97782860095
-9.95055862358
-9.95059281865
-9.98041780753
-9.95415437503
-9.94825379596
-9.95208104103
-9.95230519945
-9.94371774249
-9.95261551874
-9.96762648618
-9.97390489897
-9.94361828037
-9.9498548691
-9.98110785113
-9.95567642621
-9.96671347942
-9.97865938786
-9.96263479588
-9.96583077448
-9.96485623552
-9.95712167518
-9.95095980307
-9.98067555793
-9.96541734494
-9.95750051103
-9.98101680025
-9.96155319888
-9.97349636898
-9.9555379688
-9.95180066323
-9.95819593178
-9.96650498455
-9.98549277924
-9.93130105154
-9.94849342492
-9.98042692493
-9.97985647391
-9.94680819434
-9.93519370038
-9.96746983792
-9.9679926899
-9.94240890819
-9.94966787975


-10.1666855252
-10.1228245362
-10.0959840319
-10.0630461268
-10.0612783061
-9.99872941688
-9.99287026134
-10.0145753445
-10.007494841
-9.97877761432
-9.94859813444
-9.95795339405
-9.91061973019
-9.90225260332
-9.92155771636
-9.90351003922
-9.87478333546
-9.90958575249
-9.87356032026
-9.90201118428
-9.93108632681
-9.89626122004
-9.89825328129
-9.90025391714
-9.9022685451
-9.86294442753
-9.8687031842
-9.91273471163
-9.88904415491
-9.873815629
-9.87406726053
-9.89927914742
-9.88732837312
-9.86702245344
-9.86308103528
-9.87554933711
-9.89328261132
-9.86731076121
-9.88772399603
-9.88314992783
-9.89349488962
-9.85783309136
-9.870365937
-9.88434496738
-9.86391635195
-9.8819874594
-9.90555280163
-9.88810367855
-9.88946250262
-9.884695314
-9.90938830396
-9.90155455166
-9.87156886056
-9.8803534177
-9.87384131799
-9.87256115156
-9.87495846492
-9.8713624398
-9.86935049961
-9.85376762581
-9.87918434743
-9.87320597637
-9.87623840285
-9.8744440502
-9.87066039428
-9.8764472998
-9.89168678743
-9.8773431483
-9.8914960883
-9.87259631475
-9.86645092968
-9.87136412212
-9.88552851712
-9.87113313989
-9.86554003776
-9.87558579306
-9.91347455803
-9.89073594613
-9.89457173375
-9.859789006
-9.86557212594
-9.8672493568
-9.84851339873
-9.87173509725
-9.85215223701
-9.87312459621
-9.86478541454
-9.88021386365
-9.85377886887
-9.9084571783
-9.87292045928
-9.87347964672
-9.87131375752
-9.88185465429
-9.86480782535
-9.90869959305
-9.84767945759
-9.86845775877
-9.88138064632
-9.88963787098
-9.8701272823
-9.88364549286
-9.89984508425
-9.87436893288
-9.8774216292
-9.88276869895
-9.87535637238
-9.85709771281
-9.86970665567
-9.88793692481
-9.89121597033
-9.85956660965
-9.87883783671
-9.89834384784
-9.88804656144
-9.86642001145
-9.8891402286
-9.89522900133
-9.87541709161
-9.87247033383
-9.88413547677
-9.88397647788
-9.87783537541
-9.87720854757
-9.8709099681
-9.86740760875


-10.110416454
-10.0850795687
-10.0480595334
-10.0417905066
-10.0677538549
-10.0326333671
-10.0407990972
-9.99356233735
-9.97406899819
-9.95825289249
-9.95534147705
-9.9626830177
-9.9656109941
-9.94242917996
-9.95117859338
-9.92193815141
-9.93953684849
-9.98470895026
-9.93436110322
-9.9511493316
-9.93408232178
-9.93741119889
-9.93630282685
-9.93959406121
-9.94630864403
-9.95646167023
-9.94545056069
-9.95111897776
-9.9217633881
-9.94668105196
-9.95634151351
-9.95842755161
-9.95806576182
-9.94470345225
-9.94468790471
-9.95222205185
-9.93916588284
-9.96144141738
-9.95705418501
-9.92160930215
-9.9452209216
-9.95650834966
-9.93640200437
-9.95762573636
-9.93747607821
-9.93586637763
-9.95332121198
-9.93820917756
-9.94040908137
-9.95234537477
-9.92365126168
-9.96848355427
-9.94383759766
-9.94649267721
-9.94269684912
-9.95261661797
-9.9258445038
-9.9545079684
-9.93608538527
-9.93038681883
-9.94573367055
-9.96251515744
-9.96135902053
-9.94088396989
-9.91867352309
-9.9400571253
-9.93533785158
-9.92601952837
-9.95229168994
-9.95372658439
-9.94695505282
-9.91482818912
-9.9540234705
-9.94086819971
-9.96921543031
-9.93342400044
-9.96049831673
-9.95281753391
-9.97106986275
-9.96278731556
-9.9498254167
-9.94807483683
-9.9402047596
-9.925766838
-9.94363960903
-9.95148147589
-9.94155265837
-9.95259041137
-9.94688871171
-9.95600129403
-9.93421615938
-9.96522207906
-9.9746530015
-9.91988612635
-9.93381429272
-9.93706567524
-9.93008097153
-9.9256398873
-9.93715574195
-9.94852652795
-9.93035645257
-9.95348038971
-9.93108001318
-9.91579800666
-9.91550069897
-9.91180013205
-9.92693719798
-9.92102433534
-9.9450951156
-9.92428254552
-9.91402787935
-9.92360323821
-9.90735986406
-9.91605978496
-9.95211971068
-9.92943848319
-9.92775266198
-9.93626577224
-9.94271792206
-9.91494881701
-9.92516377465
-9.92452465026
-9.94277818896
-9.93996706665
-9.94589480137
-9.92429579834
-9.92338003042
-9.9283437901
-9.91982212004
-9.92463182681
-9.93388018123
-9.93437687493
-9.9304953563
-9.93385776149
-9.93118442273
-9.90432627285
-9.91444168724
-9.93131331578
-9.94185767043
-9.91089912379
-9.93538819092
-9.92309316099
-9.92892706267
-9.95499367707
-9.92763290679
-9.91217159868
-9.93861788725
-9.92423432164
-9.93605337217
-9.93728950187
-9.92045517598
-9.94532261552
-9.94627560477
-9.93352614021
-9.94194916435
-9.92249747468
-9.94487146735
-9.91696949183
-9.93198940583
-9.93258316264
-9.93811784169
-9.95067802252
-9.92034350597
-9.94574098404
-9.94728406669
-9.92039461924
-9.9220866302
-9.9378343582
-9.92311866403
-9.95434085609
-9.94046416581
-9.92854775704
-9.92173330221
-9.92100647797
-9.93335828358
-9.93124932942
-9.93386353888
-9.92252593324
-9.93773472044
-9.91067266936
-9.94023342947
-9.92968186021
-9.92751833477
-9.94684541857
-9.93981965013
-9.91151704694
-9.93146235038
-9.94574486519
-9.97494193441
-9.94289966676
-9.92883169466


-10.0772464452
-10.0837930644
-10.0108418317
-9.97517522839
-9.95320803971
-9.95280799138
-9.94961075593
-9.92223159376
-9.93922329941
-9.92888005846
-9.9469734086
-9.90469707288
-9.92823706902
-9.91222540296
-9.90537634007
-9.90256455308
-9.90588586513
-9.89193401317
-9.89217589865
-9.91871746892
-9.90774086679
-9.90866808983
-9.90035041893
-9.88807584373
-9.89748270925
-9.90193633782
-9.90804360143
-9.88369523959
-9.89093274273
-9.88781332382
-9.88749705679
-9.87495873462
-9.89706249925
-9.88668360151
-9.87515047814
-9.89535209887
-9.88422167554
-9.87957419465
-9.87189092839
-9.88408790942
-9.89432646146
-9.88562285555
-9.88776150849
-9.88612481215
-9.88810781122
-9.89581029915
-9.87259247563
-9.87949379555
-9.89533368931
-9.87390710224
-9.89484864229
-9.89357010421
-9.88873948355
-9.89544765195
-9.89432808259
-9.90667559361
-9.90541170095
-9.89328434353
-9.90612580614
-9.89995344685
-9.90264214521
-9.89421306563
-9.86554752344
-9.88935137036
-9.88792905668
-9.89371043846
-9.91131674202
-9.88472351836
-9.87069081176
-9.89888763745
-9.89851522691
-9.90509449045
-9.8954788776
-9.89254454947
-9.90251374256
-9.89766620862
-9.86506184815
-9.87395772121
-9.91036453646
-9.90902063191
-9.93351128878
-9.88472653805
-9.89518187649
-9.9234117486
-9.88061167871
-9.89758718613
-9.89747806202
-9.86228307317
-9.89643448962
-9.90453907629
-9.90158127465
-9.86960913459
-9.90808662505
-9.90149436761
-9.89737227879
-9.88456283043
-9.90206482558
-9.92166073716
-9.92219540916
-9.89253859194
-9.91754109093
-9.89019789483
-9.89181989086
-9.89318676681
-9.88560259427
-9.88958907608
-9.88239097771
-9.87782602676
-9.88966313941
-9.90839370998
-9.89072267573
-9.88761968449
-9.87282458482
-9.8772704305
-9.91929066022
-9.90823501796
-9.90392357082
-9.88159070837
-9.90715876126


-10.1474201495
-10.0821029398
-10.0330376177
-10.0640849229
-10.027483584
-10.0645682128
-10.0413786869
-10.0078840228
-9.96095499405
-9.96431859136
-9.94343135455
-9.95714037916
-9.92416225531
-9.92542478521
-9.9113414839
-9.91704889504
-9.89586236039
-9.88531128039
-9.90817458921
-9.89714688823
-9.9050988727
-9.88876577479
-9.90039775044
-9.90584506881
-9.89099735297
-9.89659041803
-9.89551229082
-9.90064751165
-9.89446240575
-9.90735590296
-9.93857696037
-9.90047184397
-9.89584631662
-9.89837050843
-9.92492829503
-9.90930969146
-9.8759201274
-9.88870242874
-9.88380296598
-9.90058672563
-9.91520126852
-9.92894618143
-9.89721790143
-9.89391369346
-9.90783462823
-9.92212159664
-9.88303245473
-9.88838137315
-9.90055418478
-9.90186683847
-9.88802718877
-9.88007287943
-9.87431764079
-9.88638357713
-9.87849134372
-9.90967996683
-9.90434399871
-9.90551461343
-9.90230843699
-9.89799411979
-9.88602281315
-9.88618006355
-9.89051695725
-9.88491073612
-9.91128913845
-9.90607339311
-9.88404346888
-9.88948023122
-9.89575966926
-9.90766010932
-9.87740012806
-9.89070270617
-9.8924375118
-9.89828731222
-9.90295873204
-9.88536144093
-9.8876237729
-9.86676304325
-9.88861813704
-9.88885451761
-9.90580935972
-9.90245634663
-9.90571291991
-9.90387099471
-9.87769837371
-9.89735018417
-9.8745166637
-9.92291964569
-9.88976237534
-9.86779271567
-9.87380803908
-9.89530800242
-9.89171497345
-9.89874886663
-9.92070519468
-9.89405062379
-9.8893249204
-9.89628121513
-9.89602297985
-9.89166139678
-9.90363347174
-9.89781197956
-9.88382915879
-9.88535421795
-9.89967728037
-9.91124276922
-9.90155972267
-9.90321976839
-9.90441593697
-9.88859038388
-9.88546904101
-9.88233383397
-9.87867765365
-9.91599016544
-9.90079255391
-9.88411625914
-9.89511694917
-9.89198577952


-10.1242018041
-10.1222067548
-10.1062665328
-10.0979625289
-10.0227535717
-9.99735567651
-10.0051314874
-10.0044690273
-9.99905386067
-9.98912384593
-9.99264756619
-9.9975710592
-9.98602332669
-10.021875088
-10.0016769647
-9.98807189863
-10.0028556487
-9.99862031435
-9.98506284199
-10.0025151744
-9.98837458177
-9.98434459391
-10.0338784212
-10.0001030073
-9.9771008534
-9.99781720995
-9.99070474727
-9.99041962898
-10.0108207605
-10.0012547894
-10.0076168089
-9.98671124392
-9.98787479125
-10.0044080692
-9.98560765869
-9.99328818015
-9.96721402865
-10.0017490277
-9.98309343584
-10.0154539771
-10.0142045314
-9.99391306638
-10.0073596139
-9.99846777215
-10.0015370763
-9.99129303871
-9.98739034653
-9.99211321686
-9.98908057262
-9.99302579071
-9.99959129051
-9.99262294283
-9.98913663438
-10.0303912974
-10.0020660794
-9.97789991914
-10.0365669615
-9.98663302544
-9.99918911444
-9.99108982089
-9.98157199981
-9.97614477452
-10.0144285167
-10.0136782818
-10.0036285327
-10.0309641749
-10.0471665817
-10.0565724816
-10.0029377825
-10.0282092622
-10.032524777
-10.0071768846
-10.0508633443
-10.0608688008
-9.98952674016
-9.986124602
-9.97169451656
-9.97839704118
-9.99736188532
-9.98032230427
-9.99802411871
-9.9856092077
-9.96790518449
-9.97453516485
-9.96913408651
-9.97488056911
-9.983989028
-9.97428447385
-9.98376994049
-9.99421863095
-9.9670056772
-9.99807291293
-9.97547132969
-9.97933123283
-9.99628314291
-9.99899950569
-10.0002055352
-9.9761008436
-9.98317718499
-9.96633038344
-9.98534502776
-9.97925654697
-9.97926761951
-9.98573128276
-9.97429506986
-9.98961287028
-9.98628080926
-9.96041826174
-9.96364141454
-9.9216984959
-9.9176313826
-9.91761133033
-9.89664893688
-9.8833012556
-9.87293265111
-9.89203068988
-9.87529166279
-9.87982051318
-9.87588458945
-9.89260324752
-9.86157686448
-9.85783344323
-9.86981621829
-9.85569928064
-9.85430074447
-9.8490634197
-9.85292858519
-9.84587903535
-9.85223788472
-9.84117736135
-9.85869215263
-9.82415497835
-9.86062846843
-9.84525667262
-9.86110447492
-9.86382445572
-9.8444173977
-9.8669939858
-9.87314794892
-9.87182233082
-9.84680695539
-9.84486556665
-9.85482571166
-9.85537632025
-9.85261581668
-9.86864365007
-9.8651430468
-9.84472901223
-9.83788612761
-9.85716012381
-9.84893182405
-9.85435898777
-9.84831801584
-9.84646669094
-9.857714345
-9.82916517014
-9.83331514427
-9.85293695813
-9.8651010079
-9.85030528502
-9.81006135828
-9.84661678579
-9.86278807476
-9.84882940751
-9.84814682627
-9.87310502475
-9.85725720779
-9.87243174021
-9.84817132659
-9.85652277668
-9.85531385728
-9.85250358536
-9.87019098351
-9.87186465544
-9.83714633368
-9.84879051051
-9.85066147715
-9.83757691375
-9.85863208696
-9.85955251486
-9.83804402268
-9.84069672016
-9.86354714103
-9.85841820646
-9.85374385408
-9.85332218004
-9.84705503725
-9.84738835732
-9.87449183445
-9.86052278382
-9.86880910192
-9.83611071814
-9.88273729732
-9.85852683007
-9.8539880434
-9.87075641383
-9.86529308554
-9.85391723543
-9.85486168978
-9.86453864273
-9.84796935238
-9.87671044537
-9.82593200205
-9.86754596898
-9.85361812753
-9.87451478943
-9.8671955142
-9.83610416138
-9.84062017222
-9.85651377845
-9.86668889126
-9.86255791289
-9.83821314807
-9.86720567176
-9.84416874293
-9.85334559608
-9.84078691189
-9.84636027189
-9.86102974538
-9.85258842595
-9.8824515682
-9.84272438328
-9.85946223633
-9.83958121243


-10.1346499447
-10.0700070769
-10.1163957968
-10.0680972504
-10.0445448787
-10.0335450644
-9.99777085103
-9.97518853185
-9.9536911813
-9.95173159754
-9.94971300667
-9.95133428128
-9.90375825368
-9.93024267856
-9.91808612372
-9.92244523572
-9.91992085305
-9.91973027361
-9.90827963886
-9.88288320578
-9.9008776908
-9.88828777229
-9.90417667999
-9.86694756094
-9.86920704606
-9.85263440788
-9.86009412971
-9.83780543383
-9.85229650901
-9.82199420481
-9.83346666329
-9.82599027401
-9.86730854471
-9.85319457063
-9.84156308104
-9.84723254657
-9.83508759097
-9.85707481319
-9.84434567343
-9.8346856647
-9.85969645856
-9.83535201455
-9.84265364651
-9.84894026061
-9.82090577491
-9.84040317054
-9.84920192923
-9.84592116064
-9.83270682267
-9.83111221355
-9.85545214954
-9.8213772878
-9.83442647556
-9.84577458509
-9.85741582291
-9.83933835432
-9.87989580436
-9.82921199466
-9.84514789826
-9.83698424992
-9.82922610467
-9.8350607017
-9.85076722617
-9.85122492037
-9.84503960185
-9.83992776791
-9.84953731947
-9.83512682568
-9.85128138645
-9.87789147147
-9.84421232879
-9.85327635349
-9.82931330764
-9.8301798712
-9.8459258196
-9.83956005047
-9.84567089365
-9.85988975583
-9.83941888348
-9.83873809706
-9.84443415717
-9.83294701837
-9.86076252157
-9.79863851461
-9.85791077567
-9.84489609917
-9.8427203841
-9.83781586347
-9.86504925843
-9.80555563678
-9.81815805605
-9.83726214772
-9.83778201264
-9.82350751445
-9.81725916302
-9.82882762344
-9.83948702596
-9.84868870715
-9.84260624283
-9.8306110372
-9.83801760639
-9.85018059977
-9.862571155
-9.8466745341
-9.80810043128
-9.83560475894
-9.82232611927
-9.84111821519
-9.83452279205
-9.82714011236
-9.83707399152
-9.84770972507
-9.83758519281
-9.83523557359
-9.81920254374
-9.84117384683
-9.82589196495
-9.82034914439
-9.81669521506
-9.83915283738
-9.8476955822
-9.87651742899
-9.83862945597
-9.83079565957
-9.84022585296
-9.85132952465
-9.8356282664


-10.104795097
-10.0821246449
-10.0928506751
-10.0777762491
-10.0411036785
-10.0328858956
-10.0163777437
-9.98144249556
-9.97098262578
-9.98561771637
-9.99350406055
-9.96257773025
-9.91281789301
-9.94573387963
-9.9345434075
-9.94144342261
-9.93604134095
-9.92159720613
-9.93873469348
-9.90736868604
-9.92687332603
-9.88255327548
-9.88365147063
-9.91423947547
-9.94481724226
-9.89654592091
-9.899075292
-9.89513326551
-9.90316983424
-9.90168577395
-9.92568840436
-9.89160520842
-9.90024814888
-9.90456812852
-9.88646698067
-9.8992348
-9.91630251184
-9.88858926411
-9.92163301119
-9.87834868188
-9.89972874248
-9.90620943316
-9.92052757588
-9.89229133488
-9.90118565681
-9.90290301346
-9.89774763554
-9.89080371974
-9.90591952875
-9.88433110253
-9.90903688499
-9.8929934977
-9.88078586593
-9.89809261995
-9.91271062357
-9.92965618944
-9.90602990724
-9.92456964687
-9.87754607289
-9.88067465858
-9.90488479027
-9.91328167507
-9.91079931541
-9.9084278843
-9.94728524876
-9.91190247657
-9.90387162324
-9.87743363972
-9.88872145261
-9.88631868853
-9.92494069418
-9.90011017599
-9.88476086927
-9.88378149976
-9.88150108477
-9.93329010731
-9.92283669512
-9.90808647781
-9.90171842568
-9.88528096975
-9.89463227827
-9.90076731108
-9.89149413152
-9.8670962653
-9.90723146253
-9.90130144294
-9.89515811536
-9.91027053136
-9.89795249832
-9.88536692506
-9.88787609526
-9.8822252049
-9.88175333182
-9.90269082467
-9.90330447933
-9.8892543554
-9.91950151338
-9.89067294507
-9.91950892642
-9.90396002276
-9.90983037698
-9.8897527548
-9.93006243364
-9.91493555855
-9.88246812551
-9.88981109384
-9.90565357649
-9.90729517648
-9.9104164439
-9.90969068221
-9.92962766601
-9.87845089604
-9.87902978665
-9.88331921354
-9.90061329969
-9.90608857326
-9.89351412586
-9.92067510644
-9.89433095216
-9.91181630726
-9.88944433271
-9.87689982617


-10.1354633424
-10.1241767483
-10.0705498862
-10.1147960861
-10.0928085363
-10.0936005262
-10.082279514
-10.0356928427
-10.052994761
-9.9962462109
-10.0002822716
-10.0085048416
-10.016422923
-9.99087743248
-10.0104148554
-10.0034266315
-9.99903994063
-9.98662677208
-10.0009818808
-10.0242244275
-10.0012485973
-9.98835239316
-10.0125912969
-9.99245463084
-10.0126315273
-10.0132141657
-10.0001724853
-10.0100379164
-9.99720559993
-10.0048972558
-10.0194982394
-10.0026261962
-10.0023877621
-9.97904948194
-10.0406701493
-10.0337237671
-9.99488973348
-9.98476702567
-9.98904869003
-9.97475261358
-9.97591596061
-9.97913242805
-9.9685959364
-9.98768764422
-9.96475389989
-9.97561212971
-10.0028783059
-9.99639897531
-9.96323668121
-9.98087972859
-9.97346283258
-9.99473650011
-9.98306532465
-9.97402485795
-9.98559209358
-10.0025198194
-9.98151293703
-9.98977747194
-9.97830102225
-9.96718031772
-9.97525172089
-9.95946673324
-9.98648242276
-9.97508306011
-9.97713500616
-9.97787555436
-9.97199132999
-9.97876379424
-9.98939058441
-9.9643891973
-9.98473291195
-9.98620215602
-9.98835257875
-9.97397065513
-9.96355003
-9.97932793434
-10.0135458418
-10.0082715497
-9.97758442149
-9.97848770666
-9.96312616616
-9.9862843658
-9.97431318853
-9.97192572831
-9.99394993651
-10.0109391003
-9.96500260912
-9.96078586697
-10.0060972821
-9.95291833653
-9.97807924497
-9.98109482369
-10.0150860768
-10.0029021649
-10.0230962039
-10.0183247139
-10.0054748526
-9.97638468645
-9.96919753924
-9.96034150669
-9.95812641788
-9.9703286258
-9.93016829478
-9.96495787399
-9.94805779579
-9.99176964805
-9.94035535785
-9.96098977694
-9.95432195221
-9.95893472094
-9.94709896846
-9.94906813791
-9.96260027438
-9.96258522208
-9.95658316648
-9.9511954103
-9.95065433851
-9.94727587821
-9.97145665383
-9.96379135001
-9.95162795022
-9.94736251467
-9.95973103972
-9.92793625032
-9.97303778056
-9.96187147397
-9.96344608549
-9.95548295316
-9.97013183197
-9.98884748827
-9.98368912932
-9.9363187725
-9.93224938036
-9.95758957429
-9.9550415653
-9.96056926732
-9.96286285443
-9.94282263385
-9.94848057123
-9.97929408634
-9.95245497021
-9.98714494634
-9.97453656165
-9.95288021131
-9.96691625657
-9.96133299741
-9.9552203479
-9.94564288535
-9.99138489883
-9.97435908797
-9.96368105228
-9.94523142974
-9.97395735368
-9.96891064486
-9.94032619239
-9.95134885336
-9.94003494
-9.97656039479
-9.95154588815
-9.95708078964
-9.94497886602
-9.96410731517
-9.96600755403
-9.96188436386
-9.9798146242
-9.9463129493
-9.95822115143
-9.95289190729
-9.94468182746
-9.95265910166
-9.93580372892
-9.97032747562
-9.95823520194
-9.95748751867
-9.93364745909
-9.96018589138
-9.94529341077
-9.9549405811
-9.9872801317
-10.0035932921
-9.96459653496
-9.9618015178
-9.9680449735
-9.94817953474
-9.99924132453
-9.96689771043
-9.97216832907
-9.97851833867
-9.95936465817
-9.95665976379
-9.93864238878
-9.98590162011
-9.97320181857
-9.94454939572
-9.94330131153
-9.96078854343
-9.98605476156
-9.97527869348


-10.1008248828
-10.0847700694
-10.0222908211
-10.0273296822
-10.0493709818
-10.0082121351
-10.0272159102
-10.0358093052
-9.98570968377
-10.0199427747
-10.0284261736
-9.99238853654
-9.97943987986
-9.95136956602
-9.92764552821
-9.94287762024
-9.90867020913
-9.94865407191
-9.91700034002
-9.91128701322
-9.90490014615
-9.91264625737
-9.89313785578
-9.89516616092
-9.91291100521
-9.87839123352
-9.87574409176
-9.86845922169
-9.89890527884
-9.87717082388
-9.86039892415
-9.87353772954
-9.87579116352
-9.85632075663
-9.84452515689
-9.85492408531
-9.87691596328
-9.88722562672
-9.86457121261
-9.86725872216
-9.86933177553
-9.8697191183
-9.87177697561
-9.87132158252
-9.88589517044
-9.85902542787
-9.88190963449
-9.87205515228
-9.85701168285
-9.88326959617
-9.88375409672
-9.87666318096
-9.85973500721
-9.861094629
-9.86813246369
-9.86543475279
-9.88339982456
-9.89148217492
-9.85906138079
-9.86792706324
-9.88182830334
-9.85867067026
-9.89725088155
-9.86656585458
-9.88035672596
-9.8598466506
-9.84695113787
-9.87598103828
-9.86485812346
-9.88349534499
-9.84399971759
-9.86449154513
-9.86227952828
-9.85913960404
-9.8560895829
-9.86804332149
-9.85357320745
-9.8816086365
-9.89720683659
-9.86429668731
-9.86585921363
-9.85060884688
-9.87665666947
-9.89280153455
-9.86272143864
-9.85897286657
-9.85842075365
-9.84816647169
-9.874963886
-9.87359169438
-9.88020509209
-9.86413039088
-9.86848082178
-9.85975610163
-9.85768666533
-9.89366661781
-9.87146209501
-9.86792243719
-9.86261162669
-9.88569547753
-9.86014003908
-9.90376555279
-9.8597155914
-9.84182505809
-9.86553304584
-9.85373212408
-9.86149473839
-9.86554507118
-9.85533569221
-9.88255529967
-9.87449873355
-9.87801198482
-9.8684004515
-9.8671168996
-9.88983206439
-9.84557770472
-9.86380693785
-9.86597587863
-9.86574781951
-9.85437439161
-9.84934312648
-9.86464390967
-9.87518422429
-9.86849204356
-9.84897497586
-9.86441488109
-9.83799889504
-9.86537203526
-9.88698872341
-9.87721070784
-9.85839670285
-9.88514332404


-10.1044704754
-10.046445041
-10.0289893068
-10.0790892527
-10.0407532418
-10.0864419326
-10.1014998407
-10.0558059418
-10.0329294563
-10.0437497397
-10.0338887279
-10.0133773768
-10.0296726282
-10.0297268747
-10.0261646239
-10.0249872472
-10.036315406
-10.0438294585
-10.04209727
-10.0434984185
-10.0186054948
-10.0716207323
-10.0770302743
-10.014089341
-10.0163773954
-10.0424112014
-10.0093708997
-10.0415061742
-10.0427999226
-10.0164677015
-10.0170062164
-10.0306202986
-10.0099356006
-9.99730186521
-10.0235724345
-10.0421912426
-10.0415977002
-10.0259919043
-10.0328964455
-10.0421579729
-10.066342663
-10.014615387
-10.0426188905
-10.0182019669
-10.0106230346
-9.97737816495
-9.97007158898
-9.95629226084
-9.93596400782
-9.97160742363
-9.94480687342
-9.95586360777
-9.95555229748
-9.94139250701
-9.94393955625
-9.91855773095
-9.93863242722
-9.93353729409
-9.92650511725
-9.94990397642
-9.93528782749
-9.95281790627
-9.92920509859
-9.9143037094
-9.93270946908
-9.91594712076
-9.94875559528
-9.93451731452
-9.94384323013
-9.93072752969
-9.9466473734
-9.92697687555
-9.92456986832
-9.96677518806
-9.93558795737
-9.90952705069
-9.93400413435
-9.93056034333
-9.94737975362
-9.94216813919
-9.94503439765
-9.92217157974
-9.96142481134
-9.93868223819
-9.92630148819
-9.94631152679
-9.94015624381
-9.96762300627
-9.96704302761
-9.94260192248
-9.95570320908
-9.95860256799
-9.94997206967
-9.92979717258
-9.92279425809
-9.95801899278
-9.93728459439
-9.93126089194
-9.94547243464
-9.94024285212
-9.93645256782
-9.94676305304
-9.93555358897
-9.92731320915
-9.92650576374
-9.94024244682
-9.95822527141
-9.93684277422
-9.94441596409
-9.95866302788
-9.9486712829
-9.92665227128
-9.93557040888
-9.95835488463
-9.96382074024
-9.93638435026
-9.93050346447
-9.931272531
-9.95423073084
-9.91296063631
-9.94435443969
-9.9359474342
-9.91614049523
-9.95165872226
-9.94018356687
-9.93536819416
-9.91364589384
-9.93659957488
-9.93411412336
-9.93367128836
-9.96607536182
-9.9243825035
-9.92907722236
-9.91537815643
-9.94012358829
-9.91995487903
-9.93624867796
-9.94623516965
-9.93415722037
-9.91618780118
-9.94523811969
-9.91622207796
-9.94559890834
-9.94750429197
-9.92998836379
-9.92270896699
-9.96099514204
-9.96903682847
-9.92557695801


-10.1289744186
-10.0778754409
-10.0588199474
-10.0352229294
-10.0301757783
-10.0044059835
-10.052131406
-10.0381102636
-10.0389926154
-10.0056816241
-9.99011946042
-10.0389470198
-9.97243869726
-9.94535458325
-9.9561574425
-9.92542039615
-9.93542208553
-9.92197530854
-9.88200671574
-9.88556625455
-9.9026031299
-9.89517494292
-9.87759549546
-9.85900058527
-9.86185151573
-9.86925148763
-9.83866394931
-9.83847077202
-9.89307491271
-9.87855320104
-9.83960781145
-9.85653029342
-9.84201969889
-9.85350377722
-9.84475424356
-9.84993823057
-9.87308467325
-9.84658421717
-9.87872000163
-9.82981842022
-9.86296530286
-9.83763865393
-9.85750741084
-9.85000143396
-9.84703630211
-9.85940167222
-9.84965840466
-9.83629075396
-9.82636212575
-9.85737599003
-9.8609573978
-9.84834745189
-9.85026509866
-9.86023002301
-9.84479085672
-9.85449407786
-9.83340985733
-9.85996757409
-9.85060139342
-9.84269448361
-9.84177308864
-9.82357032385
-9.84457337486
-9.84190074875
-9.84538194178
-9.85724707881
-9.85592326393
-9.86757887865
-9.86046585648
-9.8743018634
-9.85091216773
-9.81931817883
-9.85666137401
-9.84937453863
-9.85483705402
-9.850347507
-9.847779001
-9.83534853982
-9.85773226476
-9.85994590328
-9.8446249086
-9.82655881319
-9.85594884551
-9.84830811928
-9.84046214326
-9.84156462507
-9.84400736799
-9.83052867156
-9.85504817254
-9.85859169115
-9.83961195798
-9.85274492753
-9.84748716763
-9.84343310506
-9.84623301456
-9.84739930442
-9.83249788043
-9.85940448184
-9.8551342872
-9.85301562408
-9.8455189525
-9.86036204476
-9.85405249797
-9.85973542111
-9.84719428084
-9.84926114926
-9.83412130127
-9.85623342556
-9.85719445553
-9.85599070452
-9.85699716908
-9.83856722376
-9.8418535511
-9.85527451368
-9.84664392342
-9.8412562383
-9.83777298087
-9.85370278313
-9.84350871093
-9.85944482791
-9.84589994689
-9.8752291664
-9.84482329056
-9.8613831556
-9.85598127728


-10.1319094079
-10.0981946336
-10.0634365379
-10.0523030929
-10.055851517
-10.0114917547
-10.0196656999
-10.0324842405
-10.008452113
-10.0019261026
-10.0125457631
-9.98978106361
-9.97881414166
-9.9463039257
-9.95035490266
-9.96397931026
-9.93919889609
-9.94645100518
-9.9211774266
-9.93972896563
-9.94059764626
-9.89860588754
-9.90118829244
-9.90969232046
-9.89939650942
-9.88243151821
-9.87033989771
-9.8539416822
-9.88354163787
-9.86750449357
-9.86732710448
-9.85992353125
-9.85562895256
-9.84693721087
-9.84465715197
-9.88665187109
-9.86992817743
-9.87944573835
-9.8750731225
-9.86727311142
-9.86061754234
-9.87764558851
-9.87204050464
-9.85233321444
-9.8645089486
-9.87204602242
-9.87293205814
-9.85582688497
-9.86974990785
-9.85360942393
-9.8764402141
-9.88382820428
-9.87500784927
-9.8584347436
-9.87957452726
-9.86460789446
-9.87249201735
-9.88723709105
-9.86162682543
-9.88884649132
-9.88119086393
-9.86942520124
-9.87331814836
-9.89790033018
-9.87596880791
-9.85803192304
-9.87429873156
-9.87959058986
-9.85667441752
-9.86901278377
-9.87479158938
-9.86107005422
-9.86808062877
-9.85334491783
-9.85990605137
-9.85977463183
-9.86285339031
-9.88675419332
-9.88672422383
-9.87670057136
-9.84966593555
-9.87167415737
-9.86460336566
-9.84360645288
-9.8741678624
-9.88390448802
-9.88920723845
-9.86539104316
-9.86998137628
-9.89508609544
-9.86363113344
-9.87383003513
-9.87184252228
-9.86705797182
-9.87565917896
-9.8722999162
-9.86696210165
-9.87765114589
-9.86631190211
-9.87393407991
-9.86294897354
-9.86343684669
-9.86898298959
-9.87286235175
-9.85989984289
-9.88462144303
-9.86782468247
-9.85332028738
-9.87681476773
-9.87806516082
-9.87469176208
-9.89064194412
-9.87445723399
-9.86606783881
-9.88688009339
-9.88032385065
-9.8721376044
-9.86800875109
-9.87355712316
-9.89160999387
-9.84819210287
-9.85910941296
-9.88576444006
-9.86612063924
-9.8616038352
-9.90441330443


-10.1000021575
-10.132509544
-10.0744769078
-10.0150031401
-10.0534542369
-9.98632382701
-9.98673746367
-9.97300635415
-9.97722569265
-9.89140048183
-9.88527498601
-9.91413469083
-9.88560251699
-9.88059108475
-9.87970764552
-9.857071422
-9.81967046325
-9.84706194489
-9.84164616994
-9.84140266813
-9.82717862456
-9.80776322985
-9.80095648574
-9.81235204317
-9.83890709362
-9.83233096464
-9.80215422141
-9.81440615697
-9.81508095073
-9.8084204485
-9.81719810852
-9.81577542807
-9.81444701615
-9.84049512004
-9.82110038269
-9.8297835989
-9.81783130513
-9.80060553841
-9.79897992802
-9.81402232858
-9.80438156387
-9.81749108329
-9.79910892885
-9.8233668886
-9.80531844079
-9.81873379284
-9.83464237005
-9.80881564136
-9.83864412429
-9.82576464111
-9.81686872437
-9.81381360462
-9.80316784718
-9.81616104802
-9.82971933267
-9.81390799546
-9.82304184693
-9.82395999788
-9.81214124378
-9.80806191408
-9.82153968569
-9.8024594206
-9.82183095699
-9.85579564177
-9.83061051248
-9.79827018777
-9.79508606118
-9.82673139203
-9.79348531525
-9.84996946603
-9.82355890437
-9.84334643027
-9.82325603743
-9.81202078373
-9.81305485657
-9.838549505
-9.8146659962
-9.80433693753
-9.79610978447
-9.81388528235
-9.80197626409
-9.85718530993
-9.83320505043
-9.82631055643
-9.82835448103
-9.80221614081
-9.80707264107
-9.81613574698
-9.81078440539
-9.81034884591
-9.80982802481
-9.82259181733
-9.80836708838
-9.82660984122
-9.85031194282
-9.80614200358
-9.85880836109
-9.7966304399
-9.82440737236
-9.8363495212
-9.82830721817
-9.83422169819
-9.80311684449
-9.82658914203
-9.8480841154
-9.8236447111
-9.81869327552
-9.81199719829
-9.77669688131
-9.81563163486
-9.8151850329
-9.80376965157
-9.83166480798
-9.81768318632
-9.82443716861
-9.81858433071
-9.80426520469
-9.81304407684
-9.8103766645
-9.81322464601
-9.83623070102
-9.82185859716


-10.0990591232
-10.064884246
-10.0659317543
-10.0535767317
-10.0040783596
-9.9930407357
-10.0145425433
-10.0106822397
-9.99853610487
-9.98058040655
-9.95860266492
-9.94600036971
-9.94291702862
-9.91300125114
-9.91906182117
-9.92203564449
-9.91001136038
-9.91789644128
-9.89201252266
-9.90491405828
-9.92214629413
-9.90319538494
-9.88890921477
-9.8975692863
-9.85663252117
-9.84854174643
-9.85812442455
-9.84688282377
-9.84569045477
-9.87136409217
-9.87973467857
-9.86150857361
-9.86425487663
-9.86373831262
-9.88054772019
-9.85657888189
-9.84141902011
-9.85440513458
-9.87301452838
-9.84232024997
-9.84652590142
-9.88294966626
-9.85118985587
-9.87426655819
-9.86909501756
-9.87236835672
-9.87512729387
-9.84787346545
-9.83939900109
-9.84806199536
-9.85742699096
-9.86330479383
-9.85345884804
-9.85336208207
-9.86389253742
-9.86556192037
-9.85619192664
-9.86359491467
-9.85018553178
-9.85212686564
-9.8762619014
-9.86223619998
-9.85197233981
-9.85755288356
-9.88728335503
-9.86157424518
-9.87526479766
-9.88104494818
-9.83909051436
-9.87369015119
-9.85921146208
-9.86357200954
-9.87836730035
-9.87069957051
-9.85094981723
-9.85530195627
-9.88873010361
-9.85849273712
-9.88530690615
-9.85578634436
-9.8773448139
-9.88454694304
-9.84695481265
-9.88122072785
-9.85965799961
-9.8478024851
-9.87706375953
-9.90317405376
-9.84854999924
-9.87269500815
-9.84827266536
-9.89541443054
-9.85205206929
-9.87067982673
-9.8485096976
-9.87342654548
-9.86842004371
-9.86439409655
-9.84068708374
-9.86683914314
-9.85548884259
-9.86205239625
-9.8419018172
-9.87480150465
-9.85359763957
-9.86505076819
-9.87009935146
-9.86553838525
-9.85710315619
-9.87025559723
-9.86991841914
-9.87426805534
-9.86700247156
-9.85202171958
-9.84899956267
-9.87835413246
-9.83992618806
-9.8602249309
-9.8800784649
-9.86671117487
-9.87322438438
-9.86853659509
-9.85896240125
-9.86904578517
-9.86820705974
-9.88210728779
-9.85752096082


