-9.90817356206
-9.896
-9.85185185185
-9.84236947791
-9.74674674675
-9.79879275654
-9.77177177177
-9.74698795181
-9.70812437312
-9.68568568569
-9.698
-9.63363363363
-9.63363363363
-9.63
-9.60760760761
-9.60760760761
-9.581
-9.6
-9.58558558559
-9.578
-9.586
-9.586
-9.58158158158
-9.582
-9.576
-9.582
-9.58
-9.58
-9.58
-9.58
-9.58
-9.58
-9.58
-9.58
-9.58
-9.58
-9.58
-9.58
-9.58
-9.58
-9.58
-9.58
-9.58
-9.58
-9.58
-9.58
-9.58
-9.58
-9.58
-9.58
-9.58
-9.58
-9.58
-9.58
-9.58
-9.58
-9.58
-9.58
-9.58
-9.58
-9.58
-9.58
-9.58
-9.58
-9.58
-9.58
-9.58
-9.58
-9.58
-9.58
-9.58
-9.58
-9.58
-9.58
-9.58
-9.58
-9.58
-9.58
-9.58
-9.58
-9.58
-9.58
-9.58
-9.58
-9.58
-9.58
-9.58
-9.58
-9.58
-9.58
-9.58
-9.58
-9.58
-9.58
-9.58
-9.58
-9.58
-9.58
-9.58
-9.58
-9.58
-9.58
-9.58
-9.58
-9.58
-9.58
-9.58
-9.58
-9.58
-9.58
-9.58
-9.58
-9.58
-9.58
-9.58
-9.58
-9.58
-9.58
-9.58
-9.58
-9.58
-9.58
-9.58
-9.58
-9.58
-9.58


-9.94864048338
-9.92985971944
-9.94864048338
-9.921
-9.89357429719
-9.809
-9.78578578579
-9.78578578579
-9.74472361809
-9.74472361809
-9.74472361809
-9.72372372372
-9.72372372372
-9.72372372372
-9.714
-9.71371371371
-9.704
-9.694
-9.68036072144
-9.68036072144
-9.674
-9.661
-9.656
-9.656
-9.656
-9.656
-9.652
-9.65
-9.65
-9.65
-9.65
-9.65
-9.65
-9.65
-9.65
-9.65
-9.65
-9.65
-9.65
-9.65
-9.65
-9.65
-9.65
-9.65
-9.65
-9.65
-9.65
-9.65
-9.65
-9.65
-9.65
-9.65
-9.65
-9.65
-9.65
-9.65
-9.65
-9.65
-9.65
-9.65
-9.65
-9.65
-9.65
-9.65
-9.65
-9.65
-9.65
-9.65
-9.65
-9.65
-9.65
-9.65
-9.65
-9.65
-9.65
-9.65
-9.65
-9.65
-9.65
-9.65
-9.65
-9.65
-9.65
-9.65
-9.65
-9.65
-9.65
-9.65
-9.65
-9.65
-9.65
-9.65
-9.65
-9.65
-9.65
-9.65
-9.65
-9.65
-9.65
-9.65
-9.65
-9.65
-9.65
-9.65
-9.65
-9.65
-9.65
-9.65
-9.65
-9.65
-9.65
-9.65
-9.65
-9.65
-9.65
-9.65
-9.65
-9.65
-9.65
-9.65
-9.65
-9.65
-9.65
-9.65
-9.65
-9.65
-9.65


-9.85671342685
-9.92377131394
-9.848
-9.848
-9.848
-9.92377131394
-9.92377131394
-9.92377131394
-9.92377131394
-9.92377131394
-9.92377131394
-9.92377131394
-9.92377131394
-9.90981963928
-9.92377131394
-9.92377131394
-9.89145728643
-9.89145728643
-9.89145728643
-9.89145728643
-9.89145728643
-9.89145728643
-9.84738955823
-9.8018018018
-9.8018018018
-9.8018018018
-9.8018018018
-9.8018018018
-9.8018018018
-9.8018018018
-9.8018018018
-9.8018018018
-9.8018018018
-9.8018018018
-9.8018018018
-9.8018018018
-9.8018018018
-9.8018018018
-9.8018018018
-9.8018018018
-9.8018018018
-9.8018018018
-9.8018018018
-9.8018018018
-9.8018018018
-9.8018018018
-9.8018018018
-9.8018018018
-9.8018018018
-9.8018018018
-9.8018018018
-9.8018018018
-9.8018018018
-9.8018018018
-9.8018018018
-9.8018018018
-9.8018018018
-9.8018018018
-9.8018018018
-9.8018018018
-9.8018018018
-9.8018018018
-9.8018018018
-9.8018018018
-9.8018018018
-9.8018018018
-9.8018018018
-9.8018018018
-9.8018018018
-9.8018018018
-9.8018018018
-9.8018018018
-9.8018018018
-9.8018018018
-9.8018018018
-9.8018018018
-9.8018018018
-9.8018018018
-9.8018018018
-9.8018018018
-9.8018018018
-9.8018018018
-9.8018018018
-9.8018018018
-9.8018018018
-9.8018018018
-9.8018018018
-9.8018018018
-9.8018018018
-9.8018018018
-9.8018018018
-9.8018018018
-9.8018018018
-9.8018018018
-9.8018018018
-9.8018018018
-9.8018018018
-9.8018018018
-9.8018018018
-9.8018018018
-9.8018018018
-9.8018018018
-9.8018018018
-9.8018018018
-9.8018018018
-9.8018018018
-9.8018018018
-9.8018018018
-9.8018018018
-9.8018018018
-9.8018018018
-9.8018018018
-9.8018018018
-9.8018018018
-9.8018018018
-9.8018018018
-9.8018018018
-9.8018018018
-9.8018018018
-9.8018018018
-9.8018018018
-9.8018018018
-9.8018018018


-9.87261785356
-9.87261785356
-9.79559118236
-9.79559118236
-9.79559118236
-9.76076076076
-9.78234704112
-9.75851703407
-9.742
-9.7221664995
-9.7221664995
-9.71142284569
-9.699
-9.67367367367
-9.67367367367
-9.67134268537
-9.67067067067
-9.67067067067
-9.663
-9.67067067067
-9.665
-9.657
-9.657
-9.657
-9.655
-9.655
-9.659
-9.657
-9.657
-9.657
-9.657
-9.657
-9.657
-9.657
-9.657
-9.657
-9.657
-9.657
-9.657
-9.657
-9.657
-9.657
-9.657
-9.657
-9.657
-9.657
-9.657
-9.657
-9.657
-9.657
-9.657
-9.657
-9.657
-9.657
-9.657
-9.657
-9.657
-9.657
-9.657
-9.657
-9.657
-9.657
-9.657
-9.657
-9.657
-9.657
-9.657
-9.657
-9.657
-9.657
-9.657
-9.657
-9.657
-9.657
-9.657
-9.657
-9.657
-9.657
-9.657
-9.657
-9.657
-9.657
-9.657
-9.657
-9.657
-9.657
-9.657
-9.657
-9.657
-9.657
-9.657
-9.657
-9.657
-9.657
-9.657
-9.657
-9.657
-9.657
-9.657
-9.657
-9.657
-9.657
-9.657
-9.657
-9.657
-9.657
-9.657
-9.657
-9.657
-9.657
-9.657
-9.657
-9.657
-9.657
-9.657
-9.657
-9.657
-9.657
-9.657
-9.657
-9.657
-9.657
-9.657
-9.657
-9.657
-9.657
-9.657


-9.885
-9.885
-9.87563195147
-9.84684684685
-9.82429718876
-9.7967967968
-9.757
-9.74748490946
-9.72417251755
-9.68668668669
-9.68668668669
-9.679
-9.66466466466
-9.66466466466
-9.661
-9.655
-9.647
-9.631
-9.631
-9.627
-9.627
-9.623
-9.625
-9.619
-9.619
-9.615
-9.619
-9.619
-9.619
-9.619
-9.619
-9.619
-9.619
-9.619
-9.619
-9.619
-9.619
-9.619
-9.619
-9.619
-9.619
-9.619
-9.619
-9.619
-9.619
-9.619
-9.619
-9.619
-9.619
-9.619
-9.619
-9.619
-9.619
-9.619
-9.619
-9.619
-9.619
-9.619
-9.619
-9.619
-9.619
-9.619
-9.619
-9.619
-9.619
-9.619
-9.619
-9.619
-9.619
-9.619
-9.619
-9.619
-9.619
-9.619
-9.619
-9.619
-9.619
-9.619
-9.619
-9.619
-9.619
-9.619
-9.619
-9.619
-9.619
-9.619
-9.619
-9.619
-9.619
-9.619
-9.619
-9.619
-9.619
-9.619
-9.619
-9.619
-9.619
-9.619
-9.619
-9.619
-9.619
-9.619
-9.619
-9.619
-9.619
-9.619
-9.619
-9.619
-9.619
-9.619
-9.619
-9.619
-9.619
-9.619
-9.619
-9.619
-9.619
-9.619
-9.619
-9.619
-9.619
-9.619
-9.619
-9.619
-9.619
-9.619


-9.88388388388
-9.88388388388
-9.83783783784
-9.88388388388
-9.88476953908
-9.88
-9.84004024145
-9.85985985986
-9.85985985986
-9.77977977978
-9.815
-9.815
-9.85985985986
-9.85985985986
-9.85985985986
-9.85985985986
-9.85985985986
-9.85985985986
-9.85985985986
-9.85985985986
-9.85985985986
-9.85985985986
-9.85985985986
-9.85985985986
-9.85985985986
-9.85985985986
-9.85985985986
-9.85985985986
-9.85985985986
-9.85985985986
-9.85985985986
-9.85985985986
-9.85985985986
-9.85985985986
-9.85985985986
-9.85985985986
-9.85985985986
-9.85985985986
-9.85985985986
-9.85985985986
-9.85985985986
-9.85985985986
-9.85985985986
-9.85985985986
-9.85985985986
-9.85985985986
-9.85985985986
-9.85985985986
-9.85985985986
-9.85985985986
-9.85985985986
-9.85985985986
-9.85985985986
-9.85985985986
-9.85985985986
-9.85985985986
-9.85985985986
-9.85985985986
-9.85985985986
-9.85985985986
-9.83183183183
-9.83183183183
-9.85985985986
-9.85985985986
-9.85985985986
-9.85985985986
-9.85985985986
-9.85985985986
-9.85985985986
-9.85985985986
-9.85985985986
-9.84120603015
-9.85985985986
-9.85985985986
-9.85985985986
-9.85985985986
-9.85985985986
-9.85985985986
-9.85985985986
-9.85985985986
-9.852
-9.85985985986
-9.85985985986
-9.85985985986
-9.85985985986
-9.85985985986
-9.85985985986
-9.85985985986
-9.85985985986
-9.85985985986
-9.85985985986
-9.85985985986
-9.85985985986
-9.85985985986
-9.85985985986
-9.85985985986
-9.85985985986
-9.85985985986
-9.85985985986
-9.85985985986
-9.85985985986
-9.85985985986
-9.85985985986
-9.85985985986
-9.85985985986
-9.85985985986
-9.85985985986
-9.85985985986
-9.85985985986
-9.85985985986
-9.85985985986
-9.85985985986
-9.85985985986
-9.85985985986
-9.85985985986
-9.85985985986
-9.85985985986
-9.85985985986
-9.85985985986
-9.85985985986
-9.85985985986
-9.85985985986
-9.85985985986
-9.85985985986
-9.85985985986
-9.85985985986
-9.85985985986
-9.85985985986
-9.82429718876
-9.82429718876
-9.82429718876
-9.82429718876
-9.82429718876
-9.82429718876
-9.85985985986
-9.85985985986
-9.85985985986
-9.85814889336
-9.85814889336
-9.85985985986
-9.85985985986
-9.85985985986
-9.85985985986
-9.85599194361
-9.85599194361
-9.85599194361
-9.85599194361
-9.85985985986
-9.85985985986
-9.85985985986
-9.85985985986
-9.85985985986
-9.85985985986
-9.85985985986
-9.85985985986
-9.85985985986
-9.85985985986
-9.85985985986
-9.85985985986
-9.85985985986
-9.85985985986
-9.85985985986
-9.85985985986
-9.85985985986
-9.85985985986
-9.85985985986
-9.85985985986
-9.85985985986
-9.85985985986
-9.85985985986
-9.85985985986
-9.85985985986
-9.85985985986
-9.85985985986
-9.85985985986
-9.85985985986
-9.85985985986
-9.85985985986
-9.85985985986
-9.85985985986
-9.85985985986
-9.85985985986
-9.85985985986
-9.85985985986
-9.85985985986
-9.85985985986
-9.85985985986
-9.837
-9.85985985986
-9.85985985986
-9.85985985986
-9.85985985986
-9.85985985986
-9.85985985986
-9.85985985986
-9.85985985986
-9.85985985986
-9.85985985986
-9.85985985986
-9.85985985986
-9.85985985986
-9.85985985986
-9.85985985986
-9.85985985986
-9.85985985986
-9.85513078471
-9.85985985986
-9.85985985986
-9.85985985986
-9.85985985986
-9.85985985986
-9.85985985986
-9.85985985986
-9.85985985986
-9.85985985986
-9.85985985986
-9.85985985986
-9.85985985986
-9.85985985986
-9.85985985986
-9.85985985986
-9.816
-9.816
-9.85985985986
-9.85985985986
-9.85985985986
-9.85985985986
-9.85985985986
-9.85985985986
-9.85985985986
-9.85985985986
-9.85985985986
-9.85985985986
-9.85985985986
-9.85985985986
-9.85985985986
-9.85985985986
-9.85985985986
-9.85985985986
-9.85985985986
-9.85985985986
-9.85985985986
-9.85985985986
-9.85985985986
-9.85985985986
-9.837
-9.837
-9.837
-9.837
-9.837
-9.837
-9.837
-9.837
-9.837
-9.837
-9.837
-9.837
-9.837
-9.837
-9.837
-9.837
-9.837
-9.837
-9.837
-9.837
-9.837
-9.837
-9.837
-9.837
-9.837
-9.837
-9.837
-9.837
-9.837
-9.837
-9.837
-9.837
-9.837
-9.837
-9.837
-9.837
-9.837
-9.837
-9.837
-9.837
-9.837
-9.837
-9.837
-9.837
-9.837
-9.837
-9.837
-9.837
-9.837
-9.837
-9.837
-9.837
-9.837
-9.837
-9.837
-9.837
-9.837
-9.837
-9.837
-9.837
-9.837
-9.837
-9.837
-9.837
-9.837
-9.837
-9.837
-9.837
-9.837
-9.837
-9.837
-9.837
-9.837
-9.837
-9.837
-9.837
-9.837
-9.837
-9.837
-9.837
-9.837
-9.837
-9.837
-9.837
-9.837
-9.837
-9.837
-9.837
-9.837
-9.837
-9.837
-9.837
-9.837
-9.837
-9.837
-9.837
-9.837
-9.837
-9.837
-9.837


-9.9179331307
-9.888
-9.888
-9.809
-9.809
-9.80823293173
-9.84553660983
-9.87287287287
-9.87287287287
-9.87287287287
-9.87287287287
-9.87287287287
-9.87287287287
-9.87287287287
-9.87287287287
-9.87287287287
-9.81181181181
-9.81181181181
-9.81181181181
-9.81181181181
-9.81181181181
-9.81181181181
-9.81181181181
-9.81181181181
-9.81181181181
-9.81181181181
-9.81181181181
-9.81181181181
-9.81181181181
-9.81181181181
-9.81181181181
-9.81181181181
-9.81181181181
-9.81181181181
-9.81181181181
-9.81181181181
-9.81181181181
-9.81181181181
-9.81181181181
-9.81181181181
-9.81181181181
-9.81181181181
-9.81181181181
-9.81181181181
-9.81181181181
-9.81181181181
-9.81181181181
-9.81181181181
-9.81181181181
-9.81181181181
-9.81181181181
-9.81181181181
-9.81181181181
-9.81181181181
-9.81181181181
-9.81181181181
-9.81181181181
-9.81181181181
-9.81181181181
-9.81181181181
-9.81181181181
-9.81181181181
-9.81181181181
-9.81181181181
-9.81181181181
-9.81181181181
-9.81181181181
-9.81181181181
-9.81181181181
-9.81181181181
-9.81181181181
-9.81181181181
-9.81181181181
-9.81181181181
-9.81181181181
-9.81181181181
-9.81181181181
-9.81181181181
-9.81181181181
-9.81181181181
-9.81181181181
-9.81181181181
-9.80140421264
-9.81181181181
-9.81181181181
-9.81181181181
-9.81181181181
-9.81181181181
-9.81181181181
-9.81181181181
-9.81181181181
-9.81181181181
-9.81181181181
-9.81181181181
-9.81181181181
-9.81181181181
-9.81181181181
-9.81181181181
-9.81181181181
-9.81181181181
-9.81181181181
-9.81181181181
-9.81181181181
-9.81181181181
-9.81181181181
-9.81181181181
-9.81181181181
-9.81181181181
-9.81181181181
-9.81181181181
-9.81181181181
-9.81181181181
-9.81181181181
-9.81181181181
-9.81181181181
-9.81181181181
-9.81181181181
-9.81181181181
-9.81181181181
-9.81181181181
-9.81181181181
-9.81181181181
-9.81181181181
-9.81181181181
-9.81181181181
-9.81181181181
-9.81181181181
-9.81181181181
-9.81181181181
-9.81181181181
-9.81181181181
-9.81181181181
-9.81181181181
-9.81181181181
-9.81181181181
-9.81181181181
-9.81181181181
-9.81181181181
-9.81181181181
-9.81181181181
-9.81181181181
-9.81181181181
-9.81181181181
-9.81181181181
-9.81181181181
-9.81181181181
-9.81181181181
-9.81181181181
-9.81181181181
-9.81181181181
-9.81181181181
-9.81181181181
-9.81181181181
-9.81181181181
-9.81181181181
-9.81181181181
-9.81181181181
-9.81181181181
-9.81181181181
-9.81181181181
-9.81181181181
-9.81181181181
-9.81181181181
-9.81181181181
-9.81181181181
-9.81181181181
-9.81181181181
-9.81181181181
-9.81181181181
-9.81181181181
-9.81181181181
-9.81181181181
-9.81181181181
-9.81181181181
-9.81181181181
-9.81181181181
-9.81181181181
-9.81181181181
-9.81181181181
-9.81181181181
-9.81181181181
-9.81181181181
-9.81181181181


-9.93969849246
-9.86116700201
-9.85957873621
-9.85957873621
-9.82647943831
-9.82647943831
-9.82647943831
-9.82647943831
-9.82647943831
-9.82647943831
-9.78678678679
-9.785
-9.775
-9.763
-9.77277277277
-9.771
-9.767
-9.767
-9.765
-9.76676676677
-9.757
-9.757
-9.757
-9.757
-9.757
-9.757
-9.757
-9.757
-9.757
-9.757
-9.757
-9.757
-9.757
-9.757
-9.757
-9.757
-9.757
-9.757
-9.757
-9.757
-9.757
-9.757
-9.757
-9.757
-9.757
-9.757
-9.757
-9.757
-9.757
-9.757
-9.757
-9.757
-9.757
-9.757
-9.757
-9.757
-9.757
-9.757
-9.757
-9.757
-9.757
-9.757
-9.757
-9.757
-9.757
-9.757
-9.757
-9.757
-9.757
-9.757
-9.757
-9.757
-9.757
-9.757
-9.757
-9.757
-9.757
-9.757
-9.757
-9.757
-9.757
-9.757
-9.757
-9.757
-9.757
-9.757
-9.757
-9.757
-9.757
-9.757
-9.757
-9.757
-9.757
-9.757
-9.757
-9.757
-9.757
-9.757
-9.757
-9.757
-9.757
-9.757
-9.757
-9.757
-9.757
-9.757
-9.757
-9.757
-9.757
-9.757
-9.757
-9.757
-9.757
-9.757
-9.757
-9.757
-9.757
-9.757
-9.757
-9.757


-10.001010101
-9.90452261307
-9.82164328657
-9.77855711423
-9.77855711423
-9.77855711423
-9.77855711423
-9.77855711423
-9.77855711423
-9.75851703407
-9.77855711423
-9.77855711423
-9.77855711423
-9.77855711423
-9.8
-9.77877877878
-9.75675675676
-9.746
-9.726
-9.726
-9.726
-9.726
-9.712
-9.704
-9.712
-9.712
-9.712
-9.712
-9.712
-9.712
-9.712
-9.712
-9.712
-9.712
-9.712
-9.712
-9.712
-9.712
-9.712
-9.712
-9.712
-9.712
-9.712
-9.712
-9.712
-9.712
-9.712
-9.712
-9.712
-9.712
-9.712
-9.712
-9.712
-9.712
-9.712
-9.712
-9.712
-9.712
-9.712
-9.712
-9.712
-9.712
-9.712
-9.712
-9.712
-9.712
-9.712
-9.712
-9.712
-9.712
-9.712
-9.712
-9.712
-9.712
-9.712
-9.712
-9.712
-9.712
-9.712
-9.712
-9.712
-9.712
-9.712
-9.712
-9.712
-9.712
-9.712
-9.712
-9.712
-9.712
-9.712
-9.712
-9.712
-9.712
-9.712
-9.712
-9.712
-9.712
-9.712
-9.712
-9.712
-9.712
-9.712
-9.712
-9.712
-9.712
-9.712
-9.712
-9.712
-9.712
-9.712
-9.712
-9.712
-9.712
-9.712
-9.712
-9.712
-9.712
-9.712
-9.712
-9.712
-9.712
-9.712
-9.712


-9.9016064257
-9.94182547643
-9.86773547094
-9.85185185185
-9.85470941884
-9.81790744467
-9.8313253012
-9.8313253012
-9.75775775776
-9.80980980981
-9.78678678679
-9.7625250501
-9.741
-9.71671671672
-9.716
-9.71071071071
-9.707
-9.705
-9.703
-9.701
-9.697
-9.699
-9.695
-9.695
-9.695
-9.695
-9.695
-9.695
-9.695
-9.695
-9.695
-9.695
-9.695
-9.695
-9.695
-9.695
-9.695
-9.695
-9.695
-9.695
-9.695
-9.695
-9.695
-9.695
-9.695
-9.695
-9.695
-9.695
-9.695
-9.695
-9.695
-9.695
-9.695
-9.695
-9.695
-9.695
-9.695
-9.695
-9.695
-9.695
-9.695
-9.695
-9.695
-9.695
-9.695
-9.695
-9.695
-9.695
-9.695
-9.695
-9.695
-9.695
-9.695
-9.695
-9.695
-9.695
-9.695
-9.695
-9.695
-9.695
-9.695
-9.695
-9.695
-9.695
-9.695
-9.695
-9.695
-9.695
-9.695
-9.695
-9.695
-9.695
-9.695
-9.695
-9.695
-9.695
-9.695
-9.695
-9.695
-9.695
-9.695
-9.695
-9.695
-9.695
-9.695
-9.695
-9.695
-9.695
-9.695
-9.695
-9.695
-9.695
-9.695
-9.695
-9.695
-9.695
-9.695
-9.695
-9.695
-9.695
-9.695
-9.695


-9.85385385385
-9.93340060545
-9.93340060545
-9.90394337715
-9.90394337715
-9.89289289289
-9.89289289289
-9.89034205231
-9.9009009009
-9.84784784785
-9.84784784785
-9.87374749499
-9.87374749499
-9.87374749499
-9.87374749499
-9.86786786787
-9.85
-9.85
-9.86186186186
-9.86186186186
-9.86186186186
-9.86186186186
-9.86186186186
-9.86186186186
-9.86186186186
-9.86186186186
-9.85542168675
-9.85412474849
-9.85412474849
-9.81981981982
-9.81981981982
-9.81981981982
-9.721
-9.76753507014
-9.76176176176
-9.72434607646
-9.70912738215
-9.686
-9.686
-9.686
-9.65565565566
-9.65565565566
-9.65065065065
-9.64064064064
-9.623
-9.63463463463
-9.62862862863
-9.623
-9.623
-9.619
-9.619
-9.623
-9.623
-9.623
-9.623
-9.623
-9.623
-9.623
-9.623
-9.623
-9.623
-9.623
-9.623
-9.623
-9.623
-9.623
-9.623
-9.623
-9.623
-9.623
-9.623
-9.623
-9.623
-9.623
-9.623
-9.623
-9.623
-9.623
-9.623
-9.623
-9.623
-9.623
-9.623
-9.623
-9.623
-9.623
-9.623
-9.623
-9.623
-9.623
-9.623
-9.623
-9.623
-9.623
-9.623
-9.623
-9.623
-9.623
-9.623
-9.623
-9.623
-9.623
-9.623
-9.623
-9.623
-9.623
-9.623
-9.623
-9.623
-9.623
-9.623
-9.623
-9.623
-9.623
-9.623
-9.623
-9.623
-9.623
-9.623
-9.623
-9.623
-9.623
-9.623
-9.623
-9.623
-9.623
-9.623
-9.623
-9.623
-9.623
-9.623
-9.623
-9.623
-9.623
-9.623
-9.623
-9.623
-9.623
-9.623
-9.623
-9.623
-9.623
-9.623
-9.623
-9.623
-9.623
-9.623
-9.623
-9.623
-9.623
-9.623


-9.92885771543
-9.90571715145
-9.90571715145
-9.85757271815
-9.85757271815
-9.87462387161
-9.87236180905
-9.82582582583
-9.818
-9.818
-9.82246740221
-9.80260521042
-9.80260521042
-9.69238476954
-9.80260521042
-9.72672672673
-9.79479479479
-9.74474474474
-9.74274274274
-9.73173173173
-9.68968968969
-9.68468468468
-9.64464464464
-9.67467467467
-9.67467467467
-9.66966966967
-9.64764764765
-9.65365365365
-9.64
-9.64
-9.638
-9.618
-9.618
-9.618
-9.604
-9.618
-9.618
-9.618
-9.618
-9.618
-9.618
-9.618
-9.618
-9.618
-9.618
-9.618
-9.618
-9.618
-9.618
-9.618
-9.618
-9.618
-9.618
-9.618
-9.618
-9.618
-9.618
-9.618
-9.618
-9.618
-9.618
-9.618
-9.618
-9.618
-9.618
-9.618
-9.618
-9.618
-9.618
-9.618
-9.618
-9.618
-9.618
-9.618
-9.618
-9.618
-9.618
-9.618
-9.618
-9.618
-9.618
-9.618
-9.618
-9.618
-9.618
-9.618
-9.618
-9.618
-9.618
-9.618
-9.618
-9.618
-9.618
-9.618
-9.618
-9.618
-9.618
-9.618
-9.618
-9.618
-9.618
-9.618
-9.618
-9.618
-9.618
-9.618
-9.618
-9.618
-9.618
-9.618
-9.618
-9.618
-9.618
-9.618
-9.618
-9.618
-9.618
-9.618
-9.618
-9.618
-9.618
-9.618
-9.618
-9.618
-9.618
-9.618
-9.618
-9.618
-9.618
-9.618
-9.618
-9.618
-9.618
-9.618
-9.618


-9.92253521127
-9.902
-9.902
-9.902
-9.9019019019
-9.82164328657
-9.82164328657
-9.82164328657
-9.86445783133
-9.86445783133
-9.80260521042
-9.80260521042
-9.793
-9.767
-9.75301204819
-9.72845691383
-9.69469469469
-9.69469469469
-9.68036072144
-9.68036072144
-9.67267267267
-9.64864864865
-9.66066066066
-9.65865865866
-9.649
-9.645
-9.645
-9.64664664665
-9.637
-9.637
-9.637
-9.637
-9.637
-9.637
-9.637
-9.637
-9.637
-9.637
-9.637
-9.637
-9.637
-9.637
-9.637
-9.637
-9.637
-9.637
-9.637
-9.637
-9.637
-9.637
-9.637
-9.637
-9.637
-9.637
-9.637
-9.637
-9.637
-9.637
-9.637
-9.637
-9.637
-9.637
-9.637
-9.637
-9.637
-9.637
-9.637
-9.637
-9.637
-9.637
-9.637
-9.637
-9.637
-9.637
-9.637
-9.637
-9.637
-9.637
-9.637
-9.637
-9.637
-9.637
-9.637
-9.637
-9.637
-9.637
-9.637
-9.637
-9.637
-9.637
-9.637
-9.637
-9.637
-9.637
-9.637
-9.637
-9.637
-9.637
-9.637
-9.637
-9.637
-9.637
-9.637
-9.637
-9.637
-9.637
-9.637
-9.637
-9.637
-9.637
-9.637
-9.637
-9.637
-9.637
-9.637
-9.637
-9.637
-9.637
-9.637
-9.637
-9.637
-9.637
-9.637
-9.637
-9.637
-9.637
-9.637
-9.637


-9.90380761523
-9.824
-9.824
-9.824
-9.824
-9.824
-9.824
-9.824
-9.824
-9.824
-9.824
-9.824
-9.824
-9.824
-9.824
-9.824
-9.824
-9.824
-9.824
-9.824
-9.824
-9.824
-9.824
-9.824
-9.824
-9.824
-9.824
-9.824
-9.824
-9.824
-9.824
-9.824
-9.824
-9.824
-9.824
-9.824
-9.824
-9.824
-9.824
-9.824
-9.824
-9.824
-9.824
-9.824
-9.824
-9.824
-9.824
-9.824
-9.824
-9.824
-9.824
-9.824
-9.824
-9.824
-9.824
-9.824
-9.824
-9.824
-9.824
-9.824
-9.824
-9.824
-9.824
-9.824
-9.824
-9.824
-9.824
-9.824
-9.824
-9.824
-9.824
-9.824
-9.824
-9.824
-9.824
-9.824
-9.824
-9.824
-9.824
-9.824
-9.824
-9.824
-9.824
-9.824
-9.824
-9.824
-9.824
-9.824
-9.824
-9.824
-9.824
-9.824
-9.824
-9.824
-9.824
-9.824
-9.824
-9.824
-9.824
-9.824
-9.824


-9.93072289157
-9.93072289157
-9.88721047331
-9.87662988967
-9.83883883884
-9.81462925852
-9.80966767372
-9.7987987988
-9.777
-9.7676056338
-9.73493975904
-9.73493975904
-9.706
-9.70310932798
-9.7001003009
-9.65
-9.64
-9.64
-9.62262262262
-9.622
-9.622
-9.622
-9.622
-9.612
-9.61
-9.61
-9.61
-9.61
-9.61
-9.61
-9.61
-9.61
-9.61
-9.61
-9.61
-9.61
-9.61
-9.61
-9.61
-9.61
-9.61
-9.61
-9.61
-9.61
-9.61
-9.61
-9.61
-9.61
-9.61
-9.61
-9.61
-9.61
-9.61
-9.61
-9.61
-9.61
-9.61
-9.61
-9.61
-9.61
-9.61
-9.61
-9.61
-9.61
-9.61
-9.61
-9.61
-9.61
-9.61
-9.61
-9.61
-9.61
-9.61
-9.61
-9.61
-9.61
-9.61
-9.61
-9.61
-9.61
-9.61
-9.61
-9.61
-9.61
-9.61
-9.61
-9.61
-9.61
-9.61
-9.61
-9.61
-9.61
-9.61
-9.61
-9.61
-9.61
-9.61
-9.61
-9.61
-9.61
-9.61
-9.61
-9.61
-9.61
-9.61
-9.61
-9.61
-9.61
-9.61
-9.61
-9.61
-9.61
-9.61
-9.61
-9.61
-9.61
-9.61
-9.61
-9.61
-9.61
-9.61
-9.61
-9.61
-9.61


-9.942
-9.92885771543
-9.922
-9.831
-9.831
-9.831
-9.831
-9.80880880881
-9.80961923848
-9.79839518556
-9.80961923848
-9.80961923848
-9.80961923848
-9.80961923848
-9.80961923848
-9.80961923848
-9.80961923848
-9.80961923848
-9.80961923848
-9.80961923848
-9.80961923848
-9.80961923848
-9.80961923848
-9.80961923848
-9.80961923848
-9.80961923848
-9.80961923848
-9.80961923848
-9.80961923848
-9.80961923848
-9.80961923848
-9.80961923848
-9.80961923848
-9.80961923848
-9.80961923848
-9.80961923848
-9.80961923848
-9.80961923848
-9.80961923848
-9.80961923848
-9.80961923848
-9.80961923848
-9.80961923848
-9.80961923848
-9.80961923848
-9.80961923848
-9.80961923848
-9.80961923848
-9.80961923848
-9.80961923848
-9.80961923848
-9.80961923848
-9.80961923848
-9.80961923848
-9.80961923848
-9.80961923848
-9.80961923848
-9.80961923848
-9.80961923848
-9.80961923848
-9.80961923848
-9.80961923848
-9.80961923848
-9.80961923848
-9.80961923848
-9.80961923848
-9.80961923848
-9.80961923848
-9.80961923848
-9.80961923848
-9.80961923848
-9.80961923848
-9.80961923848
-9.80961923848
-9.80961923848
-9.80961923848
-9.80961923848
-9.80961923848
-9.80961923848
-9.80961923848
-9.80961923848
-9.80961923848
-9.80961923848
-9.80961923848
-9.80961923848
-9.80961923848
-9.80961923848
-9.80961923848
-9.80961923848
-9.80961923848
-9.80961923848
-9.80961923848
-9.80961923848
-9.80961923848
-9.80961923848
-9.80961923848
-9.80961923848
-9.80961923848
-9.80961923848
-9.80961923848
-9.80961923848
-9.80961923848
-9.80961923848
-9.80961923848
-9.80961923848
-9.80961923848
-9.80961923848
-9.80961923848
-9.80961923848
-9.80961923848


-9.93393393393
-9.8665997994
-9.8665997994
-9.8665997994
-9.82748244734
-9.862
-9.80703517588
-9.77833500502
-9.77354709419
-9.77354709419
-9.74874874875
-9.73773773774
-9.68368368368
-9.694
-9.68968968969
-9.684
-9.678
-9.678
-9.686
-9.684
-9.678
-9.678
-9.678
-9.674
-9.674
-9.674
-9.678
-9.678
-9.678
-9.678
-9.678
-9.678
-9.678
-9.678
-9.678
-9.678
-9.678
-9.678
-9.678
-9.678
-9.678
-9.678
-9.678
-9.678
-9.678
-9.678
-9.678
-9.678
-9.678
-9.678
-9.678
-9.678
-9.678
-9.678
-9.678
-9.678
-9.678
-9.678
-9.678
-9.678
-9.678
-9.678
-9.678
-9.678
-9.678
-9.678
-9.678
-9.678
-9.678
-9.678
-9.678
-9.678
-9.678
-9.678
-9.678
-9.678
-9.678
-9.678
-9.678
-9.678
-9.678
-9.678
-9.678
-9.678
-9.678
-9.678
-9.678
-9.678
-9.678
-9.678
-9.678
-9.678
-9.678
-9.678
-9.678
-9.678
-9.678
-9.678
-9.678
-9.678
-9.678
-9.678
-9.678
-9.678
-9.678
-9.678
-9.678
-9.678
-9.678
-9.678
-9.678
-9.678
-9.678
-9.678
-9.678
-9.678
-9.678
-9.678
-9.678
-9.678
-9.678
-9.678
-9.678
-9.678
-9.678
-9.678


-9.92276830491
-9.92276830491
-9.87987987988
-9.87987987988
-9.84468937876
-9.84468937876
-9.8074222668
-9.78778778779
-9.78778778779
-9.78778778779
-9.78778778779
-9.78778778779
-9.78778778779
-9.78778778779
-9.78778778779
-9.78778778779
-9.78778778779
-9.78778778779
-9.78778778779
-9.78778778779
-9.78778778779
-9.78778778779
-9.78778778779
-9.78778778779
-9.78778778779
-9.78778778779
-9.78778778779
-9.78778778779
-9.78778778779
-9.78778778779
-9.78778778779
-9.78778778779
-9.78778778779
-9.78778778779
-9.78778778779
-9.78778778779
-9.78778778779
-9.78778778779
-9.78778778779
-9.78778778779
-9.78778778779
-9.78778778779
-9.78778778779
-9.78778778779
-9.78778778779
-9.78778778779
-9.78778778779
-9.78778778779
-9.78778778779
-9.78778778779
-9.78778778779
-9.78778778779
-9.78778778779
-9.78778778779
-9.78778778779
-9.78778778779
-9.78778778779
-9.78778778779
-9.78778778779
-9.78778778779
-9.78778778779
-9.78778778779
-9.78778778779
-9.78778778779
-9.78778778779
-9.78778778779
-9.78778778779
-9.78778778779
-9.78778778779
-9.78778778779
-9.78778778779
-9.78778778779
-9.78778778779
-9.78778778779
-9.78778778779
-9.78778778779
-9.78778778779
-9.78778778779
-9.78778778779
-9.78778778779
-9.78778778779
-9.78778778779
-9.78778778779
-9.78778778779
-9.78778778779
-9.78778778779
-9.78778778779
-9.78778778779
-9.78778778779
-9.78778778779
-9.78778778779
-9.765
-9.765
-9.765
-9.765
-9.765
-9.765
-9.765
-9.765
-9.765
-9.765
-9.765
-9.765
-9.765
-9.765
-9.765
-9.765
-9.765
-9.765
-9.765
-9.765
-9.765
-9.765
-9.765
-9.765
-9.765
-9.765
-9.765
-9.765
-9.765
-9.765
-9.765
-9.765
-9.765
-9.765
-9.765
-9.765
-9.765
-9.765
-9.765
-9.765
-9.765
-9.765
-9.765
-9.765
-9.765
-9.765
-9.765
-9.765
-9.765
-9.765
-9.765
-9.765
-9.765
-9.765
-9.765
-9.765
-9.765
-9.765
-9.765
-9.765
-9.765
-9.765
-9.765
-9.765
-9.765
-9.765
-9.765
-9.765
-9.765
-9.765
-9.765
-9.765
-9.765
-9.765
-9.765
-9.765
-9.765
-9.765
-9.765
-9.765
-9.765
-9.765
-9.765
-9.765
-9.765
-9.765
-9.765
-9.765
-9.765
-9.765
-9.765
-9.765
-9.765
-9.765
-9.765
-9.765
-9.765
-9.765
-9.765
-9.765


-9.82682682683
-9.82682682683
-9.82682682683
-9.81481481481
-9.77677677678
-9.775
-9.757
-9.739
-9.739
-9.739
-9.731
-9.719
-9.719
-9.717
-9.713
-9.709
-9.705
-9.705
-9.703
-9.701
-9.701
-9.701
-9.701
-9.701
-9.701
-9.701
-9.701
-9.701
-9.701
-9.701
-9.701
-9.701
-9.701
-9.701
-9.701
-9.701
-9.701
-9.701
-9.701
-9.701
-9.701
-9.701
-9.701
-9.701
-9.701
-9.701
-9.701
-9.701
-9.701
-9.701
-9.701
-9.701
-9.701
-9.701
-9.701
-9.701
-9.701
-9.701
-9.701
-9.701
-9.701
-9.701
-9.701
-9.701
-9.701
-9.701
-9.701
-9.701
-9.701
-9.701
-9.701
-9.701
-9.701
-9.701
-9.701
-9.701
-9.701
-9.701
-9.701
-9.701
-9.701
-9.701
-9.701
-9.701
-9.701
-9.701
-9.701
-9.701
-9.701
-9.701
-9.701
-9.701
-9.701
-9.701
-9.701
-9.701
-9.701
-9.701
-9.701
-9.701
-9.701
-9.701
-9.701
-9.701
-9.701
-9.701
-9.701
-9.701
-9.701
-9.701
-9.701
-9.701
-9.701
-9.701
-9.701
-9.701
-9.701
-9.701
-9.701


-9.90690690691
-9.86973947896
-9.86973947896
-9.83867735471
-9.81281281281
-9.80080482897
-9.81124497992
-9.76776776777
-9.76776776777
-9.754
-9.73773773774
-9.73573573574
-9.698
-9.698
-9.704
-9.708
-9.706
-9.708
-9.706
-9.706
-9.706
-9.706
-9.706
-9.706
-9.706
-9.706
-9.706
-9.706
-9.706
-9.706
-9.706
-9.706
-9.706
-9.706
-9.706
-9.706
-9.706
-9.706
-9.706
-9.706
-9.706
-9.706
-9.706
-9.706
-9.706
-9.706
-9.706
-9.706
-9.706
-9.706
-9.706
-9.706
-9.706
-9.706
-9.706
-9.706
-9.706
-9.706
-9.706
-9.706
-9.706
-9.706
-9.706
-9.706
-9.706
-9.706
-9.706
-9.706
-9.706
-9.706
-9.706
-9.706
-9.706
-9.706
-9.706
-9.706
-9.706
-9.706
-9.706
-9.706
-9.706
-9.706
-9.706
-9.706
-9.706
-9.706
-9.706
-9.706
-9.706
-9.706
-9.706
-9.706
-9.706
-9.706
-9.706
-9.706
-9.706
-9.706
-9.706
-9.706
-9.706
-9.706
-9.706
-9.706
-9.706
-9.706
-9.706
-9.706
-9.706
-9.706
-9.706
-9.706
-9.706
-9.706
-9.706
-9.706
-9.706
-9.706


-9.896
-9.907
-9.87298387097
-9.87298387097
-9.87298387097
-9.87298387097
-9.87298387097
-9.87298387097
-9.87298387097
-9.87298387097
-9.87298387097
-9.87298387097
-9.87298387097
-9.87298387097
-9.87298387097
-9.87298387097
-9.87298387097
-9.87298387097
-9.87298387097
-9.87298387097
-9.87298387097
-9.85356068205
-9.87298387097
-9.87298387097
-9.87298387097
-9.87298387097
-9.87298387097
-9.87298387097
-9.87298387097
-9.87298387097
-9.87298387097
-9.87298387097
-9.87298387097
-9.87298387097
-9.87298387097
-9.87298387097
-9.87298387097
-9.87298387097
-9.87298387097
-9.87298387097
-9.87298387097
-9.87298387097
-9.87298387097
-9.87298387097
-9.78978978979
-9.87298387097
-9.87298387097
-9.87298387097
-9.87298387097
-9.87298387097
-9.87298387097
-9.87298387097
-9.87298387097
-9.87298387097
-9.87298387097
-9.87298387097
-9.87298387097
-9.87298387097
-9.87298387097
-9.87298387097
-9.87298387097
-9.85155466399
-9.85155466399
-9.85155466399
-9.85155466399
-9.85155466399
-9.85155466399
-9.85155466399
-9.85155466399
-9.85155466399
-9.85155466399
-9.85155466399
-9.85155466399
-9.85155466399
-9.85155466399
-9.85155466399
-9.85155466399
-9.85155466399
-9.85155466399
-9.85155466399
-9.85155466399
-9.85155466399
-9.85155466399
-9.85155466399
-9.85155466399
-9.85155466399
-9.85155466399
-9.85155466399
-9.85155466399
-9.85155466399
-9.85155466399
-9.85155466399
-9.85155466399
-9.85155466399
-9.85155466399
-9.85155466399
-9.85155466399
-9.85155466399
-9.85155466399
-9.85155466399
-9.85155466399
-9.85155466399
-9.8008008008
-9.789
-9.75350701403
-9.75350701403
-9.73921765296
-9.71671671672
-9.71671671672
-9.71671671672
-9.71671671672
-9.70670670671
-9.67835671343
-9.677
-9.677
-9.66666666667
-9.643
-9.643
-9.643
-9.637
-9.637
-9.639
-9.635
-9.637
-9.639
-9.639
-9.639
-9.639
-9.639
-9.639
-9.639
-9.639
-9.639
-9.639
-9.639
-9.639
-9.639
-9.639
-9.639
-9.639
-9.639
-9.639
-9.639
-9.639
-9.639
-9.639
-9.639
-9.639
-9.639
-9.639
-9.639
-9.639
-9.639
-9.639
-9.639
-9.639
-9.639
-9.639
-9.639
-9.639
-9.639
-9.639
-9.639
-9.639
-9.639
-9.639
-9.639
-9.639
-9.639
-9.639
-9.639
-9.639
-9.639
-9.639
-9.639
-9.639
-9.639
-9.639
-9.639
-9.639
-9.639
-9.639
-9.639
-9.639
-9.639
-9.639
-9.639
-9.639
-9.639
-9.639
-9.639
-9.639
-9.639
-9.639
-9.639
-9.639
-9.639
-9.639
-9.639
-9.639
-9.639
-9.639
-9.639
-9.639
-9.639
-9.639
-9.639
-9.639
-9.639
-9.639
-9.639
-9.639
-9.639
-9.639
-9.639
-9.639
-9.639
-9.639
-9.639
-9.639
-9.639
-9.639
-9.639
-9.639


-9.89336016097
-9.74899598394
-9.83083083083
-9.86231155779
-9.80160320641
-9.80160320641
-9.80160320641
-9.75651302605
-9.6986986987
-9.73146292585
-9.76004016064
-9.74322968907
-9.73446893788
-9.70611835507
-9.712
-9.716
-9.69038076152
-9.66766766767
-9.68136272545
-9.67134268537
-9.644
-9.62762762763
-9.63527054108
-9.625
-9.625
-9.617
-9.617
-9.615
-9.615
-9.615
-9.615
-9.615
-9.615
-9.615
-9.615
-9.615
-9.615
-9.615
-9.615
-9.615
-9.615
-9.615
-9.615
-9.615
-9.615
-9.615
-9.615
-9.615
-9.615
-9.615
-9.615
-9.615
-9.615
-9.615
-9.615
-9.615
-9.615
-9.615
-9.615
-9.615
-9.615
-9.615
-9.615
-9.615
-9.615
-9.615
-9.615
-9.615
-9.615
-9.615
-9.615
-9.615
-9.615
-9.615
-9.615
-9.615
-9.615
-9.615
-9.615
-9.615
-9.615
-9.615
-9.615
-9.615
-9.615
-9.615
-9.615
-9.615
-9.615
-9.615
-9.615
-9.615
-9.615
-9.615
-9.615
-9.615
-9.615
-9.615
-9.615
-9.615
-9.615
-9.615
-9.615
-9.615
-9.615
-9.615
-9.615
-9.615
-9.615
-9.615
-9.615
-9.615
-9.615
-9.615
-9.615
-9.615
-9.615
-9.615
-9.615
-9.615
-9.615
-9.615
-9.615
-9.615
-9.615
-9.615
-9.615


-9.83333333333
-9.83333333333
-9.83333333333
-9.83333333333
-9.83333333333
-9.81745235707
-9.813
-9.813
-9.78657314629
-9.79
-9.76553106212
-9.76553106212
-9.738
-9.74974974975
-9.738
-9.734
-9.718
-9.718
-9.72772772773
-9.728
-9.72
-9.72
-9.718
-9.718
-9.718
-9.718
-9.718
-9.718
-9.718
-9.718
-9.718
-9.718
-9.718
-9.718
-9.718
-9.718
-9.718
-9.718
-9.718
-9.718
-9.718
-9.718
-9.718
-9.718
-9.718
-9.718
-9.718
-9.718
-9.718
-9.718
-9.718
-9.718
-9.718
-9.718
-9.718
-9.718
-9.718
-9.718
-9.718
-9.718
-9.718
-9.718
-9.718
-9.718
-9.718
-9.718
-9.718
-9.718
-9.718
-9.718
-9.718
-9.718
-9.718
-9.718
-9.718
-9.718
-9.718
-9.718
-9.718
-9.718
-9.718
-9.718
-9.718
-9.718
-9.718
-9.718
-9.718
-9.718
-9.718
-9.718
-9.718
-9.718
-9.718
-9.718
-9.718
-9.718
-9.718
-9.718
-9.718
-9.718
-9.718
-9.718
-9.718
-9.718
-9.718
-9.718
-9.718
-9.718
-9.718
-9.718
-9.718
-9.718
-9.718
-9.718
-9.718
-9.718
-9.718
-9.718
-9.718
-9.718
-9.718
-9.718


-9.85085085085
-9.93460764588
-9.87987987988
-9.88654618474
-9.85370741483
-9.88654618474
-9.88654618474
-9.88654618474
-9.88654618474
-9.88654618474
-9.88654618474
-9.88654618474
-9.88654618474
-9.88654618474
-9.88654618474
-9.88654618474
-9.88654618474
-9.88654618474
-9.88654618474
-9.88654618474
-9.88654618474
-9.88654618474
-9.88654618474
-9.8765060241
-9.8765060241
-9.88654618474
-9.88654618474
-9.859437751
-9.859437751
-9.88654618474
-9.88654618474
-9.88654618474
-9.88654618474
-9.84784784785
-9.84784784785
-9.84784784785
-9.84784784785
-9.84784784785
-9.84784784785
-9.84784784785
-9.84784784785
-9.84784784785
-9.84784784785
-9.84784784785
-9.84784784785
-9.84784784785
-9.84784784785
-9.84784784785
-9.84784784785
-9.84784784785
-9.83183183183
-9.83183183183
-9.84784784785
-9.84784784785
-9.84784784785
-9.84784784785
-9.84784784785
-9.84784784785
-9.84784784785
-9.84784784785
-9.84784784785
-9.84784784785
-9.84784784785
-9.84784784785
-9.84784784785
-9.84784784785
-9.84784784785
-9.84784784785
-9.84784784785
-9.84784784785
-9.84784784785
-9.84784784785
-9.84784784785
-9.84784784785
-9.84784784785
-9.84784784785
-9.84784784785
-9.84784784785
-9.84784784785
-9.84784784785
-9.84784784785
-9.84784784785
-9.84784784785
-9.84784784785
-9.84784784785
-9.84784784785
-9.84784784785
-9.84784784785
-9.84784784785
-9.84784784785
-9.84784784785
-9.81243731194
-9.81243731194
-9.81243731194
-9.81243731194
-9.81243731194
-9.81243731194
-9.806
-9.81243731194
-9.81243731194
-9.81243731194
-9.81243731194
-9.81243731194
-9.81243731194
-9.81243731194
-9.81243731194
-9.81243731194
-9.81243731194
-9.81243731194
-9.81243731194
-9.81243731194
-9.81243731194
-9.81243731194
-9.81243731194
-9.81243731194
-9.81243731194
-9.81243731194
-9.81243731194
-9.81243731194
-9.81243731194
-9.81243731194
-9.81243731194
-9.81243731194
-9.81243731194
-9.81243731194
-9.81243731194
-9.81243731194
-9.81243731194
-9.81243731194
-9.81243731194
-9.81243731194
-9.81243731194
-9.81243731194
-9.81243731194
-9.81243731194
-9.81243731194
-9.81243731194
-9.81243731194
-9.81243731194
-9.81243731194
-9.81243731194
-9.81243731194
-9.81243731194
-9.81243731194
-9.81243731194
-9.81243731194
-9.81243731194
-9.81243731194
-9.81243731194
-9.81243731194
-9.81243731194
-9.81243731194
-9.81243731194
-9.81243731194
-9.81243731194
-9.81243731194
-9.81243731194
-9.81243731194
-9.81243731194
-9.81243731194
-9.81243731194
-9.81243731194
-9.81243731194
-9.81243731194
-9.81243731194
-9.81243731194
-9.81243731194
-9.81243731194
-9.81243731194
-9.81243731194
-9.81243731194
-9.81243731194
-9.81243731194
-9.81243731194
-9.81243731194
-9.81243731194
-9.81243731194
-9.81243731194
-9.81243731194
-9.81243731194
-9.81243731194
-9.81243731194
-9.81243731194
-9.81243731194
-9.81243731194
-9.81243731194
-9.81243731194
-9.81243731194
-9.81243731194
-9.81243731194
-9.81243731194
-9.81243731194
-9.81243731194
-9.81243731194
-9.81243731194
-9.81243731194
-9.81243731194
-9.81243731194


-9.90972918756
-9.83634538153
-9.8343373494
-9.8343373494
-9.864
-9.864
-9.837
-9.815
-9.82630522088
-9.77277277277
-9.80861723447
-9.76984924623
-9.735
-9.735
-9.731
-9.729
-9.71843687375
-9.71843687375
-9.707
-9.707
-9.69839679359
-9.69839679359
-9.67667667668
-9.671
-9.671
-9.667
-9.667
-9.667
-9.657
-9.665
-9.661
-9.661
-9.659
-9.659
-9.659
-9.659
-9.659
-9.659
-9.659
-9.659
-9.659
-9.659
-9.659
-9.659
-9.659
-9.659
-9.659
-9.659
-9.659
-9.659
-9.659
-9.659
-9.659
-9.659
-9.659
-9.659
-9.659
-9.659
-9.659
-9.659
-9.659
-9.659
-9.659
-9.659
-9.659
-9.659
-9.659
-9.659
-9.659
-9.659
-9.659
-9.659
-9.659
-9.659
-9.659
-9.659
-9.659
-9.659
-9.659
-9.659
-9.659
-9.659
-9.659
-9.659
-9.659
-9.659
-9.659
-9.659
-9.659
-9.659
-9.659
-9.659
-9.659
-9.659
-9.659
-9.659
-9.659
-9.659
-9.659
-9.659
-9.659
-9.659
-9.659
-9.659
-9.659
-9.659
-9.659
-9.659
-9.659
-9.659
-9.659
-9.659
-9.659
-9.659
-9.659
-9.659
-9.659
-9.659
-9.659
-9.659
-9.659
-9.659
-9.659
-9.659
-9.659
-9.659
-9.659
-9.659
-9.659
-9.659
-9.659
-9.659


-9.913
-9.8987854251
-9.8987854251
-9.862
-9.862
-9.92785571142
-9.92785571142
-9.91304347826
-9.912
-9.90596562184
-9.90596562184
-9.912
-9.912
-9.912
-9.912
-9.90690690691
-9.90690690691
-9.90690690691
-9.90690690691
-9.90690690691
-9.90690690691
-9.90690690691
-9.90690690691
-9.90690690691
-9.912
-9.912
-9.901
-9.901
-9.912
-9.912
-9.912
-9.912
-9.912
-9.90270812437
-9.90270812437
-9.90270812437
-9.90270812437
-9.88519637462
-9.84368737475
-9.84368737475
-9.84368737475
-9.84
-9.84152457372
-9.8
-9.79195979899
-9.7755511022
-9.765
-9.754
-9.76076076076
-9.7755511022
-9.7755511022
-9.7755511022
-9.7755511022
-9.7755511022
-9.7755511022
-9.7755511022
-9.7755511022
-9.7755511022
-9.7755511022
-9.7755511022
-9.7755511022
-9.7755511022
-9.7755511022
-9.7755511022
-9.7755511022
-9.7755511022
-9.7755511022
-9.7755511022
-9.7755511022
-9.7755511022
-9.7755511022
-9.7755511022
-9.7755511022
-9.7755511022
-9.7755511022
-9.7755511022
-9.7755511022
-9.7755511022
-9.7755511022
-9.7755511022
-9.7755511022
-9.7755511022
-9.7755511022
-9.7755511022
-9.7755511022
-9.7755511022
-9.7755511022
-9.7755511022
-9.7755511022
-9.7755511022
-9.7755511022
-9.7755511022
-9.7755511022
-9.7755511022
-9.7755511022
-9.7755511022
-9.7755511022
-9.7755511022
-9.7755511022
-9.7755511022
-9.7755511022
-9.7755511022
-9.7755511022
-9.7755511022
-9.7755511022
-9.7755511022
-9.7755511022
-9.7755511022
-9.7755511022
-9.7755511022
-9.7755511022
-9.7755511022
-9.7755511022
-9.7755511022
-9.7755511022
-9.7755511022
-9.7755511022
-9.7755511022
-9.7755511022
-9.7755511022
-9.7755511022
-9.7755511022
-9.7755511022
-9.7755511022
-9.7755511022
-9.7755511022
-9.7755511022
-9.7755511022
-9.7755511022
-9.7755511022
-9.7755511022
-9.7755511022
-9.7755511022
-9.7755511022
-9.7755511022
-9.7755511022
-9.7755511022
-9.7755511022
-9.7755511022
-9.7755511022
-9.7755511022
-9.7755511022
-9.7755511022
-9.7755511022
-9.7755511022
-9.7755511022
-9.7755511022
-9.7755511022
-9.7755511022


-9.90270812437
-9.90060240964
-9.90060240964
-9.90060240964
-9.83583583584
-9.89568706118
-9.859437751
-9.859437751
-9.79759519038
-9.79759519038
-9.79379379379
-9.79379379379
-9.7592778335
-9.73119358074
-9.71743486974
-9.70281124498
-9.67967967968
-9.67967967968
-9.66566566567
-9.67
-9.67
-9.64964964965
-9.64964964965
-9.64
-9.64364364364
-9.634
-9.634
-9.634
-9.634
-9.634
-9.634
-9.634
-9.634
-9.634
-9.634
-9.634
-9.634
-9.634
-9.634
-9.634
-9.634
-9.634
-9.634
-9.634
-9.634
-9.634
-9.634
-9.634
-9.634
-9.634
-9.634
-9.634
-9.634
-9.634
-9.634
-9.634
-9.634
-9.634
-9.634
-9.634
-9.634
-9.634
-9.634
-9.634
-9.634
-9.634
-9.634
-9.634
-9.634
-9.634
-9.634
-9.634
-9.634
-9.634
-9.634
-9.634
-9.634
-9.634
-9.634
-9.634
-9.634
-9.634
-9.634
-9.634
-9.634
-9.634
-9.634
-9.634
-9.634
-9.634
-9.634
-9.634
-9.634
-9.634
-9.634
-9.634
-9.634
-9.634
-9.634
-9.634
-9.634
-9.634
-9.634
-9.634
-9.634
-9.634
-9.634
-9.634
-9.634
-9.634
-9.634
-9.634
-9.634
-9.634
-9.634
-9.634
-9.634
-9.634
-9.634
-9.634
-9.634
-9.634
-9.634
-9.634
-9.634


-9.85585585586
-9.85585585586
-9.84406438632
-9.84184184184
-9.831
-9.83417085427
-9.80220883534
-9.77377377377
-9.75675675676
-9.77377377377
-9.77377377377
-9.77377377377
-9.77377377377
-9.77309236948
-9.76452905812
-9.76476476476
-9.76476476476
-9.74574574575
-9.72572572573
-9.716
-9.705
-9.7017017017
-9.686
-9.686
-9.67567567568
-9.67
-9.664
-9.664
-9.664
-9.664
-9.664
-9.664
-9.664
-9.664
-9.664
-9.664
-9.664
-9.664
-9.664
-9.664
-9.664
-9.664
-9.664
-9.664
-9.664
-9.664
-9.664
-9.664
-9.664
-9.664
-9.664
-9.664
-9.664
-9.664
-9.664
-9.664
-9.664
-9.664
-9.664
-9.664
-9.664
-9.664
-9.664
-9.664
-9.664
-9.664
-9.664
-9.664
-9.664
-9.664
-9.664
-9.664
-9.664
-9.664
-9.664
-9.664
-9.664
-9.664
-9.664
-9.664
-9.664
-9.664
-9.664
-9.664
-9.664
-9.664
-9.664
-9.664
-9.664
-9.664
-9.664
-9.664
-9.664
-9.664
-9.664
-9.664
-9.664
-9.664
-9.664
-9.664
-9.664
-9.664
-9.664
-9.664
-9.664
-9.664
-9.664
-9.664
-9.664
-9.664
-9.664
-9.664
-9.664
-9.664
-9.664
-9.664
-9.664
-9.664
-9.664
-9.664
-9.664
-9.664
-9.664
-9.664
-9.664
-9.664


-9.892
-9.85857572718
-9.83887210473
-9.82305358948
-9.7967967968
-9.746
-9.7124248497
-9.7124248497
-9.7124248497
-9.664
-9.664
-9.644
-9.644
-9.64128256513
-9.612
-9.6016016016
-9.6016016016
-9.592
-9.584
-9.58358358358
-9.574
-9.574
-9.576
-9.576
-9.576
-9.576
-9.576
-9.576
-9.576
-9.576
-9.576
-9.576
-9.576
-9.576
-9.576
-9.576
-9.576
-9.576
-9.576
-9.576
-9.576
-9.576
-9.576
-9.576
-9.576
-9.576
-9.576
-9.576
-9.576
-9.576
-9.576
-9.576
-9.576
-9.576
-9.576
-9.576
-9.576
-9.576
-9.576
-9.576
-9.576
-9.576
-9.576
-9.576
-9.576
-9.576
-9.576
-9.576
-9.576
-9.576
-9.576
-9.576
-9.576
-9.576
-9.576
-9.576
-9.576
-9.576
-9.576
-9.576
-9.576
-9.576
-9.576
-9.576
-9.576
-9.576
-9.576
-9.576
-9.576
-9.576
-9.576
-9.576
-9.576
-9.576
-9.576
-9.576
-9.576
-9.576
-9.576
-9.576
-9.576
-9.576
-9.576
-9.576
-9.576
-9.576
-9.576
-9.576
-9.576
-9.576
-9.576
-9.576
-9.576
-9.576
-9.576
-9.576
-9.576
-9.576
-9.576
-9.576
-9.576
-9.576


-9.88588588589
-9.82364729459
-9.82364729459
-9.82364729459
-9.82765531062
-9.77977977978
-9.77977977978
-9.77977977978
-9.77833500502
-9.75352112676
-9.75475475475
-9.72272272272
-9.72272272272
-9.71271271271
-9.701
-9.701
-9.701
-9.657
-9.657
-9.657
-9.657
-9.657
-9.653
-9.653
-9.653
-9.653
-9.649
-9.653
-9.653
-9.653
-9.653
-9.653
-9.653
-9.653
-9.653
-9.653
-9.653
-9.653
-9.653
-9.653
-9.653
-9.653
-9.653
-9.653
-9.653
-9.653
-9.653
-9.653
-9.653
-9.653
-9.653
-9.653
-9.653
-9.653
-9.653
-9.653
-9.653
-9.653
-9.653
-9.653
-9.653
-9.653
-9.653
-9.653
-9.653
-9.653
-9.653
-9.653
-9.653
-9.653
-9.653
-9.653
-9.653
-9.653
-9.653
-9.653
-9.653
-9.653
-9.653
-9.653
-9.653
-9.653
-9.653
-9.653
-9.653
-9.653
-9.653
-9.653
-9.653
-9.653
-9.653
-9.653
-9.653
-9.653
-9.653
-9.653
-9.653
-9.653
-9.653
-9.653
-9.653
-9.653
-9.653
-9.653
-9.653
-9.653
-9.653
-9.653
-9.653
-9.653
-9.653
-9.653
-9.653
-9.653
-9.653
-9.653
-9.653
-9.653
-9.653
-9.653
-9.653
-9.653
-9.653
-9.653
-9.653
-9.653
-9.653


