-1.5
-1.66666666667
-1.66666666667
-1.66666666667
-1.66666666667
-1.66666666667
-1.66666666667
-1.33333333333
-1.33333333333
-1.33333333333
-1.33333333333
-1.33333333333
-1.33333333333
-1.33333333333
-1.33333333333
-1.33333333333
-1.33333333333
-1.33333333333
-1.33333333333
-1.33333333333
-1.33333333333
-1.33333333333
-1.33333333333
-1.33333333333
-0.5
-0.5
-0.5
-0.5
-0.5
-0.5
-0.5
-0.5
-0.5
-0.5
-0.5
-0.5
-0.5
-0.5
-0.5
-0.5
-0.5
-0.5
-0.5
-0.5
-0.5
-0.5
-0.5
-0.5
-0.5
-0.5
-0.5
-0.5
-0.5
-0.5
-0.5
-0.5
-0.5
-0.5
-0.5
-0.5
-0.5
-0.5
-0.5
-0.5
-0.5
-0.5
-0.5
-0.5
-0.5
-0.5
-0.5
-0.5
-0.5
-0.5
-0.5
-0.5
-0.5
-0.5
-0.5
-0.5
-0.5
-0.5
-0.5
-0.5
-0.5
-0.5
-0.5
-0.5
-0.5
-0.5
-0.5
-0.5
-0.5
-0.5
-0.5
-0.5
-0.5
-0.5
-0.5
-0.5


