-3.83333333333
-3.84848484848
-3.83157894737
-3.57575757576
-3.57575757576
-3.42
-3.43
-3.39
-3.39
-3.39
-3.38383838384
-3.39
-3.39
-3.39
-3.39
-3.39
-3.39
-3.39
-3.39
-3.39
-3.39
-3.39
-3.39
-3.39
-3.39
-3.39
-3.39
-3.39
-3.39
-3.39
-3.39
-3.39
-3.39
-3.39
-3.39
-3.39
-3.39
-3.39
-3.39
-3.39
-3.39
-3.39
-3.39
-3.39
-3.39
-3.39
-3.39
-3.39
-3.39
-3.39
-3.39
-3.39
-3.39
-3.39
-3.39
-3.39
-3.39
-3.39
-3.39
-3.39
-3.39
-3.39
-3.39
-3.39
-3.39
-3.39
-3.39
-3.39
-3.39
-3.39
-3.39
-3.39
-3.39
-3.39
-3.39
-3.39
-3.39
-3.39
-3.39
-3.39
-3.39
-3.39
-3.39
-3.39
-3.39
-3.39
-3.39
-3.39
-3.39
-3.39
-3.39
-3.39
-3.39
-3.39
-3.39
-3.39
-3.39
-3.39
-3.39
-3.39
-3.39
-3.39
-3.39
-3.39
-3.39
-3.39
-3.39
-3.39
-3.39
-3.39
-3.39


-3.84536082474
-3.84536082474
-3.82828282828
-3.78787878788
-3.7
-3.68686868687
-3.68686868687
-3.60606060606
-3.60606060606
-3.60606060606
-3.63
-3.55555555556
-3.55555555556
-3.54
-3.52
-3.52
-3.52
-3.52
-3.52
-3.52
-3.52
-3.52
-3.52
-3.52
-3.52
-3.52
-3.52
-3.52
-3.52
-3.52
-3.52
-3.52
-3.52
-3.52
-3.52
-3.52
-3.52
-3.52
-3.52
-3.52
-3.52
-3.52
-3.52
-3.52
-3.52
-3.52
-3.52
-3.52
-3.52
-3.52
-3.52
-3.52
-3.52
-3.52
-3.52
-3.52
-3.52
-3.52
-3.52
-3.52
-3.52
-3.52
-3.52
-3.52
-3.52
-3.52
-3.52
-3.52
-3.52
-3.52
-3.52
-3.52
-3.52
-3.52
-3.52
-3.52
-3.52
-3.52
-3.52
-3.52
-3.52
-3.52
-3.52
-3.52
-3.52
-3.52
-3.52
-3.52
-3.52
-3.52
-3.52
-3.52
-3.52
-3.52
-3.52
-3.52
-3.52
-3.52
-3.52
-3.52
-3.52
-3.52
-3.52
-3.52
-3.52
-3.52
-3.52
-3.52
-3.52
-3.52
-3.52
-3.52
-3.52
-3.52


-3.86868686869
-3.75
-3.76767676768
-3.61
-3.61
-3.61
-3.54
-3.49494949495
-3.56701030928
-3.41414141414
-3.4
-3.4
-3.36
-3.36
-3.34
-3.35353535354
-3.3
-3.28
-3.28
-3.28
-3.28
-3.28
-3.28
-3.28
-3.28
-3.28
-3.28
-3.28
-3.28
-3.28
-3.28
-3.28
-3.28
-3.28
-3.28
-3.28
-3.28
-3.28
-3.28
-3.28
-3.28
-3.28
-3.28
-3.28
-3.28
-3.28
-3.28
-3.28
-3.28
-3.28
-3.28
-3.28
-3.28
-3.28
-3.28
-3.28
-3.28
-3.28
-3.28
-3.28
-3.28
-3.28
-3.28
-3.28
-3.28
-3.28
-3.28
-3.28
-3.28
-3.28
-3.28
-3.28
-3.28
-3.28
-3.28
-3.28
-3.28
-3.28
-3.28
-3.28
-3.28
-3.28
-3.28
-3.28
-3.28
-3.28
-3.28
-3.28
-3.28
-3.28
-3.28
-3.28
-3.28
-3.28
-3.28
-3.28
-3.28
-3.28
-3.28
-3.28
-3.28
-3.28
-3.28
-3.28
-3.28
-3.28
-3.28
-3.28
-3.28
-3.28
-3.28
-3.28
-3.28
-3.28
-3.28
-3.28
-3.28


-3.77
-3.77
-3.77
-3.77
-3.77
-3.77
-3.77
-3.67676767677
-3.67676767677
-3.67676767677
-3.67676767677
-3.67676767677
-3.67676767677
-3.63636363636
-3.63636363636
-3.63636363636
-3.64
-3.64
-3.64
-3.64
-3.64
-3.64
-3.64
-3.64
-3.64
-3.64
-3.64
-3.64
-3.64
-3.64
-3.64
-3.64
-3.64
-3.64
-3.64
-3.64
-3.64
-3.64
-3.64
-3.64
-3.64
-3.64
-3.64
-3.64
-3.64
-3.64
-3.64
-3.64
-3.64
-3.64
-3.64
-3.64
-3.64
-3.64
-3.64
-3.61855670103
-3.61855670103
-3.61855670103
-3.61855670103
-3.61855670103
-3.61855670103
-3.64
-3.64
-3.64
-3.64
-3.64
-3.64
-3.64
-3.64
-3.64
-3.64
-3.64
-3.64
-3.64
-3.64
-3.64
-3.64
-3.64
-3.64
-3.64
-3.64
-3.64
-3.64
-3.64
-3.64
-3.64
-3.64
-3.64
-3.64
-3.64
-3.64
-3.64
-3.64
-3.64
-3.64
-3.64
-3.64
-3.64
-3.64
-3.64
-3.64
-3.64
-3.64
-3.64
-3.64
-3.64
-3.64
-3.64
-3.64
-3.64
-3.64
-3.64
-3.64
-3.64
-3.64
-3.64
-3.64
-3.64
-3.64
-3.64
-3.64
-3.64
-3.64
-3.64
-3.64
-3.64
-3.64
-3.64
-3.64
-3.64
-3.64
-3.64
-3.64
-3.64
-3.64
-3.64
-3.64
-3.64
-3.64
-3.64
-3.64
-3.64
-3.64
-3.64
-3.64
-3.64
-3.64
-3.64
-3.64
-3.64
-3.64
-3.64
-3.64
-3.64
-3.64
-3.64
-3.64
-3.64
-3.64
-3.64
-3.64


-3.92929292929
-3.82291666667
-3.74747474747
-3.75757575758
-3.75757575758
-3.72
-3.68
-3.68
-3.68
-3.68
-3.68
-3.68
-3.68
-3.68
-3.68
-3.68
-3.68
-3.68
-3.68
-3.68
-3.68
-3.68
-3.68
-3.68
-3.68
-3.68
-3.68
-3.68
-3.68
-3.68
-3.68
-3.68
-3.68
-3.68
-3.68
-3.68
-3.68
-3.68
-3.68
-3.68
-3.68
-3.68
-3.68
-3.68
-3.68
-3.68
-3.68
-3.68
-3.68
-3.68
-3.68
-3.68
-3.68
-3.68
-3.68
-3.68
-3.68
-3.68
-3.68
-3.68
-3.68
-3.68
-3.68
-3.68
-3.68
-3.68
-3.68
-3.68
-3.68
-3.68
-3.68
-3.68
-3.68
-3.68
-3.68
-3.68
-3.68
-3.68
-3.68
-3.68
-3.68
-3.68
-3.68
-3.68
-3.68
-3.68
-3.68
-3.68
-3.68
-3.68
-3.68
-3.68
-3.68
-3.68
-3.68
-3.68
-3.68
-3.68
-3.68
-3.68
-3.68
-3.68
-3.68
-3.68
-3.68
-3.68


-3.85567010309
-3.86597938144
-3.78787878788
-3.73469387755
-3.73469387755
-3.46464646465
-3.46464646465
-3.46
-3.38
-3.38
-3.42424242424
-3.40404040404
-3.31632653061
-3.36363636364
-3.33333333333
-3.25
-3.24
-3.22
-3.21212121212
-3.19
-3.15
-3.18
-3.18
-3.18
-3.18
-3.18
-3.18
-3.18
-3.18
-3.18
-3.18
-3.18
-3.18
-3.18
-3.18
-3.18
-3.18
-3.18
-3.18
-3.18
-3.18
-3.18
-3.18
-3.18
-3.18
-3.18
-3.18
-3.18
-3.18
-3.18
-3.18
-3.18
-3.18
-3.18
-3.18
-3.18
-3.18
-3.18
-3.18
-3.18
-3.18
-3.18
-3.18
-3.18
-3.18
-3.18
-3.18
-3.18
-3.18
-3.18
-3.18
-3.18
-3.18
-3.18
-3.18
-3.18
-3.18
-3.18
-3.18
-3.18
-3.18
-3.18
-3.18
-3.18
-3.18
-3.18
-3.18
-3.18
-3.18
-3.18
-3.18
-3.18
-3.18
-3.18
-3.18
-3.18
-3.18
-3.18
-3.18
-3.18
-3.18
-3.18
-3.18
-3.18
-3.18
-3.18
-3.18
-3.18
-3.18
-3.18
-3.18
-3.18
-3.18
-3.18
-3.18
-3.18
-3.18
-3.18
-3.18
-3.18
-3.18


-3.79797979798
-3.80808080808
-3.80808080808
-3.80808080808
-3.80808080808
-3.78
-3.78
-3.74747474747
-3.67676767677
-3.67676767677
-3.53
-3.53
-3.59595959596
-3.58
-3.53
-3.53
-3.52
-3.52
-3.52
-3.52
-3.51
-3.51
-3.51
-3.51
-3.51
-3.51
-3.51
-3.51
-3.51
-3.51
-3.51
-3.51
-3.51
-3.51
-3.51
-3.51
-3.51
-3.51
-3.51
-3.51
-3.51
-3.51
-3.51
-3.51
-3.51
-3.51
-3.51
-3.51
-3.51
-3.51
-3.51
-3.51
-3.51
-3.51
-3.51
-3.51
-3.51
-3.51
-3.51
-3.51
-3.51
-3.51
-3.51
-3.51
-3.51
-3.51
-3.51
-3.51
-3.51
-3.51
-3.51
-3.51
-3.51
-3.51
-3.51
-3.51
-3.51
-3.51
-3.51
-3.51
-3.51
-3.51
-3.51
-3.51
-3.51
-3.51
-3.51
-3.51
-3.51
-3.51
-3.51
-3.51
-3.51
-3.51
-3.51
-3.51
-3.51
-3.51
-3.51
-3.51
-3.51
-3.51
-3.51
-3.51
-3.51
-3.51
-3.51
-3.51
-3.51
-3.51
-3.51
-3.51
-3.51
-3.51
-3.51
-3.51
-3.51
-3.51
-3.51
-3.51


-3.88775510204
-3.74
-3.74
-3.79166666667
-3.85714285714
-3.72727272727
-3.55
-3.68041237113
-3.68041237113
-3.68041237113
-3.61
-3.54545454545
-3.59595959596
-3.59595959596
-3.48
-3.41414141414
-3.41414141414
-3.42424242424
-3.41
-3.42105263158
-3.36363636364
-3.36363636364
-3.34343434343
-3.34343434343
-3.34343434343
-3.35714285714
-3.35714285714
-3.35714285714
-3.35714285714
-3.35714285714
-3.35714285714
-3.35714285714
-3.35714285714
-3.35714285714
-3.35714285714
-3.35714285714
-3.35714285714
-3.35714285714
-3.35714285714
-3.35714285714
-3.35714285714
-3.35714285714
-3.35714285714
-3.35714285714
-3.35714285714
-3.35714285714
-3.35714285714
-3.35714285714
-3.35714285714
-3.35714285714
-3.35714285714
-3.35714285714
-3.35714285714
-3.35714285714
-3.35714285714
-3.35714285714
-3.35714285714
-3.35714285714
-3.35714285714
-3.35714285714
-3.35714285714
-3.35714285714
-3.35714285714
-3.35714285714
-3.35714285714
-3.35714285714
-3.35714285714
-3.35714285714
-3.35714285714
-3.35714285714
-3.35714285714
-3.35714285714
-3.35714285714
-3.35714285714
-3.35714285714
-3.35714285714
-3.35714285714
-3.35714285714
-3.35714285714
-3.35714285714
-3.35714285714
-3.35714285714
-3.35714285714
-3.35714285714
-3.35714285714
-3.35714285714
-3.35714285714
-3.35714285714
-3.35714285714
-3.35714285714
-3.35714285714
-3.35714285714
-3.35714285714
-3.35714285714
-3.35714285714
-3.35714285714
-3.35714285714
-3.35714285714
-3.35714285714
-3.35714285714
-3.35714285714
-3.35714285714
-3.35714285714
-3.35714285714
-3.35714285714
-3.35714285714
-3.35714285714
-3.35714285714
-3.35714285714
-3.35714285714
-3.35714285714
-3.35714285714
-3.35714285714
-3.35714285714
-3.35714285714
-3.35714285714
-3.35714285714
-3.35714285714
-3.35714285714
-3.35714285714
-3.35714285714
-3.35714285714
-3.35714285714
-3.35714285714
-3.35714285714


-3.92783505155
-3.84
-3.84
-3.70103092784
-3.70103092784
-3.70103092784
-3.70103092784
-3.70103092784
-3.70103092784
-3.70103092784
-3.70103092784
-3.70103092784
-3.70103092784
-3.70103092784
-3.70103092784
-3.70103092784
-3.70103092784
-3.70103092784
-3.70103092784
-3.70103092784
-3.70103092784
-3.70103092784
-3.70103092784
-3.70103092784
-3.70103092784
-3.70103092784
-3.70103092784
-3.70103092784
-3.67346938776
-3.70103092784
-3.70103092784
-3.70103092784
-3.70103092784
-3.70103092784
-3.70103092784
-3.70103092784
-3.70103092784
-3.70103092784
-3.70103092784
-3.70103092784
-3.70103092784
-3.70103092784
-3.70103092784
-3.70103092784
-3.70103092784
-3.70103092784
-3.70103092784
-3.70103092784
-3.70103092784
-3.67676767677
-3.61616161616
-3.43
-3.70103092784
-3.70103092784
-3.70103092784
-3.70103092784
-3.70103092784
-3.70103092784
-3.70103092784
-3.70103092784
-3.70103092784
-3.70103092784
-3.70103092784
-3.70103092784
-3.70103092784
-3.70103092784
-3.70103092784
-3.70103092784
-3.70103092784
-3.70103092784
-3.60606060606
-3.60606060606
-3.70103092784
-3.64
-3.64
-3.64
-3.64
-3.64
-3.64
-3.64
-3.64
-3.64
-3.64
-3.64
-3.64
-3.64
-3.64
-3.64
-3.64
-3.64
-3.64
-3.64
-3.64
-3.64
-3.64
-3.64
-3.64
-3.64
-3.64
-3.64
-3.51041666667
-3.51041666667
-3.51041666667
-3.46464646465
-3.51041666667
-3.51041666667
-3.51041666667
-3.51041666667
-3.51041666667
-3.51041666667
-3.51041666667
-3.51041666667
-3.51041666667
-3.51041666667
-3.51041666667
-3.51041666667
-3.51041666667
-3.51041666667
-3.51041666667
-3.51041666667
-3.51041666667
-3.51041666667
-3.51041666667
-3.51041666667
-3.51041666667
-3.51041666667
-3.51041666667
-3.51041666667
-3.51041666667
-3.51041666667
-3.51041666667
-3.51041666667
-3.51041666667
-3.51041666667
-3.51041666667
-3.51041666667
-3.51041666667
-3.51041666667
-3.51041666667
-3.51041666667
-3.51041666667
-3.51041666667
-3.51041666667
-3.51041666667
-3.51041666667
-3.51041666667
-3.51041666667
-3.51041666667
-3.51041666667
-3.51041666667
-3.51041666667
-3.51041666667
-3.51041666667
-3.51041666667
-3.51041666667
-3.51041666667
-3.51041666667
-3.51041666667
-3.51041666667
-3.51041666667
-3.51041666667
-3.51041666667
-3.51041666667
-3.51041666667
-3.51041666667
-3.51041666667
-3.51041666667
-3.51041666667
-3.51041666667
-3.51041666667
-3.51041666667
-3.51041666667
-3.51041666667
-3.51041666667
-3.51041666667
-3.51041666667
-3.51041666667
-3.51041666667
-3.51041666667
-3.51041666667
-3.51041666667
-3.51041666667
-3.51041666667
-3.51041666667
-3.51041666667
-3.51041666667
-3.51041666667
-3.51041666667
-3.51041666667
-3.51041666667
-3.51041666667
-3.51041666667
-3.51041666667
-3.51041666667
-3.51041666667
-3.51041666667
-3.51041666667
-3.51041666667
-3.51041666667
-3.51041666667
-3.51041666667
-3.51041666667
-3.51041666667
-3.51041666667


-3.68085106383
-3.62886597938
-3.63636363636
-3.63636363636
-3.63636363636
-3.63636363636
-3.61224489796
-3.50505050505
-3.46
-3.47474747475
-3.47474747475
-3.44
-3.43434343434
-3.43434343434
-3.43434343434
-3.43434343434
-3.43434343434
-3.43434343434
-3.43434343434
-3.43434343434
-3.43434343434
-3.43434343434
-3.43434343434
-3.43434343434
-3.43434343434
-3.43434343434
-3.43434343434
-3.43434343434
-3.43434343434
-3.43434343434
-3.43434343434
-3.43434343434
-3.43434343434
-3.43434343434
-3.43434343434
-3.43434343434
-3.43434343434
-3.43434343434
-3.43434343434
-3.43434343434
-3.43434343434
-3.43434343434
-3.43434343434
-3.43434343434
-3.43434343434
-3.43434343434
-3.43434343434
-3.43434343434
-3.43434343434
-3.43434343434
-3.43434343434
-3.43434343434
-3.43434343434
-3.43434343434
-3.43434343434
-3.43434343434
-3.43434343434
-3.43434343434
-3.43434343434
-3.43434343434
-3.43434343434
-3.43434343434
-3.43434343434
-3.43434343434
-3.43434343434
-3.43434343434
-3.43434343434
-3.43434343434
-3.43434343434
-3.43434343434
-3.43434343434
-3.43434343434
-3.43434343434
-3.43434343434
-3.43434343434
-3.43434343434
-3.43434343434
-3.43434343434
-3.43434343434
-3.43434343434
-3.43434343434
-3.43434343434
-3.43434343434
-3.43434343434
-3.43434343434
-3.43434343434
-3.43434343434
-3.43434343434
-3.43434343434
-3.43434343434
-3.43434343434
-3.43434343434
-3.43434343434
-3.43434343434
-3.43434343434
-3.43434343434
-3.43434343434
-3.43434343434
-3.43434343434
-3.43434343434
-3.43434343434
-3.43434343434
-3.43434343434
-3.43434343434
-3.43434343434
-3.43434343434
-3.43434343434
-3.43434343434
-3.43434343434
-3.43434343434
-3.43434343434
-3.43434343434


-4.0
-3.77551020408
-3.77551020408
-3.73958333333
-3.73958333333
-3.69696969697
-3.60824742268
-3.54
-3.54
-3.47959183673
-3.47959183673
-3.34343434343
-3.31958762887
-3.34020618557
-3.27835051546
-3.24
-3.24
-3.23232323232
-3.2
-3.19
-3.19
-3.16
-3.16
-3.16
-3.16
-3.16
-3.16
-3.16
-3.16
-3.16
-3.16
-3.16
-3.16
-3.16
-3.16
-3.16
-3.16
-3.16
-3.16
-3.16
-3.16
-3.16
-3.16
-3.16
-3.16
-3.16
-3.16
-3.16
-3.16
-3.16
-3.16
-3.16
-3.16
-3.16
-3.16
-3.16
-3.16
-3.16
-3.16
-3.16
-3.16
-3.16
-3.16
-3.16
-3.16
-3.16
-3.16
-3.16
-3.16
-3.16
-3.16
-3.16
-3.16
-3.16
-3.16
-3.16
-3.16
-3.16
-3.16
-3.16
-3.16
-3.16
-3.16
-3.16
-3.16
-3.16
-3.16
-3.16
-3.16
-3.16
-3.16
-3.16
-3.16
-3.16
-3.16
-3.16
-3.16
-3.16
-3.16
-3.16
-3.16
-3.16
-3.16
-3.16
-3.16
-3.16
-3.16
-3.16
-3.16
-3.16
-3.16
-3.16
-3.16
-3.16
-3.16
-3.16
-3.16
-3.16
-3.16
-3.16
-3.16


-3.89898989899
-3.81632653061
-3.81632653061
-3.76842105263
-3.61616161616
-3.5306122449
-3.51515151515
-3.47474747475
-3.42
-3.4
-3.4
-3.4
-3.4
-3.38
-3.38
-3.38
-3.38
-3.38
-3.38
-3.38
-3.38
-3.38
-3.38
-3.38
-3.38
-3.38
-3.38
-3.38
-3.38
-3.38
-3.38
-3.38
-3.38
-3.38
-3.38
-3.38
-3.38
-3.38
-3.38
-3.38
-3.38
-3.38
-3.38
-3.38
-3.38
-3.38
-3.38
-3.38
-3.38
-3.38
-3.38
-3.38
-3.38
-3.38
-3.38
-3.38
-3.38
-3.38
-3.38
-3.38
-3.38
-3.38
-3.38
-3.38
-3.38
-3.38
-3.38
-3.38
-3.38
-3.38
-3.38
-3.38
-3.38
-3.38
-3.38
-3.38
-3.38
-3.38
-3.38
-3.38
-3.38
-3.38
-3.38
-3.38
-3.38
-3.38
-3.38
-3.38
-3.38
-3.38
-3.38
-3.38
-3.38
-3.38
-3.38
-3.38
-3.38
-3.38
-3.38
-3.38
-3.38
-3.38
-3.38
-3.38
-3.38
-3.38
-3.38
-3.38
-3.38
-3.38
-3.38
-3.38
-3.38


-3.78787878788
-3.84693877551
-3.77551020408
-3.74226804124
-3.74226804124
-3.74226804124
-3.74226804124
-3.74226804124
-3.7
-3.69696969697
-3.60824742268
-3.49494949495
-3.49494949495
-3.4693877551
-3.4693877551
-3.4
-3.4
-3.42
-3.41414141414
-3.42
-3.42
-3.42
-3.42
-3.42
-3.42
-3.42
-3.42
-3.42
-3.42
-3.42
-3.42
-3.42
-3.42
-3.42
-3.42
-3.42
-3.42
-3.42
-3.42
-3.42
-3.42
-3.42
-3.42
-3.42
-3.42
-3.42
-3.42
-3.42
-3.42
-3.42
-3.42
-3.42
-3.42
-3.42
-3.42
-3.42
-3.42
-3.42
-3.42
-3.42
-3.42
-3.42
-3.42
-3.42
-3.42
-3.42
-3.42
-3.42
-3.42
-3.42
-3.42
-3.42
-3.42
-3.42
-3.42
-3.42
-3.42
-3.42
-3.42
-3.42
-3.42
-3.42
-3.42
-3.42
-3.42
-3.42
-3.42
-3.42
-3.42
-3.42
-3.42
-3.42
-3.42
-3.42
-3.42
-3.42
-3.42
-3.42
-3.42
-3.42
-3.42
-3.42
-3.42
-3.42
-3.42
-3.42
-3.42
-3.42
-3.42
-3.42
-3.42
-3.42
-3.42
-3.42
-3.42
-3.42
-3.42
-3.42
-3.42


-3.72448979592
-3.70707070707
-3.70707070707
-3.70707070707
-3.70707070707
-3.70707070707
-3.70707070707
-3.70707070707
-3.70707070707
-3.70707070707
-3.70707070707
-3.70707070707
-3.70707070707
-3.70707070707
-3.70707070707
-3.70707070707
-3.70707070707
-3.70707070707
-3.70707070707
-3.70707070707
-3.70707070707
-3.70707070707
-3.70707070707
-3.70707070707
-3.70707070707
-3.70707070707
-3.70707070707
-3.70707070707
-3.70707070707
-3.70707070707
-3.70707070707
-3.70707070707
-3.70707070707
-3.70707070707
-3.70707070707
-3.70707070707
-3.70707070707
-3.70707070707
-3.70707070707
-3.70707070707
-3.70707070707
-3.70707070707
-3.70707070707
-3.70707070707
-3.70707070707
-3.70707070707
-3.70707070707
-3.70707070707
-3.70707070707
-3.70707070707
-3.70707070707
-3.70707070707
-3.70707070707
-3.70707070707
-3.70707070707
-3.70707070707
-3.70707070707
-3.70707070707
-3.70707070707
-3.70707070707
-3.70707070707
-3.70707070707
-3.70707070707
-3.70707070707
-3.70707070707
-3.70707070707
-3.70707070707
-3.70707070707
-3.68686868687
-3.56565656566
-3.56565656566
-3.70707070707
-3.70707070707
-3.70707070707
-3.70707070707
-3.70707070707
-3.54
-3.54
-3.54
-3.54
-3.70707070707
-3.70707070707
-3.70707070707
-3.70707070707
-3.70707070707
-3.70707070707
-3.70707070707
-3.70707070707
-3.70707070707
-3.70707070707
-3.70707070707
-3.70707070707
-3.70707070707
-3.70707070707
-3.70707070707
-3.70707070707
-3.70707070707
-3.70707070707
-3.70707070707
-3.70707070707
-3.70707070707
-3.70707070707
-3.70707070707
-3.70707070707
-3.70707070707
-3.70707070707
-3.70707070707
-3.70707070707
-3.70707070707
-3.70707070707
-3.70707070707
-3.70707070707
-3.70707070707
-3.70707070707
-3.70707070707
-3.70707070707
-3.70707070707
-3.70707070707
-3.70707070707
-3.5
-3.5
-3.70707070707
-3.70707070707
-3.70707070707
-3.70707070707
-3.70707070707
-3.70707070707
-3.70707070707
-3.66
-3.66
-3.66
-3.66
-3.66
-3.66
-3.48484848485
-3.48484848485
-3.51020408163
-3.51020408163
-3.47959183673
-3.44
-3.44
-3.41
-3.41
-3.41
-3.41
-3.41
-3.41
-3.41
-3.41
-3.41
-3.41
-3.41
-3.41
-3.41
-3.41
-3.41
-3.41
-3.41
-3.41
-3.41
-3.41
-3.41
-3.41
-3.41
-3.41
-3.41
-3.41
-3.41
-3.41
-3.41
-3.41
-3.41
-3.41
-3.41
-3.41
-3.41
-3.41
-3.41
-3.41
-3.41
-3.41
-3.41
-3.41
-3.41
-3.41
-3.41
-3.41
-3.41
-3.41
-3.41
-3.41
-3.41
-3.41
-3.41
-3.41
-3.41
-3.41
-3.41
-3.41
-3.41
-3.41
-3.41
-3.41
-3.41
-3.41
-3.41
-3.41
-3.41
-3.41
-3.41
-3.41
-3.41
-3.41
-3.41
-3.41
-3.41
-3.41
-3.41
-3.41
-3.41
-3.41
-3.41
-3.41
-3.41
-3.41
-3.41
-3.41
-3.41
-3.41
-3.41
-3.41
-3.41
-3.41
-3.41
-3.41
-3.41
-3.41
-3.41
-3.41
-3.41
-3.41


-3.68041237113
-3.82828282828
-3.69696969697
-3.69696969697
-3.5612244898
-3.48
-3.42424242424
-3.44
-3.44
-3.44
-3.42
-3.4
-3.4
-3.4
-3.4
-3.4
-3.4
-3.4
-3.4
-3.4
-3.4
-3.4
-3.4
-3.4
-3.4
-3.4
-3.4
-3.4
-3.4
-3.4
-3.4
-3.4
-3.4
-3.4
-3.4
-3.4
-3.4
-3.4
-3.4
-3.4
-3.4
-3.4
-3.4
-3.4
-3.4
-3.4
-3.4
-3.4
-3.4
-3.4
-3.4
-3.4
-3.4
-3.4
-3.4
-3.4
-3.4
-3.4
-3.4
-3.4
-3.4
-3.4
-3.4
-3.4
-3.4
-3.4
-3.4
-3.4
-3.4
-3.4
-3.4
-3.4
-3.4
-3.4
-3.4
-3.4
-3.4
-3.4
-3.4
-3.4
-3.4
-3.4
-3.4
-3.4
-3.4
-3.4
-3.4
-3.4
-3.4
-3.4
-3.4
-3.4
-3.4
-3.4
-3.4
-3.4
-3.4
-3.4
-3.4
-3.4
-3.4
-3.4
-3.4
-3.4
-3.4
-3.4
-3.4
-3.4
-3.4
-3.4
-3.4


-3.70103092784
-3.70103092784
-3.70103092784
-3.70103092784
-3.70103092784
-3.70103092784
-3.66315789474
-3.70103092784
-3.70103092784
-3.70103092784
-3.70103092784
-3.70103092784
-3.70103092784
-3.70103092784
-3.70103092784
-3.70103092784
-3.70103092784
-3.70103092784
-3.70103092784
-3.70103092784
-3.70103092784
-3.70103092784
-3.70103092784
-3.70103092784
-3.70103092784
-3.70103092784
-3.70103092784
-3.70103092784
-3.70103092784
-3.70103092784
-3.68367346939
-3.68367346939
-3.70103092784
-3.70103092784
-3.70103092784
-3.70103092784
-3.70103092784
-3.70103092784
-3.70103092784
-3.70103092784
-3.70103092784
-3.70103092784
-3.70103092784
-3.70103092784
-3.70103092784
-3.70103092784
-3.70103092784
-3.70103092784
-3.66
-3.70103092784
-3.70103092784
-3.70103092784
-3.70103092784
-3.70103092784
-3.70103092784
-3.70103092784
-3.70103092784
-3.70103092784
-3.62
-3.62
-3.62
-3.58585858586
-3.62
-3.62
-3.62
-3.56
-3.56
-3.56
-3.56
-3.56
-3.56
-3.56
-3.56
-3.56
-3.56
-3.56
-3.56
-3.56
-3.56
-3.56
-3.56
-3.56
-3.56
-3.56
-3.56
-3.56
-3.56
-3.56
-3.56
-3.56
-3.56
-3.56
-3.56
-3.56
-3.56
-3.56
-3.56
-3.56
-3.56
-3.56
-3.56
-3.56
-3.56
-3.56
-3.56
-3.56
-3.56
-3.56
-3.56
-3.56
-3.56
-3.56
-3.56
-3.56
-3.56
-3.56
-3.56
-3.56
-3.56
-3.56
-3.56
-3.56
-3.56
-3.56
-3.56
-3.56
-3.56
-3.56
-3.56
-3.56
-3.56
-3.56
-3.56
-3.56
-3.56
-3.56
-3.56
-3.56
-3.56
-3.56
-3.56
-3.56
-3.56
-3.56
-3.56
-3.56
-3.56
-3.56
-3.56
-3.56
-3.56
-3.56
-3.56
-3.56
-3.56
-3.56
-3.56
-3.56
-3.56
-3.56
-3.56
-3.56
-3.56
-3.56
-3.56


-3.88888888889
-3.72
-3.72
-3.72
-3.72
-3.72
-3.75757575758
-3.75757575758
-3.73
-3.66
-3.61
-3.66
-3.54
-3.64
-3.61616161616
-3.61616161616
-3.58
-3.58
-3.58
-3.58
-3.58
-3.58
-3.58
-3.58
-3.58
-3.58
-3.58
-3.58
-3.58
-3.58
-3.58
-3.58
-3.58
-3.58
-3.58
-3.58
-3.58
-3.58
-3.58
-3.58
-3.58
-3.58
-3.58
-3.58
-3.58
-3.58
-3.58
-3.58
-3.58
-3.58
-3.58
-3.58
-3.58
-3.58
-3.58
-3.58
-3.58
-3.58
-3.58
-3.58
-3.58
-3.58
-3.58
-3.58
-3.58
-3.58
-3.58
-3.58
-3.58
-3.58
-3.58
-3.58
-3.58
-3.58
-3.58
-3.58
-3.58
-3.58
-3.58
-3.58
-3.58
-3.58
-3.58
-3.58
-3.58
-3.58
-3.58
-3.58
-3.58
-3.58
-3.58
-3.58
-3.58
-3.58
-3.58
-3.58
-3.58
-3.58
-3.58
-3.58
-3.58
-3.58
-3.58
-3.58
-3.58
-3.58
-3.58
-3.58
-3.58
-3.58
-3.58
-3.58
-3.58
-3.58
-3.58
-3.58


-3.83
-3.78
-3.76767676768
-3.6
-3.6
-3.6
-3.6
-3.56565656566
-3.53
-3.51
-3.51
-3.51
-3.51
-3.51
-3.51
-3.51
-3.51
-3.51
-3.51
-3.51
-3.51
-3.51
-3.51
-3.51
-3.51
-3.51
-3.51
-3.51
-3.51
-3.51
-3.51
-3.51
-3.51
-3.51
-3.51
-3.51
-3.51
-3.51
-3.51
-3.51
-3.51
-3.51
-3.51
-3.51
-3.51
-3.51
-3.51
-3.51
-3.51
-3.51
-3.51
-3.51
-3.51
-3.51
-3.51
-3.51
-3.51
-3.51
-3.51
-3.51
-3.51
-3.51
-3.51
-3.51
-3.51
-3.51
-3.51
-3.51
-3.51
-3.51
-3.51
-3.51
-3.51
-3.51
-3.51
-3.51
-3.51
-3.51
-3.51
-3.51
-3.51
-3.51
-3.51
-3.51
-3.51
-3.51
-3.51
-3.51
-3.51
-3.51
-3.51
-3.51
-3.51
-3.51
-3.51
-3.51
-3.51
-3.51
-3.51
-3.51
-3.51
-3.51
-3.51
-3.51
-3.51
-3.51
-3.51
-3.51
-3.51


-3.77319587629
-3.68
-3.67676767677
-3.64646464646
-3.54545454545
-3.54545454545
-3.54545454545
-3.57
-3.57
-3.56565656566
-3.55
-3.55
-3.55
-3.55
-3.55
-3.55
-3.55
-3.55
-3.55
-3.55
-3.55
-3.55
-3.55
-3.55
-3.55
-3.55
-3.55
-3.55
-3.55
-3.55
-3.55
-3.55
-3.55
-3.55
-3.55
-3.55
-3.55
-3.55
-3.55
-3.55
-3.55
-3.55
-3.55
-3.55
-3.55
-3.55
-3.55
-3.55
-3.55
-3.55
-3.55
-3.55
-3.55
-3.55
-3.55
-3.55
-3.55
-3.55
-3.55
-3.55
-3.55
-3.55
-3.55
-3.55
-3.55
-3.55
-3.55
-3.55
-3.55
-3.55
-3.55
-3.55
-3.55
-3.55
-3.55
-3.55
-3.55
-3.55
-3.55
-3.55
-3.55
-3.55
-3.55
-3.55
-3.55
-3.55
-3.55
-3.55
-3.55
-3.55
-3.55
-3.55
-3.55
-3.55
-3.55
-3.55
-3.55
-3.55
-3.55
-3.55
-3.55
-3.55
-3.55
-3.55
-3.55
-3.55
-3.55
-3.55
-3.55
-3.55


-3.72
-3.72
-3.72
-3.72
-3.72
-3.72
-3.72
-3.72
-3.72
-3.66
-3.66
-3.64
-3.64
-3.64
-3.61
-3.56565656566
-3.54
-3.56
-3.54
-3.51515151515
-3.5
-3.5
-3.5
-3.5
-3.5
-3.5
-3.5
-3.5
-3.5
-3.5
-3.5
-3.5
-3.5
-3.5
-3.5
-3.5
-3.5
-3.5
-3.5
-3.5
-3.5
-3.5
-3.5
-3.5
-3.5
-3.5
-3.5
-3.5
-3.5
-3.5
-3.5
-3.5
-3.5
-3.5
-3.5
-3.5
-3.5
-3.5
-3.5
-3.5
-3.5
-3.5
-3.5
-3.5
-3.5
-3.5
-3.5
-3.5
-3.5
-3.5
-3.5
-3.5
-3.5
-3.5
-3.5
-3.5
-3.5
-3.5
-3.5
-3.5
-3.5
-3.5
-3.5
-3.5
-3.5
-3.5
-3.5
-3.5
-3.5
-3.5
-3.5
-3.5
-3.5
-3.5
-3.5
-3.5
-3.5
-3.5
-3.5
-3.5
-3.5
-3.5
-3.5
-3.5
-3.5
-3.5
-3.5
-3.5
-3.5
-3.5
-3.5
-3.5
-3.5
-3.5
-3.5
-3.5
-3.5
-3.5
-3.5
-3.5


-3.80208333333
-3.65656565657
-3.58585858586
-3.55102040816
-3.40816326531
-3.39
-3.37373737374
-3.32
-3.28
-3.33
-3.3
-3.28
-3.3
-3.3
-3.3
-3.29292929293
-3.28
-3.28
-3.28
-3.29292929293
-3.29292929293
-3.29292929293
-3.29292929293
-3.29292929293
-3.29292929293
-3.29292929293
-3.29292929293
-3.29292929293
-3.29292929293
-3.29292929293
-3.29292929293
-3.29292929293
-3.29292929293
-3.29292929293
-3.29292929293
-3.29292929293
-3.29292929293
-3.29292929293
-3.29292929293
-3.29292929293
-3.29292929293
-3.29292929293
-3.29292929293
-3.29292929293
-3.29292929293
-3.29292929293
-3.29292929293
-3.29292929293
-3.29292929293
-3.29292929293
-3.29292929293
-3.29292929293
-3.29292929293
-3.29292929293
-3.29292929293
-3.29292929293
-3.29292929293
-3.29292929293
-3.29292929293
-3.29292929293
-3.29292929293
-3.29292929293
-3.29292929293
-3.29292929293
-3.29292929293
-3.29292929293
-3.29292929293
-3.29292929293
-3.29292929293
-3.29292929293
-3.29292929293
-3.29292929293
-3.29292929293
-3.29292929293
-3.29292929293
-3.29292929293
-3.29292929293
-3.29292929293
-3.29292929293
-3.29292929293
-3.29292929293
-3.29292929293
-3.29292929293
-3.29292929293
-3.29292929293
-3.29292929293
-3.29292929293
-3.29292929293
-3.29292929293
-3.29292929293
-3.29292929293
-3.29292929293
-3.29292929293
-3.29292929293
-3.29292929293
-3.29292929293
-3.29292929293
-3.29292929293
-3.29292929293
-3.29292929293
-3.29292929293
-3.29292929293
-3.29292929293
-3.29292929293
-3.29292929293
-3.29292929293
-3.29292929293
-3.29292929293
-3.29292929293
-3.29292929293
-3.29292929293
-3.29292929293
-3.29292929293
-3.29292929293
-3.29292929293
-3.29292929293
-3.29292929293
-3.29292929293
-3.29292929293


-3.82653061224
-3.82653061224
-3.85858585859
-3.79797979798
-3.75757575758
-3.75757575758
-3.75757575758
-3.75757575758
-3.74747474747
-3.70707070707
-3.65
-3.65
-3.63
-3.63
-3.63
-3.63
-3.63
-3.63
-3.63
-3.63
-3.63
-3.63
-3.63
-3.63
-3.63
-3.57731958763
-3.63
-3.63
-3.63
-3.63
-3.63
-3.63
-3.63
-3.63
-3.63
-3.63
-3.63
-3.63
-3.63
-3.63
-3.63
-3.63
-3.63
-3.63
-3.63
-3.63
-3.63
-3.63
-3.63
-3.63
-3.63
-3.63
-3.63
-3.63
-3.63
-3.54639175258
-3.54639175258
-3.54639175258
-3.54639175258
-3.54639175258
-3.54639175258
-3.54639175258
-3.54639175258
-3.54639175258
-3.54639175258
-3.54639175258
-3.54639175258
-3.54639175258
-3.54639175258
-3.54639175258
-3.54639175258
-3.54639175258
-3.54639175258
-3.54639175258
-3.54639175258
-3.54639175258
-3.54639175258
-3.54639175258
-3.54639175258
-3.54639175258
-3.54639175258
-3.54639175258
-3.54639175258
-3.54639175258
-3.54639175258
-3.54639175258
-3.54639175258
-3.54639175258
-3.54639175258
-3.54639175258
-3.54639175258
-3.54639175258
-3.54639175258
-3.54639175258
-3.54639175258
-3.54639175258
-3.54639175258
-3.54639175258
-3.54639175258
-3.54639175258
-3.54639175258
-3.54639175258
-3.54639175258
-3.54639175258
-3.54639175258
-3.54639175258
-3.54639175258
-3.54639175258
-3.54639175258
-3.54639175258
-3.54639175258
-3.54639175258
-3.54639175258
-3.54639175258
-3.54639175258
-3.54639175258
-3.54639175258
-3.54639175258
-3.54639175258
-3.54639175258
-3.54639175258
-3.54639175258
-3.54639175258
-3.54639175258
-3.54639175258
-3.54639175258
-3.54639175258
-3.54639175258
-3.54639175258
-3.54639175258
-3.54639175258
-3.54639175258
-3.54639175258
-3.54639175258
-3.54639175258
-3.54639175258
-3.54639175258
-3.54639175258
-3.54639175258
-3.54639175258
-3.54639175258
-3.54639175258
-3.54639175258
-3.54639175258
-3.54639175258
-3.54639175258
-3.54639175258
-3.54639175258
-3.54639175258
-3.54639175258
-3.54639175258
-3.54639175258
-3.54639175258
-3.54639175258
-3.52040816327
-3.54639175258
-3.54639175258
-3.54639175258
-3.54639175258
-3.54639175258
-3.54639175258
-3.54639175258
-3.54639175258
-3.54639175258
-3.54639175258
-3.54639175258
-3.54639175258
-3.54639175258
-3.54639175258
-3.54639175258
-3.54639175258
-3.54639175258
-3.54639175258
-3.54639175258
-3.54639175258
-3.54639175258
-3.54639175258
-3.54639175258
-3.54639175258
-3.54639175258
-3.54639175258
-3.54639175258
-3.54639175258
-3.54639175258
-3.54639175258
-3.54639175258
-3.54639175258
-3.54639175258
-3.54639175258
-3.54639175258
-3.54639175258
-3.54639175258
-3.54639175258
-3.54639175258
-3.54639175258
-3.54639175258
-3.54639175258
-3.54639175258
-3.54639175258
-3.54639175258
-3.54639175258
-3.54639175258
-3.54639175258
-3.54639175258
-3.54639175258
-3.54639175258
-3.54639175258
-3.54639175258
-3.54639175258
-3.54639175258
-3.54639175258
-3.54639175258
-3.54639175258
-3.54639175258
-3.54639175258
-3.54639175258
-3.54639175258
-3.54639175258
-3.54639175258
-3.54639175258
-3.54639175258
-3.54639175258
-3.54639175258
-3.54639175258
-3.54639175258
-3.54639175258
-3.54639175258
-3.54639175258
-3.54639175258
-3.54639175258
-3.54639175258
-3.54639175258
-3.54639175258
-3.54639175258
-3.54639175258
-3.54639175258
-3.54639175258
-3.54639175258
-3.54639175258
-3.54639175258
-3.54639175258
-3.54639175258
-3.54639175258
-3.54639175258
-3.54639175258
-3.54639175258
-3.54639175258
-3.54639175258
-3.54639175258
-3.54639175258
-3.54639175258
-3.54639175258
-3.54639175258
-3.54639175258
-3.54639175258


-3.91919191919
-3.88659793814
-3.77894736842
-3.57575757576
-3.55
-3.57575757576
-3.57575757576
-3.57575757576
-3.51
-3.43
-3.43
-3.42424242424
-3.44
-3.38
-3.38
-3.36
-3.36
-3.33333333333
-3.32
-3.32
-3.32
-3.32
-3.32
-3.32
-3.32
-3.32
-3.32
-3.32
-3.32
-3.32
-3.32
-3.32
-3.32
-3.32
-3.32
-3.32
-3.32
-3.32
-3.32
-3.32
-3.32
-3.32
-3.32
-3.32
-3.32
-3.32
-3.32
-3.32
-3.32
-3.32
-3.32
-3.32
-3.32
-3.32
-3.32
-3.32
-3.32
-3.32
-3.32
-3.32
-3.32
-3.32
-3.32
-3.32
-3.32
-3.32
-3.32
-3.32
-3.32
-3.32
-3.32
-3.32
-3.32
-3.32
-3.32
-3.32
-3.32
-3.32
-3.32
-3.32
-3.32
-3.32
-3.32
-3.32
-3.32
-3.32
-3.32
-3.32
-3.32
-3.32
-3.32
-3.32
-3.32
-3.32
-3.32
-3.32
-3.32
-3.32
-3.32
-3.32
-3.32
-3.32
-3.32
-3.32
-3.32
-3.32
-3.32
-3.32
-3.32
-3.32
-3.32
-3.32
-3.32
-3.32
-3.32
-3.32
-3.32
-3.32


-3.77
-3.77
-3.76767676768
-3.76767676768
-3.57575757576
-3.57575757576
-3.57575757576
-3.48
-3.53535353535
-3.49494949495
-3.43434343434
-3.43434343434
-3.4
-3.4
-3.4
-3.4
-3.4
-3.4
-3.4
-3.4
-3.4
-3.4
-3.4
-3.4
-3.4
-3.4
-3.4
-3.4
-3.4
-3.4
-3.4
-3.4
-3.4
-3.4
-3.4
-3.4
-3.4
-3.4
-3.4
-3.4
-3.4
-3.4
-3.4
-3.4
-3.4
-3.4
-3.4
-3.4
-3.4
-3.4
-3.4
-3.4
-3.4
-3.4
-3.4
-3.4
-3.4
-3.4
-3.4
-3.4
-3.4
-3.4
-3.4
-3.4
-3.4
-3.4
-3.4
-3.4
-3.4
-3.4
-3.4
-3.4
-3.4
-3.4
-3.4
-3.4
-3.4
-3.4
-3.4
-3.4
-3.4
-3.4
-3.4
-3.4
-3.4
-3.4
-3.4
-3.4
-3.4
-3.4
-3.4
-3.4
-3.4
-3.4
-3.4
-3.4
-3.4
-3.4
-3.4
-3.4
-3.4
-3.4
-3.4
-3.4
-3.4
-3.4
-3.4
-3.4
-3.4
-3.4
-3.4
-3.4


-3.84693877551
-3.75510204082
-3.74226804124
-3.68
-3.79
-3.77551020408
-3.79
-3.79
-3.79
-3.79
-3.79
-3.79
-3.79
-3.79
-3.79
-3.79
-3.79
-3.67010309278
-3.67010309278
-3.56565656566
-3.56565656566
-3.56565656566
-3.56565656566
-3.56565656566
-3.56565656566
-3.56565656566
-3.56565656566
-3.56565656566
-3.56565656566
-3.56565656566
-3.56565656566
-3.56565656566
-3.56565656566
-3.56565656566
-3.56565656566
-3.56565656566
-3.56565656566
-3.56565656566
-3.56565656566
-3.56565656566
-3.56565656566
-3.56565656566
-3.56565656566
-3.56565656566
-3.56565656566
-3.56565656566
-3.56565656566
-3.56565656566
-3.56565656566
-3.56565656566
-3.56565656566
-3.56565656566
-3.56565656566
-3.56565656566
-3.56565656566
-3.56565656566
-3.56565656566
-3.56565656566
-3.56565656566
-3.56565656566
-3.56565656566
-3.56565656566
-3.56565656566
-3.56565656566
-3.56565656566
-3.56565656566
-3.56565656566
-3.56565656566
-3.56565656566
-3.56565656566
-3.56565656566
-3.56565656566
-3.56565656566
-3.56565656566
-3.56565656566
-3.56565656566
-3.56565656566
-3.56565656566
-3.56565656566
-3.56565656566
-3.56565656566
-3.56565656566
-3.56565656566
-3.56565656566
-3.56565656566
-3.56565656566
-3.56565656566
-3.56565656566
-3.56565656566
-3.56565656566
-3.56565656566
-3.56565656566
-3.56565656566
-3.56565656566
-3.56565656566
-3.56565656566
-3.56565656566
-3.56565656566
-3.56565656566
-3.56565656566
-3.56565656566
-3.56565656566
-3.56565656566
-3.56565656566
-3.56565656566
-3.56565656566
-3.56565656566
-3.56565656566
-3.56565656566
-3.56565656566
-3.56565656566
-3.56565656566
-3.56565656566
-3.56565656566
-3.56565656566
-3.56565656566
-3.56565656566
-3.56565656566
-3.56565656566


-3.71
-3.68686868687
-3.68686868687
-3.68686868687
-3.63636363636
-3.56565656566
-3.56565656566
-3.50515463918
-3.50515463918
-3.42424242424
-3.42424242424
-3.40404040404
-3.40404040404
-3.41
-3.41
-3.41
-3.37
-3.37
-3.37
-3.37
-3.37
-3.37
-3.37
-3.37
-3.37
-3.37
-3.37
-3.37
-3.37
-3.37
-3.37
-3.37
-3.37
-3.37
-3.37
-3.37
-3.37
-3.37
-3.37
-3.37
-3.37
-3.37
-3.37
-3.37
-3.37
-3.37
-3.37
-3.37
-3.37
-3.37
-3.37
-3.37
-3.37
-3.37
-3.37
-3.37
-3.37
-3.37
-3.37
-3.37
-3.37
-3.37
-3.37
-3.37
-3.37
-3.37
-3.37
-3.37
-3.37
-3.37
-3.37
-3.37
-3.37
-3.37
-3.37
-3.37
-3.37
-3.37
-3.37
-3.37
-3.37
-3.37
-3.37
-3.37
-3.37
-3.37
-3.37
-3.37
-3.37
-3.37
-3.37
-3.37
-3.37
-3.37
-3.37
-3.37
-3.37
-3.37
-3.37
-3.37
-3.37
-3.37
-3.37
-3.37
-3.37
-3.37
-3.37
-3.37
-3.37
-3.37
-3.37
-3.37
-3.37
-3.37
-3.37
-3.37


-3.81818181818
-3.81818181818
-3.75
-3.46
-3.66666666667
-3.72
-3.72727272727
-3.60606060606
-3.58163265306
-3.58163265306
-3.56565656566
-3.47
-3.47
-3.47
-3.47
-3.47
-3.47
-3.47
-3.47
-3.47
-3.47
-3.47
-3.47
-3.47
-3.47
-3.47
-3.47
-3.47
-3.47
-3.47
-3.47
-3.47
-3.47
-3.47
-3.47
-3.47
-3.47
-3.47
-3.47
-3.47
-3.47
-3.47
-3.47
-3.47
-3.47
-3.47
-3.47
-3.47
-3.47
-3.47
-3.47
-3.47
-3.47
-3.47
-3.47
-3.47
-3.47
-3.47
-3.47
-3.47
-3.47
-3.47
-3.47
-3.47
-3.47
-3.47
-3.47
-3.47
-3.47
-3.47
-3.47
-3.47
-3.47
-3.47
-3.47
-3.47
-3.47
-3.47
-3.47
-3.47
-3.47
-3.47
-3.47
-3.47
-3.47
-3.47
-3.47
-3.47
-3.47
-3.47
-3.47
-3.47
-3.47
-3.47
-3.47
-3.47
-3.47
-3.47
-3.47
-3.43
-3.43
-3.43
-3.43
-3.43
-3.43
-3.43
-3.43
-3.41
-3.39
-3.41
-3.41
-3.41
-3.41
-3.41
-3.41
-3.41
-3.41
-3.41
-3.41
-3.41
-3.41
-3.41
-3.41
-3.41
-3.41
-3.41
-3.41
-3.41
-3.41
-3.41
-3.41
-3.41
-3.41
-3.41
-3.41
-3.41
-3.41
-3.41
-3.41
-3.41
-3.41
-3.41
-3.41
-3.41
-3.41
-3.41
-3.41
-3.41
-3.41
-3.41
-3.41
-3.41
-3.41
-3.41
-3.41
-3.41
-3.41
-3.41
-3.41
-3.41
-3.41
-3.41
-3.41
-3.41
-3.41
-3.41
-3.41
-3.41
-3.41
-3.41
-3.41
-3.41
-3.41
-3.41
-3.41
-3.41
-3.41
-3.41
-3.41
-3.41
-3.41
-3.41
-3.41
-3.41
-3.41
-3.41
-3.41
-3.41
-3.41
-3.41
-3.41
-3.41
-3.41
-3.41
-3.41
-3.41
-3.41
-3.41
-3.41
-3.41
-3.41
-3.41
-3.41
-3.41
-3.41
-3.41
-3.41
-3.41
-3.41


-3.69
-3.69
-3.69
-3.65656565657
-3.65656565657
-3.65656565657
-3.65656565657
-3.61616161616
-3.58
-3.57575757576
-3.54
-3.54
-3.54
-3.54
-3.54
-3.54
-3.54
-3.54
-3.54
-3.54
-3.54
-3.54
-3.54
-3.54
-3.54
-3.54
-3.54
-3.54
-3.54
-3.54
-3.54
-3.54
-3.54
-3.54
-3.54
-3.54
-3.54
-3.54
-3.54
-3.54
-3.54
-3.54
-3.54
-3.54
-3.54
-3.54
-3.54
-3.54
-3.54
-3.54
-3.54
-3.54
-3.54
-3.54
-3.54
-3.54
-3.54
-3.54
-3.54
-3.54
-3.54
-3.54
-3.54
-3.54
-3.54
-3.54
-3.54
-3.54
-3.54
-3.54
-3.54
-3.54
-3.54
-3.54
-3.54
-3.54
-3.54
-3.54
-3.54
-3.54
-3.54
-3.54
-3.54
-3.54
-3.54
-3.54
-3.54
-3.54
-3.54
-3.54
-3.54
-3.54
-3.54
-3.54
-3.54
-3.54
-3.54
-3.54
-3.54
-3.54
-3.54
-3.54
-3.54
-3.54
-3.54
-3.54
-3.54
-3.54
-3.54
-3.54


-3.85416666667
-3.78
-3.78
-3.78
-3.78
-3.67676767677
-3.67676767677
-3.67676767677
-3.59595959596
-3.58
-3.56565656566
-3.52
-3.48484848485
-3.51
-3.51020408163
-3.5
-3.49
-3.49
-3.51
-3.51
-3.51
-3.51
-3.51
-3.51
-3.51
-3.51
-3.51
-3.51
-3.51
-3.51
-3.51
-3.51
-3.51
-3.51
-3.51
-3.51
-3.51
-3.51
-3.51
-3.51
-3.51
-3.51
-3.51
-3.51
-3.51
-3.51
-3.51
-3.51
-3.51
-3.51
-3.51
-3.51
-3.51
-3.51
-3.51
-3.51
-3.51
-3.51
-3.51
-3.51
-3.51
-3.51
-3.51
-3.51
-3.51
-3.51
-3.51
-3.51
-3.51
-3.51
-3.51
-3.51
-3.51
-3.51
-3.51
-3.51
-3.51
-3.51
-3.51
-3.51
-3.51
-3.51
-3.51
-3.51
-3.51
-3.51
-3.51
-3.51
-3.51
-3.51
-3.51
-3.51
-3.51
-3.51
-3.51
-3.51
-3.51
-3.51
-3.51
-3.51
-3.51
-3.51
-3.51
-3.51
-3.51
-3.51
-3.51
-3.51
-3.51
-3.51
-3.51
-3.51
-3.51
-3.51
-3.51
-3.51
-3.51
-3.51


-3.83673469388
-3.87878787879
-3.83838383838
-3.72727272727
-3.72727272727
-3.63636363636
-3.63636363636
-3.63636363636
-3.57
-3.57
-3.57
-3.57
-3.57
-3.57
-3.57
-3.57
-3.57
-3.57
-3.57
-3.57
-3.57
-3.57
-3.57
-3.57
-3.57
-3.57
-3.57
-3.57
-3.57
-3.57
-3.57
-3.57
-3.57
-3.57
-3.57
-3.57
-3.57
-3.57
-3.57
-3.57
-3.57
-3.57
-3.57
-3.57
-3.57
-3.57
-3.57
-3.57
-3.57
-3.57
-3.57
-3.57
-3.57
-3.57
-3.57
-3.57
-3.57
-3.57
-3.57
-3.57
-3.57
-3.57
-3.57
-3.57
-3.57
-3.57
-3.57
-3.57
-3.57
-3.57
-3.57
-3.57
-3.57
-3.57
-3.57
-3.57
-3.57
-3.57
-3.57
-3.57
-3.57
-3.57
-3.57
-3.57
-3.57
-3.57
-3.57
-3.57
-3.57
-3.57
-3.57
-3.57
-3.57
-3.57
-3.57
-3.57
-3.57
-3.57
-3.57
-3.57
-3.57
-3.57
-3.57
-3.57
-3.57
-3.57
-3.57
-3.57


