-4.96981891348
-4.90927419355
-4.83935742972
-4.83935742972
-4.81983805668
-4.83669354839
-4.74245472837
-4.74245472837
-4.73
-4.73
-4.73
-4.7254509018
-4.67735470942
-4.67735470942
-4.67334669339
-4.668
-4.644
-4.644
-4.644
-4.644
-4.644
-4.644
-4.644
-4.644
-4.644
-4.644
-4.644
-4.644
-4.644
-4.644
-4.644
-4.644
-4.644
-4.644
-4.644
-4.644
-4.644
-4.644
-4.644
-4.644
-4.644
-4.644
-4.644
-4.644
-4.644
-4.644
-4.644
-4.644
-4.644
-4.644
-4.644
-4.644
-4.644
-4.644
-4.644
-4.644
-4.644
-4.644
-4.644
-4.644
-4.644
-4.644
-4.644
-4.644
-4.644
-4.644
-4.644
-4.644
-4.644
-4.644
-4.644
-4.644
-4.644
-4.644
-4.644
-4.644
-4.644
-4.644
-4.644
-4.644
-4.644
-4.644
-4.644
-4.644
-4.644
-4.644
-4.644
-4.644
-4.644
-4.644
-4.644
-4.644
-4.644
-4.644
-4.644
-4.644
-4.644
-4.644
-4.644
-4.644
-4.644
-4.644
-4.644
-4.644
-4.644
-4.644
-4.644
-4.644
-4.644
-4.644
-4.644
-4.644
-4.644
-4.644
-4.644
-4.644


-5.03909465021
-4.9696969697
-4.8430583501
-4.8430583501
-4.85829959514
-4.85829959514
-4.85829959514
-4.85829959514
-4.85829959514
-4.76565656566
-4.76565656566
-4.824
-4.732
-4.732
-4.756
-4.7254509018
-4.7254509018
-4.708
-4.704
-4.704
-4.692
-4.688
-4.692
-4.692
-4.692
-4.692
-4.692
-4.692
-4.692
-4.692
-4.692
-4.692
-4.692
-4.692
-4.692
-4.692
-4.692
-4.692
-4.692
-4.692
-4.692
-4.692
-4.692
-4.692
-4.692
-4.692
-4.692
-4.692
-4.692
-4.692
-4.692
-4.692
-4.692
-4.692
-4.692
-4.692
-4.692
-4.692
-4.692
-4.692
-4.692
-4.692
-4.692
-4.692
-4.692
-4.692
-4.692
-4.692
-4.692
-4.692
-4.692
-4.692
-4.692
-4.692
-4.692
-4.692
-4.692
-4.692
-4.692
-4.692
-4.692
-4.692
-4.692
-4.692
-4.692
-4.692
-4.692
-4.692
-4.692
-4.692
-4.692
-4.692
-4.692
-4.692
-4.692
-4.692
-4.692
-4.692
-4.692
-4.692
-4.692
-4.692
-4.692
-4.692
-4.692
-4.692
-4.692
-4.692
-4.692
-4.692
-4.692
-4.692
-4.692
-4.692
-4.692
-4.692
-4.692
-4.692
-4.692
-4.692
-4.692
-4.692


-4.9476861167
-4.88128772636
-4.88128772636
-4.88128772636
-4.88128772636
-4.94
-4.93346774194
-4.93346774194
-4.88306451613
-4.832
-4.832
-4.88911290323
-4.862
-4.88911290323
-4.88911290323
-4.88911290323
-4.88911290323
-4.87272727273
-4.8313253012
-4.87272727273
-4.88911290323
-4.88911290323
-4.88911290323
-4.86746987952
-4.88911290323
-4.88911290323
-4.88911290323
-4.88911290323
-4.88911290323
-4.88911290323
-4.88911290323
-4.86921529175
-4.86921529175
-4.86921529175
-4.87951807229
-4.83299798793
-4.80561122244
-4.80561122244
-4.79032258065
-4.79032258065
-4.74899598394
-4.748
-4.74698795181
-4.70541082164
-4.70541082164
-4.69076305221
-4.68136272545
-4.67334669339
-4.66933867735
-4.664
-4.66
-4.66
-4.66
-4.66
-4.66
-4.66
-4.66
-4.66
-4.66
-4.66
-4.66
-4.66
-4.66
-4.66
-4.66
-4.66
-4.66
-4.66
-4.66
-4.66
-4.66
-4.66
-4.66
-4.66
-4.66
-4.66
-4.66
-4.66
-4.66
-4.66
-4.66
-4.66
-4.66
-4.66
-4.66
-4.66
-4.66
-4.66
-4.66
-4.66
-4.66
-4.66
-4.66
-4.66
-4.66
-4.66
-4.66
-4.66
-4.66
-4.66
-4.66
-4.66
-4.66
-4.66
-4.66
-4.66
-4.66
-4.66
-4.66
-4.66
-4.66
-4.66
-4.66
-4.66
-4.66
-4.66
-4.66
-4.66
-4.66
-4.66
-4.66
-4.66
-4.66
-4.66
-4.66
-4.66
-4.66
-4.66
-4.66
-4.66
-4.66
-4.66
-4.66
-4.66
-4.66
-4.66
-4.66
-4.66
-4.66
-4.66
-4.66
-4.66
-4.66
-4.66
-4.66
-4.66
-4.66
-4.66
-4.66
-4.66


-4.90744466801
-4.90744466801
-4.90744466801
-4.892
-4.892
-4.82897384306
-4.81690140845
-4.81124497992
-4.784
-4.808
-4.79
-4.79
-4.778
-4.772
-4.77354709419
-4.744
-4.744
-4.744
-4.744
-4.744
-4.744
-4.744
-4.744
-4.744
-4.744
-4.744
-4.744
-4.744
-4.744
-4.744
-4.744
-4.744
-4.744
-4.744
-4.744
-4.744
-4.744
-4.744
-4.744
-4.744
-4.744
-4.744
-4.744
-4.744
-4.744
-4.744
-4.744
-4.744
-4.744
-4.744
-4.744
-4.744
-4.744
-4.744
-4.744
-4.744
-4.744
-4.744
-4.744
-4.744
-4.744
-4.744
-4.744
-4.744
-4.744
-4.744
-4.744
-4.744
-4.744
-4.744
-4.744
-4.744
-4.744
-4.744
-4.744
-4.744
-4.744
-4.744
-4.744
-4.744
-4.744
-4.744
-4.744
-4.744
-4.744
-4.744
-4.744
-4.744
-4.744
-4.744
-4.744
-4.744
-4.744
-4.744
-4.744
-4.744
-4.744
-4.744
-4.744
-4.744
-4.744
-4.744
-4.744
-4.744
-4.744
-4.744
-4.744
-4.744
-4.744
-4.744
-4.744
-4.744
-4.744
-4.744
-4.744


-4.9578313253
-4.95546558704
-4.92137096774
-4.93186372745
-4.85370741483
-4.85370741483
-4.85192697769
-4.78957915832
-4.82931726908
-4.82931726908
-4.82931726908
-4.82931726908
-4.76
-4.75406504065
-4.70623742455
-4.72857142857
-4.72745490982
-4.70340681363
-4.68336673347
-4.67134268537
-4.67134268537
-4.666
-4.66064257028
-4.65130260521
-4.65130260521
-4.646
-4.64328657315
-4.638
-4.638
-4.638
-4.63
-4.63
-4.63
-4.63
-4.63
-4.63
-4.63
-4.63
-4.63
-4.63
-4.63
-4.63
-4.63
-4.63
-4.63
-4.63
-4.63
-4.63
-4.63
-4.63
-4.63
-4.63
-4.63
-4.63
-4.63
-4.63
-4.63
-4.63
-4.63
-4.63
-4.63
-4.63
-4.63
-4.63
-4.63
-4.63
-4.63
-4.63
-4.63
-4.63
-4.63
-4.63
-4.63
-4.63
-4.63
-4.63
-4.63
-4.63
-4.63
-4.63
-4.63
-4.63
-4.63
-4.63
-4.63
-4.63
-4.63
-4.63
-4.63
-4.63
-4.63
-4.63
-4.63
-4.63
-4.63
-4.63
-4.63
-4.63
-4.63
-4.63
-4.63
-4.63
-4.63
-4.63
-4.63
-4.63
-4.63
-4.63
-4.63
-4.63
-4.63
-4.63
-4.63
-4.63
-4.63
-4.63
-4.63
-4.63
-4.63
-4.63
-4.63
-4.63
-4.63
-4.63
-4.63
-4.63
-4.63
-4.63
-4.63
-4.63


-4.92402464066
-4.90725806452
-4.92402464066
-4.92402464066
-4.92402464066
-4.91295546559
-4.91295546559
-4.86317907445
-4.86973947896
-4.83567134269
-4.83467741935
-4.83567134269
-4.824
-4.80923694779
-4.80923694779
-4.74348697395
-4.74348697395
-4.734
-4.734
-4.73
-4.718
-4.706
-4.714
-4.714
-4.718
-4.718
-4.718
-4.718
-4.718
-4.718
-4.718
-4.718
-4.718
-4.718
-4.718
-4.718
-4.718
-4.718
-4.718
-4.718
-4.718
-4.718
-4.718
-4.718
-4.718
-4.718
-4.718
-4.718
-4.718
-4.718
-4.718
-4.718
-4.718
-4.718
-4.718
-4.718
-4.718
-4.718
-4.718
-4.718
-4.718
-4.718
-4.718
-4.718
-4.718
-4.718
-4.718
-4.718
-4.718
-4.718
-4.718
-4.718
-4.718
-4.718
-4.718
-4.718
-4.718
-4.718
-4.718
-4.718
-4.718
-4.718
-4.718
-4.718
-4.718
-4.718
-4.718
-4.718
-4.718
-4.718
-4.718
-4.718
-4.718
-4.718
-4.718
-4.718
-4.718
-4.718
-4.718
-4.718
-4.718
-4.718
-4.718
-4.718
-4.718
-4.718
-4.718
-4.718
-4.718
-4.718
-4.718
-4.718
-4.718
-4.718
-4.718
-4.718
-4.718
-4.718
-4.718
-4.718
-4.718
-4.718
-4.718
-4.718


-4.91515151515
-4.91515151515
-4.81174089069
-4.81174089069
-4.85341365462
-4.80808080808
-4.778
-4.778
-4.774
-4.77
-4.76056338028
-4.70340681363
-4.72745490982
-4.70741482966
-4.67
-4.66064257028
-4.66064257028
-4.65
-4.65
-4.63654618474
-4.642
-4.63
-4.63
-4.622
-4.622
-4.61923847695
-4.61
-4.61923847695
-4.61923847695
-4.61923847695
-4.61
-4.61
-4.61
-4.61
-4.61
-4.61
-4.61
-4.61
-4.61
-4.61
-4.61
-4.61
-4.61
-4.61
-4.61
-4.61
-4.61
-4.61
-4.61
-4.61
-4.61
-4.61
-4.61
-4.61
-4.61
-4.61
-4.61
-4.61
-4.61
-4.61
-4.61
-4.61
-4.61
-4.61
-4.61
-4.61
-4.61
-4.61
-4.61
-4.61
-4.61
-4.61
-4.61
-4.61
-4.61
-4.61
-4.61
-4.61
-4.61
-4.61
-4.61
-4.61
-4.61
-4.61
-4.61
-4.61
-4.61
-4.61
-4.61
-4.61
-4.61
-4.61
-4.61
-4.61
-4.61
-4.61
-4.61
-4.61
-4.61
-4.61
-4.61
-4.61
-4.61
-4.61
-4.61
-4.61
-4.61
-4.61
-4.61
-4.61
-4.61
-4.61
-4.61
-4.61
-4.61
-4.61
-4.61
-4.61
-4.61
-4.61
-4.61
-4.61
-4.61
-4.61
-4.61
-4.61
-4.61
-4.61
-4.61
-4.61


-4.89579158317
-4.89579158317
-4.89579158317
-4.93987975952
-4.93987975952
-4.86004056795
-4.91129032258
-4.91129032258
-4.86491935484
-4.89738430584
-4.86372745491
-4.86345381526
-4.86345381526
-4.86345381526
-4.86345381526
-4.86345381526
-4.86345381526
-4.86345381526
-4.86345381526
-4.86345381526
-4.86345381526
-4.86345381526
-4.86345381526
-4.86345381526
-4.86345381526
-4.86345381526
-4.86345381526
-4.86345381526
-4.86345381526
-4.86345381526
-4.86345381526
-4.86345381526
-4.86345381526
-4.86345381526
-4.86345381526
-4.86345381526
-4.86345381526
-4.86345381526
-4.86345381526
-4.78557114228
-4.78557114228
-4.78557114228
-4.78557114228
-4.86345381526
-4.86345381526
-4.86345381526
-4.86345381526
-4.86345381526
-4.86345381526
-4.86345381526
-4.83
-4.83
-4.86345381526
-4.86345381526
-4.86345381526
-4.86345381526
-4.86345381526
-4.86345381526
-4.86345381526
-4.86345381526
-4.86345381526
-4.86345381526
-4.86345381526
-4.86345381526
-4.86345381526
-4.86345381526
-4.86345381526
-4.86345381526
-4.86345381526
-4.86345381526
-4.86345381526
-4.86345381526
-4.86345381526
-4.86345381526
-4.86345381526
-4.86345381526
-4.86345381526
-4.86345381526
-4.86345381526
-4.86345381526
-4.86345381526
-4.86345381526
-4.86345381526
-4.86345381526
-4.86345381526
-4.86345381526
-4.86345381526
-4.86345381526
-4.86345381526
-4.86345381526
-4.86345381526
-4.86345381526
-4.86345381526
-4.86345381526
-4.86345381526
-4.86345381526
-4.86345381526
-4.86345381526
-4.86345381526
-4.86345381526
-4.86345381526
-4.86345381526
-4.86345381526
-4.86345381526
-4.86345381526
-4.86345381526
-4.86345381526
-4.86345381526
-4.86345381526
-4.86345381526
-4.86345381526
-4.86345381526
-4.86345381526
-4.86345381526
-4.86345381526
-4.86345381526
-4.86345381526
-4.86345381526
-4.86345381526
-4.86345381526
-4.86345381526
-4.86345381526
-4.86345381526
-4.86345381526
-4.86345381526
-4.86345381526
-4.86345381526
-4.86345381526
-4.86345381526
-4.86345381526
-4.86345381526
-4.86345381526
-4.86345381526
-4.86345381526
-4.86345381526
-4.86345381526
-4.86345381526
-4.86345381526
-4.86345381526
-4.86345381526
-4.86345381526
-4.86345381526
-4.86345381526
-4.86345381526
-4.86345381526
-4.86345381526
-4.86345381526
-4.86345381526
-4.86345381526
-4.86345381526
-4.86345381526
-4.86345381526


-4.92369477912
-4.91375770021
-4.91375770021
-4.90020366599
-4.85513078471
-4.88353413655
-4.80204081633
-4.80204081633
-4.7955465587
-4.75555555556
-4.712
-4.7
-4.7
-4.66666666667
-4.66064257028
-4.664
-4.625250501
-4.625250501
-4.625250501
-4.616
-4.596
-4.596
-4.61322645291
-4.608
-4.62
-4.62
-4.62
-4.62
-4.62
-4.62
-4.62
-4.62
-4.62
-4.62
-4.62
-4.62
-4.62
-4.62
-4.62
-4.62
-4.62
-4.62
-4.62
-4.62
-4.62
-4.62
-4.62
-4.62
-4.62
-4.62
-4.62
-4.62
-4.62
-4.62
-4.62
-4.62
-4.62
-4.62
-4.62
-4.62
-4.62
-4.62
-4.62
-4.62
-4.62
-4.62
-4.62
-4.62
-4.62
-4.62
-4.62
-4.62
-4.62
-4.62
-4.62
-4.62
-4.62
-4.62
-4.62
-4.62
-4.62
-4.62
-4.62
-4.62
-4.62
-4.62
-4.62
-4.62
-4.62
-4.62
-4.62
-4.62
-4.62
-4.62
-4.62
-4.62
-4.62
-4.62
-4.62
-4.62
-4.62
-4.62
-4.62
-4.62
-4.62
-4.62
-4.62
-4.62
-4.62
-4.62
-4.62
-4.62
-4.62
-4.62
-4.62
-4.62
-4.62
-4.62
-4.62
-4.62
-4.62
-4.62
-4.62
-4.62


-4.96981891348
-4.95791583166
-4.95591182365
-4.95591182365
-4.91750503018
-4.91750503018
-4.932
-4.93172690763
-4.8877755511
-4.9
-4.892
-4.876
-4.872
-4.868
-4.86172344689
-4.856
-4.856
-4.848
-4.848
-4.848
-4.832
-4.832
-4.832
-4.832
-4.832
-4.77354709419
-4.78156312625
-4.79919678715
-4.782
-4.782
-4.79
-4.782
-4.778
-4.778
-4.778
-4.778
-4.778
-4.778
-4.778
-4.778
-4.778
-4.778
-4.778
-4.778
-4.778
-4.778
-4.778
-4.778
-4.778
-4.778
-4.778
-4.778
-4.778
-4.778
-4.778
-4.778
-4.778
-4.778
-4.778
-4.778
-4.778
-4.778
-4.778
-4.778
-4.778
-4.778
-4.778
-4.778
-4.778
-4.778
-4.778
-4.778
-4.778
-4.778
-4.778
-4.778
-4.778
-4.778
-4.778
-4.778
-4.778
-4.778
-4.778
-4.778
-4.778
-4.778
-4.778
-4.778
-4.778
-4.778
-4.778
-4.778
-4.778
-4.778
-4.778
-4.778
-4.778
-4.778
-4.778
-4.778
-4.778
-4.778
-4.778
-4.778
-4.778
-4.778
-4.778
-4.778
-4.778
-4.778
-4.778
-4.778
-4.778
-4.778
-4.778
-4.778
-4.778
-4.778
-4.778
-4.778
-4.778
-4.778
-4.778
-4.778
-4.778
-4.778
-4.778
-4.778
-4.778
-4.778
-4.778
-4.778


-4.9435483871
-4.89759036145
-4.89759036145
-4.91365461847
-4.86546184739
-4.90380761523
-4.87679671458
-4.78629032258
-4.78629032258
-4.78629032258
-4.87550200803
-4.85971943888
-4.842
-4.81488933602
-4.80961923848
-4.80360721443
-4.80360721443
-4.804
-4.782
-4.7755511022
-4.768
-4.76
-4.77154308617
-4.76
-4.752
-4.749498998
-4.74
-4.74
-4.74
-4.74
-4.74
-4.74
-4.74
-4.74
-4.74
-4.74
-4.74
-4.74
-4.74
-4.74
-4.74
-4.74
-4.74
-4.74
-4.74
-4.74
-4.74
-4.74
-4.74
-4.74
-4.74
-4.74
-4.74
-4.74
-4.74
-4.74
-4.74
-4.74
-4.74
-4.74
-4.74
-4.74
-4.74
-4.74
-4.74
-4.74
-4.74
-4.74
-4.74
-4.74
-4.74
-4.74
-4.74
-4.74
-4.74
-4.74
-4.74
-4.74
-4.74
-4.74
-4.74
-4.74
-4.74
-4.74
-4.74
-4.74
-4.74
-4.74
-4.74
-4.74
-4.74
-4.74
-4.74
-4.74
-4.74
-4.74
-4.74
-4.74
-4.74
-4.74
-4.74
-4.74
-4.74
-4.74
-4.74
-4.74
-4.74
-4.74
-4.74
-4.74
-4.74
-4.74
-4.74
-4.74
-4.74
-4.74
-4.74
-4.74
-4.74
-4.74
-4.74
-4.74
-4.74
-4.74
-4.74
-4.74


-4.85222672065
-4.80961923848
-4.88977955912
-4.88977955912
-4.88977955912
-4.84475806452
-4.88977955912
-4.88977955912
-4.88977955912
-4.88977955912
-4.88977955912
-4.88977955912
-4.88977955912
-4.88977955912
-4.88977955912
-4.88977955912
-4.88977955912
-4.88977955912
-4.88977955912
-4.88977955912
-4.88977955912
-4.88977955912
-4.88977955912
-4.88977955912
-4.88977955912
-4.88977955912
-4.88977955912
-4.88977955912
-4.88977955912
-4.88977955912
-4.88977955912
-4.88977955912
-4.88977955912
-4.88977955912
-4.88977955912
-4.886
-4.88977955912
-4.88977955912
-4.88977955912
-4.88977955912
-4.88977955912
-4.88977955912
-4.88977955912
-4.88977955912
-4.88977955912
-4.88977955912
-4.88977955912
-4.88977955912
-4.88977955912
-4.88977955912
-4.88977955912
-4.88977955912
-4.88977955912
-4.88977955912
-4.88977955912
-4.88977955912
-4.88977955912
-4.88977955912
-4.88977955912
-4.88977955912
-4.88977955912
-4.88977955912
-4.88977955912
-4.88977955912
-4.88977955912
-4.85110663984
-4.88977955912
-4.88977955912
-4.88977955912
-4.88977955912
-4.88977955912
-4.88977955912
-4.88977955912
-4.88577154309
-4.84848484848
-4.84848484848
-4.84848484848
-4.77327935223
-4.859437751
-4.83967935872
-4.84677419355
-4.8370221328
-4.82965931864
-4.82164328657
-4.81162324649
-4.80923694779
-4.80923694779
-4.804
-4.808
-4.808
-4.808
-4.808
-4.808
-4.808
-4.808
-4.808
-4.808
-4.808
-4.808
-4.808
-4.808
-4.808
-4.808
-4.808
-4.808
-4.808
-4.808
-4.808
-4.808
-4.808
-4.808
-4.808
-4.808
-4.808
-4.808
-4.808
-4.808
-4.808
-4.808
-4.808
-4.808
-4.808
-4.808
-4.808
-4.808
-4.808
-4.808
-4.808
-4.808
-4.808
-4.808
-4.808
-4.808
-4.808
-4.808
-4.808
-4.808
-4.808
-4.808
-4.808
-4.808
-4.808
-4.808
-4.808
-4.808
-4.808
-4.808
-4.808
-4.808
-4.808
-4.808
-4.808
-4.808
-4.808
-4.808
-4.808
-4.808
-4.808
-4.808
-4.808
-4.808
-4.808
-4.808
-4.808
-4.808
-4.808
-4.808
-4.808
-4.808
-4.808
-4.808
-4.808
-4.808
-4.808
-4.808
-4.808
-4.808
-4.808
-4.808
-4.808
-4.808
-4.808
-4.808
-4.808
-4.808
-4.808
-4.808
-4.808


-4.92369477912
-4.90581162325
-4.90581162325
-4.91277890467
-4.93103448276
-4.86088709677
-4.89156626506
-4.86354378819
-4.86116700201
-4.86116700201
-4.8313253012
-4.82965931864
-4.82965931864
-4.82965931864
-4.82
-4.816
-4.804
-4.8
-4.8
-4.804
-4.804
-4.804
-4.804
-4.804
-4.804
-4.804
-4.804
-4.804
-4.804
-4.804
-4.804
-4.804
-4.804
-4.804
-4.804
-4.804
-4.804
-4.804
-4.804
-4.804
-4.804
-4.804
-4.804
-4.804
-4.804
-4.804
-4.804
-4.804
-4.804
-4.804
-4.804
-4.804
-4.804
-4.80081300813
-4.80081300813
-4.80081300813
-4.80081300813
-4.804
-4.804
-4.804
-4.804
-4.804
-4.804
-4.804
-4.804
-4.804
-4.804
-4.804
-4.804
-4.804
-4.804
-4.804
-4.804
-4.804
-4.804
-4.804
-4.804
-4.804
-4.804
-4.804
-4.804
-4.804
-4.804
-4.804
-4.804
-4.804
-4.804
-4.804
-4.804
-4.804
-4.804
-4.804
-4.804
-4.804
-4.804
-4.804
-4.804
-4.804
-4.804
-4.804
-4.804
-4.804
-4.804
-4.804
-4.804
-4.804
-4.804
-4.804
-4.804
-4.804
-4.804
-4.804
-4.804
-4.804
-4.804
-4.804
-4.804
-4.804
-4.804
-4.804
-4.804
-4.804
-4.804
-4.804
-4.804
-4.804
-4.804
-4.804
-4.804
-4.804
-4.804
-4.804
-4.804
-4.804
-4.804
-4.804
-4.804
-4.804
-4.804
-4.804
-4.78957915832
-4.78957915832
-4.78957915832
-4.78957915832
-4.78957915832
-4.78957915832
-4.78957915832
-4.78957915832
-4.78957915832
-4.78957915832
-4.78957915832
-4.78957915832
-4.78957915832
-4.78957915832
-4.78957915832
-4.78957915832
-4.78957915832
-4.78957915832
-4.78957915832
-4.78957915832
-4.78957915832
-4.78957915832
-4.78957915832
-4.78957915832
-4.78957915832
-4.78957915832
-4.78957915832
-4.78957915832
-4.78957915832
-4.78957915832
-4.78957915832
-4.78957915832
-4.78957915832
-4.78957915832
-4.78957915832
-4.78957915832
-4.78957915832
-4.78957915832
-4.78957915832
-4.78957915832
-4.78957915832
-4.78957915832
-4.78957915832
-4.78957915832
-4.78957915832
-4.78957915832
-4.78957915832
-4.78957915832
-4.78957915832
-4.78957915832
-4.78957915832
-4.78957915832
-4.78957915832
-4.78957915832
-4.78957915832
-4.78957915832
-4.78957915832
-4.78957915832
-4.78957915832
-4.78957915832
-4.78957915832
-4.78957915832
-4.78957915832
-4.78957915832
-4.78957915832
-4.78957915832
-4.78957915832
-4.78957915832
-4.78957915832
-4.78957915832
-4.78957915832
-4.78957915832
-4.78957915832
-4.78957915832
-4.78957915832
-4.78957915832
-4.78957915832
-4.78957915832
-4.78957915832
-4.78957915832
-4.78957915832
-4.78957915832
-4.78957915832
-4.78957915832
-4.78957915832
-4.78957915832
-4.78957915832
-4.78957915832
-4.78957915832
-4.78957915832
-4.78957915832
-4.78957915832
-4.78957915832
-4.78957915832
-4.78957915832
-4.78957915832
-4.78957915832
-4.78957915832
-4.78957915832
-4.78957915832


-4.97394789579
-4.86585365854
-4.85542168675
-4.854
-4.85542168675
-4.85542168675
-4.85542168675
-4.85542168675
-4.85542168675
-4.85542168675
-4.85542168675
-4.85542168675
-4.85542168675
-4.85542168675
-4.85542168675
-4.85542168675
-4.85542168675
-4.85542168675
-4.85542168675
-4.85542168675
-4.85542168675
-4.85542168675
-4.85542168675
-4.85542168675
-4.85542168675
-4.85542168675
-4.85542168675
-4.85542168675
-4.85542168675
-4.85542168675
-4.85542168675
-4.85542168675
-4.85542168675
-4.85542168675
-4.85542168675
-4.85542168675
-4.85542168675
-4.85542168675
-4.85542168675
-4.85542168675
-4.85542168675
-4.85542168675
-4.85542168675
-4.85542168675
-4.85542168675
-4.85542168675
-4.85542168675
-4.85542168675
-4.85542168675
-4.85542168675
-4.85542168675
-4.85542168675
-4.85542168675
-4.85542168675
-4.85542168675
-4.85542168675
-4.85542168675
-4.85542168675
-4.85542168675
-4.85542168675
-4.85542168675
-4.85542168675
-4.85542168675
-4.85542168675
-4.85542168675
-4.85542168675
-4.85542168675
-4.85542168675
-4.85542168675
-4.85542168675
-4.85542168675
-4.85542168675
-4.85542168675
-4.85542168675
-4.85542168675
-4.85542168675
-4.85542168675
-4.85542168675
-4.85542168675
-4.85542168675
-4.85542168675
-4.85542168675
-4.85542168675
-4.85542168675
-4.85542168675
-4.85542168675
-4.85542168675
-4.85542168675
-4.85542168675
-4.766
-4.766
-4.8445807771
-4.8445807771
-4.8445807771
-4.8445807771
-4.85542168675
-4.85542168675
-4.85542168675
-4.85542168675
-4.85542168675
-4.85542168675
-4.85542168675
-4.85542168675
-4.85542168675
-4.85542168675
-4.85542168675
-4.85542168675
-4.85542168675
-4.85542168675
-4.85542168675
-4.83903420523
-4.83903420523
-4.83903420523
-4.83903420523
-4.83903420523
-4.83903420523
-4.818
-4.80923694779
-4.80923694779
-4.79919678715
-4.78313253012
-4.79919678715
-4.73346693387
-4.73346693387
-4.71342685371
-4.73346693387
-4.72690763052
-4.70682730924
-4.696
-4.69338677355
-4.69338677355
-4.68136272545
-4.68
-4.68674698795
-4.67334669339
-4.676
-4.67334669339
-4.66132264529
-4.664
-4.664
-4.664
-4.656
-4.656
-4.656
-4.648
-4.648
-4.648
-4.648
-4.648
-4.648
-4.648
-4.648
-4.648
-4.648
-4.648
-4.648
-4.648
-4.648
-4.648
-4.648
-4.648
-4.648
-4.648
-4.648
-4.648
-4.648
-4.648
-4.648
-4.648
-4.648
-4.648
-4.648
-4.648
-4.648
-4.648
-4.648
-4.648
-4.648
-4.648
-4.648
-4.648
-4.648
-4.648
-4.648
-4.648
-4.648
-4.648
-4.648
-4.648
-4.648
-4.648
-4.648
-4.648
-4.648
-4.648
-4.648
-4.648
-4.648
-4.648
-4.648
-4.648
-4.648
-4.648
-4.648
-4.648
-4.648
-4.648
-4.648
-4.648
-4.648
-4.648
-4.648
-4.648
-4.648
-4.648
-4.648
-4.648
-4.648
-4.648
-4.648
-4.648
-4.648
-4.648
-4.648
-4.648
-4.648
-4.648
-4.648
-4.648
-4.648
-4.648
-4.648
-4.648
-4.648
-4.648
-4.648
-4.648
-4.648
-4.648
-4.648
-4.648
-4.648
-4.648
-4.648


-4.94736842105
-4.94736842105
-4.88056680162
-4.88056680162
-4.9083503055
-4.88977955912
-4.876
-4.80761523046
-4.78269617706
-4.84
-4.75951903808
-4.75951903808
-4.74348697395
-4.75301204819
-4.72891566265
-4.72891566265
-4.72344689379
-4.722
-4.71943887776
-4.71
-4.706
-4.706
-4.706
-4.706
-4.706
-4.706
-4.706
-4.706
-4.706
-4.706
-4.706
-4.706
-4.706
-4.706
-4.706
-4.706
-4.706
-4.706
-4.706
-4.706
-4.706
-4.706
-4.706
-4.706
-4.706
-4.706
-4.706
-4.706
-4.706
-4.706
-4.706
-4.706
-4.706
-4.706
-4.706
-4.706
-4.706
-4.706
-4.706
-4.706
-4.706
-4.706
-4.706
-4.706
-4.706
-4.706
-4.706
-4.706
-4.706
-4.706
-4.706
-4.706
-4.706
-4.706
-4.706
-4.706
-4.706
-4.706
-4.706
-4.706
-4.706
-4.706
-4.706
-4.706
-4.706
-4.706
-4.706
-4.706
-4.706
-4.706
-4.706
-4.706
-4.706
-4.706
-4.706
-4.706
-4.706
-4.706
-4.706
-4.706
-4.706
-4.706
-4.706
-4.706
-4.706
-4.706
-4.706
-4.706
-4.706
-4.706
-4.706
-4.706
-4.706
-4.706
-4.706
-4.706
-4.706
-4.706
-4.706
-4.706


-4.92040816327
-4.90725806452
-4.95983935743
-4.91532258065
-4.89779559118
-4.902
-4.88577154309
-4.88577154309
-4.83935742972
-4.88577154309
-4.88577154309
-4.88577154309
-4.88577154309
-4.86991869919
-4.90781563126
-4.90781563126
-4.90781563126
-4.90781563126
-4.90781563126
-4.90781563126
-4.90781563126
-4.90781563126
-4.90781563126
-4.90781563126
-4.90781563126
-4.90781563126
-4.89959839357
-4.89959839357
-4.90781563126
-4.90781563126
-4.898
-4.898
-4.90781563126
-4.90781563126
-4.90781563126
-4.90781563126
-4.90781563126
-4.90781563126
-4.90781563126
-4.90781563126
-4.90781563126
-4.90781563126
-4.90781563126
-4.90781563126
-4.90781563126
-4.90781563126
-4.90781563126
-4.90781563126
-4.90781563126
-4.90781563126
-4.90781563126
-4.90781563126
-4.90781563126
-4.90781563126
-4.90781563126
-4.90781563126
-4.90781563126
-4.90781563126
-4.90781563126
-4.90781563126
-4.826
-4.826
-4.875
-4.875
-4.875
-4.90781563126
-4.89738430584
-4.90781563126
-4.90781563126
-4.86464646465
-4.86464646465
-4.90781563126
-4.90781563126
-4.89314516129
-4.90781563126
-4.90781563126
-4.90781563126
-4.90781563126
-4.9048582996
-4.9048582996
-4.878
-4.86206896552
-4.81224489796
-4.76458752515
-4.72745490982
-4.74148296593
-4.74148296593
-4.71629778672
-4.7
-4.69879518072
-4.67334669339
-4.67334669339
-4.67334669339
-4.67334669339
-4.664
-4.664
-4.664
-4.66
-4.66
-4.664
-4.664
-4.664
-4.664
-4.664
-4.664
-4.664
-4.664
-4.664
-4.664
-4.664
-4.664
-4.664
-4.664
-4.664
-4.664
-4.664
-4.664
-4.664
-4.664
-4.664
-4.664
-4.664
-4.664
-4.664
-4.664
-4.664
-4.664
-4.664
-4.664
-4.664
-4.664
-4.664
-4.664
-4.664
-4.664
-4.664
-4.664
-4.664
-4.664
-4.664
-4.664
-4.664
-4.664
-4.664
-4.664
-4.664
-4.664
-4.664
-4.664
-4.664
-4.664
-4.664
-4.664
-4.664
-4.664
-4.664
-4.664
-4.664
-4.664
-4.664
-4.664
-4.664
-4.664
-4.664
-4.664
-4.664
-4.664
-4.664
-4.664
-4.664
-4.664
-4.664
-4.664
-4.664
-4.664
-4.664
-4.664
-4.664
-4.664
-4.664
-4.664
-4.664
-4.664
-4.664
-4.664
-4.664
-4.664
-4.664
-4.664
-4.664
-4.664
-4.664
-4.664
-4.664
-4.664
-4.664
-4.664
-4.664
-4.664


-4.89178356713
-4.89178356713
-4.83366733467
-4.83366733467
-4.89779559118
-4.89779559118
-4.84569138277
-4.77755511022
-4.77755511022
-4.77755511022
-4.77755511022
-4.748
-4.748
-4.748
-4.736
-4.736
-4.732
-4.732
-4.732
-4.732
-4.732
-4.732
-4.732
-4.732
-4.732
-4.732
-4.732
-4.732
-4.732
-4.732
-4.732
-4.732
-4.732
-4.732
-4.732
-4.732
-4.732
-4.732
-4.732
-4.732
-4.732
-4.732
-4.732
-4.732
-4.732
-4.732
-4.732
-4.732
-4.732
-4.732
-4.732
-4.732
-4.732
-4.732
-4.732
-4.732
-4.732
-4.732
-4.732
-4.732
-4.732
-4.732
-4.732
-4.732
-4.732
-4.732
-4.732
-4.732
-4.732
-4.732
-4.732
-4.732
-4.732
-4.732
-4.732
-4.732
-4.732
-4.732
-4.732
-4.732
-4.732
-4.732
-4.732
-4.732
-4.732
-4.732
-4.732
-4.732
-4.732
-4.732
-4.732
-4.732
-4.732
-4.732
-4.732
-4.732
-4.732
-4.732
-4.732
-4.732
-4.732
-4.732
-4.732
-4.732
-4.732
-4.732
-4.732
-4.732
-4.732
-4.732
-4.732
-4.732
-4.732
-4.732
-4.732
-4.732


-4.94188376754
-4.9939637827
-4.97379032258
-4.87374749499
-4.87374749499
-4.87374749499
-4.87374749499
-4.84769539078
-4.9016064257
-4.9016064257
-4.9016064257
-4.836
-4.86720321932
-4.832
-4.832
-4.78024193548
-4.78024193548
-4.788
-4.788
-4.788
-4.788
-4.788
-4.788
-4.788
-4.788
-4.788
-4.788
-4.788
-4.788
-4.788
-4.788
-4.788
-4.788
-4.788
-4.788
-4.788
-4.788
-4.788
-4.788
-4.788
-4.788
-4.788
-4.788
-4.788
-4.788
-4.788
-4.788
-4.788
-4.788
-4.788
-4.788
-4.788
-4.788
-4.788
-4.788
-4.788
-4.788
-4.788
-4.788
-4.788
-4.788
-4.788
-4.788
-4.788
-4.788
-4.788
-4.788
-4.788
-4.788
-4.788
-4.788
-4.788
-4.788
-4.788
-4.788
-4.788
-4.788
-4.788
-4.788
-4.788
-4.788
-4.788
-4.788
-4.788
-4.788
-4.788
-4.788
-4.788
-4.788
-4.788
-4.788
-4.788
-4.788
-4.788
-4.788
-4.788
-4.788
-4.788
-4.788
-4.788
-4.788
-4.788
-4.788
-4.788
-4.788
-4.788
-4.788
-4.788
-4.788
-4.788
-4.788
-4.788
-4.788
-4.788
-4.788
-4.788
-4.788


-4.94969818913
-4.87122736419
-4.87122736419
-4.84337349398
-4.84337349398
-4.844
-4.84168336673
-4.83534136546
-4.836
-4.82565130261
-4.80961923848
-4.80961923848
-4.808
-4.796
-4.796
-4.796
-4.784
-4.784
-4.788
-4.788
-4.788
-4.788
-4.784
-4.784
-4.784
-4.784
-4.784
-4.784
-4.784
-4.784
-4.784
-4.784
-4.784
-4.784
-4.784
-4.784
-4.784
-4.784
-4.784
-4.784
-4.784
-4.784
-4.784
-4.784
-4.784
-4.784
-4.784
-4.784
-4.784
-4.784
-4.784
-4.784
-4.784
-4.784
-4.784
-4.784
-4.784
-4.784
-4.784
-4.784
-4.784
-4.784
-4.784
-4.784
-4.784
-4.784
-4.784
-4.784
-4.784
-4.784
-4.784
-4.784
-4.784
-4.784
-4.784
-4.784
-4.784
-4.784
-4.784
-4.784
-4.784
-4.784
-4.784
-4.784
-4.784
-4.784
-4.784
-4.784
-4.784
-4.784
-4.784
-4.784
-4.784
-4.784
-4.784
-4.784
-4.784
-4.784
-4.784
-4.784
-4.784
-4.784
-4.784
-4.784
-4.784
-4.784
-4.784
-4.784
-4.784
-4.784
-4.784
-4.784
-4.784
-4.784
-4.784
-4.784
-4.784
-4.784
-4.784
-4.784
-4.784
-4.784


-4.87751004016
-4.87751004016
-4.85170340681
-4.87751004016
-4.87751004016
-4.86262626263
-4.87751004016
-4.83266129032
-4.76553106212
-4.76553106212
-4.76553106212
-4.76553106212
-4.72144288577
-4.72144288577
-4.72144288577
-4.76553106212
-4.76553106212
-4.76553106212
-4.76553106212
-4.76553106212
-4.76553106212
-4.76553106212
-4.76553106212
-4.76553106212
-4.76553106212
-4.76553106212
-4.76553106212
-4.76553106212
-4.76553106212
-4.76553106212
-4.76553106212
-4.76553106212
-4.76553106212
-4.76553106212
-4.76553106212
-4.76553106212
-4.76553106212
-4.76553106212
-4.76553106212
-4.76553106212
-4.76553106212
-4.76553106212
-4.76553106212
-4.76553106212
-4.76553106212
-4.76553106212
-4.76553106212
-4.76553106212
-4.76553106212
-4.76553106212
-4.76553106212
-4.76553106212
-4.76553106212
-4.76553106212
-4.76553106212
-4.76553106212
-4.76553106212
-4.76553106212
-4.76553106212
-4.76553106212
-4.76553106212
-4.76553106212
-4.76553106212
-4.76553106212
-4.76553106212
-4.76553106212
-4.76553106212
-4.76553106212
-4.76553106212
-4.76553106212
-4.76553106212
-4.76553106212
-4.76553106212
-4.76553106212
-4.76553106212
-4.76553106212
-4.76553106212
-4.76553106212
-4.76553106212
-4.76553106212
-4.76553106212
-4.76553106212
-4.76553106212
-4.76553106212
-4.76553106212
-4.76553106212
-4.76553106212
-4.76553106212
-4.76553106212
-4.76553106212
-4.76553106212
-4.76553106212
-4.76553106212
-4.76553106212
-4.76553106212
-4.76553106212
-4.76553106212
-4.76553106212
-4.76553106212
-4.76553106212
-4.76553106212
-4.76553106212
-4.76553106212
-4.76553106212
-4.76553106212
-4.71887550201
-4.76553106212
-4.76553106212
-4.76553106212
-4.76553106212
-4.76553106212
-4.76553106212
-4.76553106212
-4.76553106212
-4.76553106212
-4.76553106212
-4.76553106212
-4.76553106212
-4.76553106212
-4.76553106212
-4.76553106212
-4.76553106212
-4.76553106212
-4.76553106212
-4.76553106212
-4.76553106212
-4.76553106212
-4.76553106212
-4.76553106212
-4.76553106212
-4.76553106212
-4.76553106212
-4.76553106212
-4.76553106212
-4.76553106212
-4.76553106212
-4.76553106212
-4.76553106212
-4.76553106212
-4.76553106212
-4.76553106212
-4.76553106212
-4.76553106212
-4.76553106212
-4.76553106212
-4.76553106212
-4.76553106212
-4.76553106212
-4.76553106212
-4.76553106212
-4.76553106212
-4.76553106212
-4.76553106212
-4.76553106212
-4.76553106212
-4.76553106212
-4.76553106212
-4.76553106212
-4.76553106212
-4.76553106212
-4.76553106212
-4.76553106212
-4.76553106212
-4.76553106212
-4.76553106212
-4.76553106212
-4.76553106212
-4.76553106212
-4.76553106212
-4.76553106212
-4.76553106212
-4.76553106212
-4.76553106212
-4.76553106212
-4.76553106212
-4.76553106212
-4.76553106212
-4.76553106212
-4.76553106212
-4.76553106212
-4.76553106212
-4.76553106212
-4.76553106212
-4.76553106212
-4.76553106212
-4.76553106212
-4.76553106212
-4.76553106212
-4.76553106212
-4.76553106212
-4.76553106212
-4.76553106212
-4.76553106212
-4.76553106212
-4.76553106212
-4.76553106212
-4.76553106212
-4.76553106212
-4.76553106212
-4.76553106212
-4.76553106212
-4.76553106212
-4.76553106212
-4.76553106212
-4.76553106212
-4.76553106212


-4.87374749499
-4.8877755511
-4.89357429719
-4.906
-4.906
-4.90707070707
-4.86372745491
-4.866
-4.83166332665
-4.83166332665
-4.82530120482
-4.806
-4.778
-4.778
-4.778
-4.76907630522
-4.77
-4.758
-4.758
-4.758
-4.75
-4.746
-4.746
-4.746
-4.746
-4.746
-4.746
-4.746
-4.746
-4.746
-4.746
-4.746
-4.746
-4.746
-4.746
-4.746
-4.746
-4.746
-4.746
-4.746
-4.746
-4.746
-4.746
-4.746
-4.746
-4.746
-4.746
-4.746
-4.746
-4.746
-4.746
-4.746
-4.746
-4.746
-4.746
-4.746
-4.746
-4.746
-4.746
-4.746
-4.746
-4.746
-4.746
-4.746
-4.746
-4.746
-4.746
-4.746
-4.746
-4.746
-4.746
-4.746
-4.746
-4.746
-4.746
-4.746
-4.746
-4.746
-4.746
-4.746
-4.746
-4.746
-4.746
-4.746
-4.746
-4.746
-4.746
-4.746
-4.746
-4.746
-4.746
-4.746
-4.746
-4.746
-4.746
-4.746
-4.746
-4.746
-4.746
-4.746
-4.746
-4.746
-4.746
-4.746
-4.746
-4.746
-4.746
-4.746
-4.746
-4.746
-4.746
-4.746
-4.746
-4.746
-4.746
-4.746
-4.746
-4.746
-4.746
-4.746
-4.746


-4.96385542169
-4.91783567134
-4.91056910569
-4.90945674044
-4.88484848485
-4.88484848485
-4.88977955912
-4.824
-4.80684104628
-4.80684104628
-4.80684104628
-4.80684104628
-4.80684104628
-4.80684104628
-4.80684104628
-4.80684104628
-4.80684104628
-4.80684104628
-4.80684104628
-4.80684104628
-4.80684104628
-4.80684104628
-4.80684104628
-4.80684104628
-4.80684104628
-4.80684104628
-4.80684104628
-4.80684104628
-4.80684104628
-4.80684104628
-4.80684104628
-4.80684104628
-4.80684104628
-4.80684104628
-4.80684104628
-4.80684104628
-4.80684104628
-4.80684104628
-4.80684104628
-4.80684104628
-4.80684104628
-4.80684104628
-4.80684104628
-4.80684104628
-4.80684104628
-4.80684104628
-4.80684104628
-4.80684104628
-4.80684104628
-4.80684104628
-4.80684104628
-4.80684104628
-4.80684104628
-4.80684104628
-4.80684104628
-4.80684104628
-4.80684104628
-4.80684104628
-4.80684104628
-4.80684104628
-4.80684104628
-4.80684104628
-4.80684104628
-4.80684104628
-4.80684104628
-4.80684104628
-4.80684104628
-4.80684104628
-4.80684104628
-4.80684104628
-4.80684104628
-4.80684104628
-4.80684104628
-4.80684104628
-4.80684104628
-4.80684104628
-4.80684104628
-4.80684104628
-4.80684104628
-4.80684104628
-4.80684104628
-4.80684104628
-4.80684104628
-4.80684104628
-4.80684104628
-4.80684104628
-4.80684104628
-4.80684104628
-4.80684104628
-4.80684104628
-4.80684104628
-4.80684104628
-4.80684104628
-4.80684104628
-4.80684104628
-4.80684104628
-4.80684104628
-4.80684104628
-4.80684104628
-4.80684104628
-4.80684104628
-4.80684104628
-4.80684104628
-4.80684104628
-4.80684104628
-4.80684104628
-4.80684104628
-4.80684104628


-4.92
-4.96787148594
-4.95791583166
-4.94589178357
-4.88531187123
-4.86973947896
-4.86116700201
-4.83366733467
-4.82164328657
-4.804
-4.78
-4.78
-4.78
-4.764
-4.748
-4.764
-4.74
-4.744
-4.74297188755
-4.7254509018
-4.708
-4.696
-4.708
-4.708
-4.708
-4.704
-4.704
-4.704
-4.704
-4.704
-4.704
-4.704
-4.704
-4.704
-4.704
-4.704
-4.704
-4.704
-4.704
-4.704
-4.704
-4.704
-4.704
-4.704
-4.704
-4.704
-4.704
-4.704
-4.704
-4.704
-4.704
-4.704
-4.704
-4.704
-4.704
-4.704
-4.704
-4.704
-4.704
-4.704
-4.704
-4.704
-4.704
-4.704
-4.704
-4.704
-4.704
-4.704
-4.704
-4.704
-4.704
-4.704
-4.704
-4.704
-4.704
-4.704
-4.704
-4.704
-4.704
-4.704
-4.704
-4.704
-4.704
-4.704
-4.704
-4.704
-4.704
-4.704
-4.704
-4.704
-4.704
-4.704
-4.704
-4.704
-4.704
-4.704
-4.704
-4.704
-4.704
-4.704
-4.704
-4.704
-4.704
-4.704
-4.704
-4.704
-4.704
-4.704
-4.704
-4.704
-4.704
-4.704
-4.704
-4.704
-4.704
-4.704
-4.704
-4.704
-4.704
-4.704
-4.704
-4.704
-4.704
-4.704
-4.704


-4.88152610442
-4.94715447154
-4.86773547094
-4.86088709677
-4.77710843373
-4.77710843373
-4.8370221328
-4.8370221328
-4.76267748479
-4.802
-4.802
-4.802
-4.80160320641
-4.80160320641
-4.8
-4.776
-4.76
-4.768
-4.76
-4.768
-4.768
-4.768
-4.768
-4.768
-4.768
-4.768
-4.768
-4.768
-4.768
-4.768
-4.768
-4.768
-4.768
-4.768
-4.768
-4.768
-4.768
-4.768
-4.768
-4.768
-4.768
-4.768
-4.768
-4.768
-4.768
-4.768
-4.768
-4.768
-4.768
-4.768
-4.768
-4.768
-4.768
-4.768
-4.768
-4.768
-4.768
-4.768
-4.768
-4.768
-4.768
-4.768
-4.768
-4.768
-4.768
-4.768
-4.768
-4.768
-4.768
-4.768
-4.768
-4.768
-4.768
-4.768
-4.768
-4.768
-4.768
-4.768
-4.768
-4.768
-4.768
-4.768
-4.768
-4.768
-4.768
-4.768
-4.768
-4.768
-4.768
-4.768
-4.768
-4.768
-4.768
-4.768
-4.768
-4.768
-4.768
-4.768
-4.768
-4.768
-4.768
-4.768
-4.768
-4.768
-4.768
-4.768
-4.768
-4.768
-4.768
-4.768
-4.768
-4.768
-4.768
-4.768
-4.768
-4.768
-4.768
-4.768
-4.768


-4.88775510204
-4.87829614604
-4.87829614604
-4.88977955912
-4.82459677419
-4.82128514056
-4.7875751503
-4.7875751503
-4.82459677419
-4.82459677419
-4.79559118236
-4.778
-4.76553106212
-4.75751503006
-4.726
-4.726
-4.722
-4.722
-4.708
-4.708
-4.708
-4.708
-4.708
-4.708
-4.708
-4.708
-4.708
-4.708
-4.708
-4.708
-4.708
-4.708
-4.708
-4.708
-4.708
-4.708
-4.708
-4.708
-4.708
-4.708
-4.708
-4.708
-4.708
-4.708
-4.708
-4.708
-4.708
-4.708
-4.708
-4.708
-4.708
-4.708
-4.708
-4.708
-4.708
-4.708
-4.708
-4.708
-4.708
-4.708
-4.708
-4.708
-4.708
-4.708
-4.708
-4.708
-4.708
-4.708
-4.708
-4.708
-4.708
-4.708
-4.708
-4.708
-4.708
-4.708
-4.708
-4.708
-4.708
-4.708
-4.708
-4.708
-4.708
-4.708
-4.708
-4.708
-4.708
-4.708
-4.708
-4.708
-4.708
-4.708
-4.708
-4.708
-4.708
-4.708
-4.708
-4.708
-4.708
-4.708
-4.708
-4.708
-4.708
-4.708
-4.708
-4.708
-4.708
-4.708
-4.708
-4.708
-4.708
-4.708
-4.708
-4.708
-4.708
-4.708
-4.708
-4.708


-4.82459677419
-4.82459677419
-4.82459677419
-4.788
-4.788
-4.788
-4.78112449799
-4.78112449799
-4.788
-4.788
-4.788
-4.788
-4.788
-4.788
-4.788
-4.788
-4.788
-4.788
-4.788
-4.788
-4.788
-4.788
-4.788
-4.788
-4.788
-4.788
-4.788
-4.788
-4.788
-4.788
-4.788
-4.788
-4.788
-4.788
-4.788
-4.788
-4.788
-4.788
-4.788
-4.788
-4.788
-4.788
-4.788
-4.788
-4.788
-4.788
-4.788
-4.788
-4.788
-4.788
-4.788
-4.788
-4.788
-4.788
-4.788
-4.788
-4.788
-4.788
-4.788
-4.788
-4.788
-4.788
-4.788
-4.788
-4.788
-4.788
-4.788
-4.788
-4.788
-4.788
-4.788
-4.788
-4.788
-4.788
-4.788
-4.788
-4.788
-4.788
-4.788
-4.788
-4.788
-4.788
-4.788
-4.788
-4.788
-4.788
-4.788
-4.788
-4.788
-4.788
-4.788
-4.788
-4.788
-4.788
-4.788
-4.788
-4.788
-4.788
-4.788
-4.788
-4.788
-4.788
-4.788
-4.788
-4.788
-4.788
-4.788
-4.788


-4.89134808853
-4.89156626506
-4.94523326572
-4.90763052209
-4.86
-4.81763527054
-4.81763527054
-4.75751503006
-4.75751503006
-4.736
-4.736
-4.716
-4.716
-4.716
-4.716
-4.716
-4.71342685371
-4.71342685371
-4.708
-4.7
-4.7
-4.7
-4.7
-4.7
-4.7
-4.7
-4.7
-4.7
-4.7
-4.7
-4.7
-4.7
-4.7
-4.7
-4.7
-4.7
-4.7
-4.7
-4.7
-4.7
-4.7
-4.7
-4.7
-4.7
-4.7
-4.7
-4.7
-4.7
-4.7
-4.7
-4.7
-4.7
-4.7
-4.7
-4.7
-4.7
-4.7
-4.7
-4.7
-4.7
-4.7
-4.7
-4.7
-4.7
-4.7
-4.7
-4.7
-4.7
-4.7
-4.7
-4.7
-4.7
-4.7
-4.7
-4.7
-4.7
-4.7
-4.7
-4.7
-4.7
-4.7
-4.7
-4.7
-4.7
-4.7
-4.7
-4.7
-4.7
-4.7
-4.7
-4.7
-4.7
-4.7
-4.7
-4.7
-4.7
-4.7
-4.7
-4.7
-4.7
-4.7
-4.7
-4.7
-4.7
-4.7
-4.7
-4.7
-4.7
-4.7
-4.7
-4.7
-4.7
-4.7
-4.7
-4.7
-4.7
-4.7
-4.7
-4.7


-4.91583166333
-4.91583166333
-4.91583166333
-4.91583166333
-4.90120967742
-4.86773547094
-4.89357429719
-4.85
-4.87
-4.85971943888
-4.846
-4.826
-4.826
-4.81963927856
-4.818
-4.818
-4.818
-4.818
-4.818
-4.818
-4.818
-4.818
-4.818
-4.818
-4.818
-4.818
-4.818
-4.818
-4.818
-4.818
-4.818
-4.818
-4.818
-4.818
-4.818
-4.818
-4.818
-4.818
-4.818
-4.818
-4.818
-4.818
-4.818
-4.818
-4.818
-4.818
-4.818
-4.818
-4.818
-4.818
-4.818
-4.818
-4.818
-4.818
-4.818
-4.818
-4.818
-4.818
-4.818
-4.818
-4.818
-4.818
-4.818
-4.818
-4.818
-4.818
-4.818
-4.818
-4.818
-4.818
-4.818
-4.818
-4.818
-4.818
-4.818
-4.818
-4.818
-4.818
-4.818
-4.818
-4.818
-4.818
-4.818
-4.8
-4.8
-4.8
-4.8
-4.8
-4.8
-4.8
-4.8
-4.8
-4.8
-4.8
-4.8
-4.8
-4.8
-4.8
-4.8
-4.8
-4.8
-4.8
-4.8
-4.8
-4.8
-4.8
-4.8
-4.8
-4.8
-4.8
-4.8
-4.8
-4.8
-4.8
-4.8
-4.8
-4.8
-4.8
-4.8
-4.8
-4.8
-4.8
-4.8
-4.8
-4.8
-4.8
-4.8
-4.8
-4.8
-4.8
-4.8
-4.8
-4.8
-4.8
-4.8
-4.8
-4.8
-4.8
-4.8
-4.8
-4.8
-4.8
-4.8
-4.8
-4.8
-4.8
-4.8
-4.8
-4.8
-4.8
-4.8
-4.8
-4.8
-4.8
-4.8
-4.8
-4.8
-4.8
-4.8
-4.8
-4.8
-4.8
-4.8
-4.8
-4.8
-4.8
-4.8
-4.8
-4.8
-4.8
-4.8
-4.8
-4.8
-4.8
-4.8
-4.8
-4.8
-4.8
-4.8
-4.8
-4.8
-4.8
-4.8


-4.90981963928
-4.91182364729
-4.852
-4.852
-4.852
-4.91182364729
-4.91182364729
-4.846
-4.886
-4.886
-4.84368737475
-4.84136546185
-4.84136546185
-4.83333333333
-4.814
-4.814
-4.798
-4.794
-4.794
-4.794
-4.794
-4.794
-4.79158316633
-4.79
-4.79
-4.79
-4.782
-4.782
-4.782
-4.782
-4.782
-4.782
-4.782
-4.782
-4.782
-4.782
-4.782
-4.782
-4.782
-4.782
-4.782
-4.782
-4.782
-4.782
-4.782
-4.782
-4.782
-4.782
-4.782
-4.782
-4.782
-4.782
-4.782
-4.782
-4.782
-4.782
-4.782
-4.782
-4.782
-4.782
-4.782
-4.782
-4.782
-4.782
-4.782
-4.782
-4.782
-4.782
-4.782
-4.782
-4.782
-4.782
-4.782
-4.782
-4.782
-4.782
-4.782
-4.782
-4.782
-4.782
-4.782
-4.782
-4.782
-4.782
-4.782
-4.782
-4.782
-4.782
-4.782
-4.782
-4.782
-4.782
-4.782
-4.782
-4.782
-4.782
-4.782
-4.782
-4.782
-4.782
-4.782
-4.782
-4.782
-4.782
-4.782
-4.782
-4.782
-4.782
-4.782
-4.782
-4.782
-4.782
-4.782
-4.782
-4.782
-4.782
-4.782
-4.782
-4.782
-4.782
-4.782
-4.782
-4.782
-4.782
-4.782
-4.782


-4.90631364562
-4.89134808853
-4.93711967546
-4.89779559118
-4.89156626506
-4.89378757515
-4.89378757515
-4.84168336673
-4.84168336673
-4.84168336673
-4.87903225806
-4.87903225806
-4.87903225806
-4.87903225806
-4.87903225806
-4.87903225806
-4.87903225806
-4.87903225806
-4.87903225806
-4.87903225806
-4.87903225806
-4.87903225806
-4.87903225806
-4.87903225806
-4.87903225806
-4.87903225806
-4.87903225806
-4.87903225806
-4.87903225806
-4.87903225806
-4.87903225806
-4.87903225806
-4.85370741483
-4.87903225806
-4.87903225806
-4.87903225806
-4.87903225806
-4.87903225806
-4.87903225806
-4.87903225806
-4.87903225806
-4.87903225806
-4.87903225806
-4.87903225806
-4.87903225806
-4.87903225806
-4.87903225806
-4.87903225806
-4.87903225806
-4.87903225806
-4.84769539078
-4.84769539078
-4.84769539078
-4.83669354839
-4.84769539078
-4.84769539078
-4.84769539078
-4.84769539078
-4.84769539078
-4.84769539078
-4.84769539078
-4.84769539078
-4.84769539078
-4.84769539078
-4.84769539078
-4.84769539078
-4.84769539078
-4.84769539078
-4.84769539078
-4.84769539078
-4.84769539078
-4.84769539078
-4.84769539078
-4.84769539078
-4.84769539078
-4.84769539078
-4.84769539078
-4.84769539078
-4.84769539078
-4.84769539078
-4.84769539078
-4.84769539078
-4.84769539078
-4.84769539078
-4.84769539078
-4.84769539078
-4.84769539078
-4.84769539078
-4.84769539078
-4.84769539078
-4.84769539078
-4.84769539078
-4.84769539078
-4.84769539078
-4.84769539078
-4.84769539078
-4.84769539078
-4.84769539078
-4.84769539078
-4.84769539078
-4.84769539078
-4.84769539078
-4.84769539078
-4.84769539078
-4.84769539078
-4.84769539078
-4.84769539078
-4.84769539078
-4.84769539078
-4.84769539078
-4.84769539078
-4.84769539078
-4.84769539078
-4.84769539078
-4.84769539078
-4.84769539078
-4.84769539078
-4.84769539078
-4.84769539078
-4.84769539078
-4.84769539078
-4.84769539078
-4.84769539078
-4.84769539078
-4.84769539078
-4.84769539078
-4.84769539078
-4.84769539078
-4.84769539078
-4.84769539078
-4.84769539078
-4.84769539078
-4.84769539078
-4.84769539078
-4.84769539078
-4.84769539078
-4.84769539078
-4.84769539078
-4.84769539078
-4.84769539078
-4.84769539078
-4.84769539078
-4.84769539078
-4.84769539078
-4.84769539078
-4.84769539078
-4.84769539078
-4.84769539078
-4.84769539078
-4.84769539078
-4.84769539078
-4.84769539078
-4.84769539078
-4.84769539078


