-4.56764190282
-4.47756221577
-4.45205229895
-4.30588030609
-4.27305815125
-4.21376248162
-4.02799238935
-4.05824010753
-4.05269872036
-4.00901530869
-3.94451351294
-3.92147963985
-3.88073111196
-3.91766681057
-3.92218950978
-3.89367957556
-3.99776079634
-3.95756295793
-3.88229535831
-3.95641310218
-3.87654572766
-3.97162367938
-3.80445309528
-3.89604691985
-3.90657057204
-3.96734830637
-3.9573658222
-4.11899957453
-3.86193597452
-3.93977217386
-3.98142089282
-3.94882151333
-3.97674740295
-3.88424676771
-3.97201215859
-3.85573883852
-3.98031746061
-3.84374972736
-3.9390428335
-3.92380532914
-3.89179230675
-4.02431767311
-3.9670076736
-3.97727552822
-3.9041365245
-3.91053333562
-3.81060133302
-3.8590982596
-4.07210555062
-3.94747366854
-3.99416654668
-3.85709711392
-3.87640757834
-3.93189932014
-3.93262049393
-4.000392413
-4.00775471114
-3.98563238961
-3.89148047306
-3.89751851659
-3.9235298459
-3.90611951326
-3.98960452642
-3.98194318526
-3.94936120518
-3.87650713131
-4.0910422444
-3.86885695233
-3.97584568029
-4.00094811036
-3.95352596796
-4.00061314438
-3.89598062847
-3.901535211
-3.8948865351
-3.97487569935
-3.96461625613
-3.92765280159
-3.92750685952
-3.91192616941
-4.03676340588
-3.95504263443
-3.98286709441
-4.04272054192
-4.01348321951
-3.94904190692
-3.90023257095
-3.96324626113
-3.93116895011
-3.95021119344
-3.94328488786
-3.91322897731
-3.86852830499
-4.11705227245
-3.94139070195
-3.94228013522
-3.95936597684
-3.94024184276
-3.89089484281
-3.88773268507
-3.95131114491
-4.04661676456
-3.99301862647
-3.8702943188
-3.90383297703
-3.9563645305
-3.87437017291
-4.00898427575
-3.84010954541
-3.83647070916
-3.92061156858


-4.80001056863
-4.50817545369
-4.42006776797
-4.53043292405
-4.34889412004
-4.33427016495
-4.3077042039
-4.28527830911
-4.23478398145
-4.15641603875
-4.0687728222
-4.14680238297
-4.09413542028
-4.10053275969
-4.01831880349
-4.08123274844
-4.038077775
-4.15225184035
-4.00485375816
-4.05705641897
-4.1440818513
-3.95039983966
-4.00663526637
-4.07939874244
-4.02298352055
-4.00501877827
-3.97478665393
-4.00078948893
-3.98491670962
-4.18642254767
-4.06450251978
-3.98045462707
-3.99452977132
-4.03344864403
-4.0455782224
-4.03606214196
-4.02813804089
-4.01264095972
-4.02287960848
-4.02705596395
-4.09426660982
-4.07288762899
-3.97984174737
-4.03126096658
-3.92773781731
-4.01624977379
-4.00691058564
-3.992472447
-4.0622635475
-4.06520534835
-3.94352314016
-4.05937784466
-4.05898062583
-3.9885349269
-4.09146968833
-4.08454440316
-3.94555983723
-3.96907364552
-4.04712363363
-4.03446532753
-3.9152920754
-3.96961955265
-4.0351641866
-4.0400446759
-3.99399494453
-3.99104681158
-4.08881994075
-4.06987252365
-3.98928896455
-4.05716003564
-3.94143327666
-4.09123630208
-3.94048206306
-3.89436938208
-4.04556950797
-3.86945424287
-4.00327730094
-3.96327730205
-3.97450316924
-4.09350782536
-4.05074426583
-3.99969975998
-3.99509800124
-3.91942213816
-4.06727292898
-4.15043159323
-3.96417635483
-4.13140008525
-3.90352459785
-4.08222795415
-3.99071084638
-4.02062671138
-4.0507026651
-4.15901255942
-4.08380306708
-4.02554179961
-4.04620583407
-3.88800455323
-4.05746809438
-4.11110479428
-3.99306284311
-4.07528993555
-3.96243259249
-4.01281413329
-4.04024187628
-4.05623316002
-3.98368914981
-4.06932845379
-3.95900526246
-3.98999519156
-3.95723022016
-4.04000049569
-3.98020983425
-3.96872606915


-4.52977350843
-4.3007267409
-4.60407737046
-4.30284895483
-4.26373856645
-4.29170226398
-4.18805142925
-4.14331673719
-4.15407810706
-4.26591288564
-4.12665035825
-4.03368123714
-4.06700250347
-3.87222105925
-3.8756790908
-3.92934646464
-3.93996124381
-4.01314738556
-3.96353555496
-3.82103761483
-3.92834437862
-3.97938835518
-3.82830353754
-3.79609506808
-3.83970641476
-3.97608965339
-3.88689379057
-3.74126776327
-3.86445943676
-3.85020832408
-3.81467328594
-3.89256273894
-3.86188855317
-3.90087495467
-3.84570098356
-3.87690318173
-3.88138231067
-3.96335490243
-3.76834476945
-4.02534490077
-3.91356431896
-3.76553671405
-3.85168812137
-3.80385294796
-3.79540532771
-3.79689633519
-3.88707433905
-4.06277276723
-3.87141915985
-3.8580130323
-3.80415771123
-3.8013735734
-3.87356467725
-3.82927938857
-3.85318535113
-3.88184655333
-3.94649688292
-3.78122347063
-3.95512968798
-3.91831667496
-3.92366991557
-3.88794296371
-4.03271280246
-3.87479632463
-4.0578077618
-3.81147607221
-3.7865700954
-3.86758139865
-3.77652509791
-3.78351645886
-3.83496513534
-3.77970550747
-3.91470204214
-3.81428103688
-4.03129794959
-3.88891843474
-3.98868116704
-3.9122778214
-3.94775195914
-3.93479732935
-3.89662290191
-3.85490943584
-3.94535221737
-3.87607279712
-3.97603957089
-3.76510251992
-3.83078487138
-4.0285039211
-3.88259316015
-3.88246138574
-3.88575856267
-3.87762519626
-3.85658925771
-3.87233841865
-3.99921983653
-3.84710666176
-3.86232586862
-3.91458118477
-3.89439936731
-3.89373061008
-3.87462514689
-3.90829322543
-3.93137562175
-3.88184501713
-3.86100740357
-3.85015596003
-3.9511156984
-3.89641815267
-3.87728950323
-3.92530035511
-3.845938047
-3.83788462527
-3.84979691615
-3.912208433
-3.91963844562
-3.79089052684
-3.97834971246


-4.51870804958
-4.50341501956
-4.51851841632
-4.5305195427
-4.36806613592
-4.04812560377
-4.30252767424
-4.19814578885
-4.35034480438
-4.13246716534
-4.12503217104
-4.22766953827
-4.26473025069
-4.33240465054
-4.33511379138
-4.08315319202
-4.14129893188
-4.23112879696
-4.00149231169
-4.04589118049
-4.13268476628
-4.09797205258
-4.15073282041
-4.14352207555
-4.0849747527
-4.07281596723
-4.05490578544
-4.03257612678
-4.09995203281
-4.08731619878
-3.99035237279
-4.1620950845
-4.03188903685
-4.06942190072
-4.15397109764
-4.14030136103
-4.10756659541
-4.1996104708
-4.00956471565
-4.03382787424
-4.00481214117
-4.14559506067
-4.09651015849
-4.06464279227
-4.07825516314
-4.11891658759
-4.01605203623
-4.08509120106
-4.07965651607
-4.02820364151
-4.09783479815
-4.11934397416
-4.05508099459
-4.03132497584
-4.1899339926
-4.01669636974
-4.18610109658
-4.07303320288
-3.97495034536
-4.12472149651
-4.09735275044
-4.14500119455
-4.06691291456
-4.07105876062
-4.10675441475
-4.15139617063
-4.21512712675
-4.03847904504
-4.09508898076
-4.06065533695
-3.99673293202
-3.99707779943
-4.00936895747
-4.06206245486
-4.11188513715
-4.10331513872
-4.15713630225
-4.04184640167
-4.12482444635
-4.13185691238
-4.0211340184
-4.08136555951
-4.1013636408
-4.27032726159
-3.99573408019
-3.96808926753
-4.16820031158
-4.05621165725
-4.17060489801
-4.08763279268
-4.05195347851
-4.02431289711
-4.00395686987
-4.00119520991
-4.0417523687
-4.10423475109
-4.06263594434
-4.04395849019
-4.05508001401
-3.9793863525
-4.11938191078
-4.11024017052
-4.04852439896
-4.1325735183
-4.00395834356
-4.14600502338
-4.13735824245
-4.06155132919
-4.09350850564
-4.10445684984
-4.0472886186
-4.12517406563
-4.1360212119
-4.18837618917
-4.12962457675
-3.93846753961
-4.135606289
-4.0682863723
-4.16325656843
-4.08159671783
-4.1317308599
-4.02005541791
-4.05541020814
-3.95799592013
-4.12694746888
-4.11555943964
-3.99814556113
-4.11756237433
-4.08374621469
-4.11176034798
-4.16410684863
-4.01428853841
-4.21739119979
-4.08514882514
-4.1072174503
-4.1729847768
-4.10097350954
-4.27352674333
-4.14685247265
-4.22463022652
-4.03822672315
-4.05420708611
-4.0978966969
-4.10524862961
-4.1214525287
-4.03450290605
-4.09755228195
-4.07707582248
-4.17756873695
-4.0993384947
-4.11130351955
-4.03741112102
-4.11413204616
-3.99595076259
-4.06359667121
-4.10587788464
-4.1484035853
-4.0344082426
-4.15875893261
-4.07737832124
-3.98810005437


-4.64053391681
-4.52002173983
-4.39545434416
-4.54372642573
-4.31092199758
-4.25645257629
-4.09992432253
-4.1990307235
-4.21099186143
-4.10180339161
-4.20339912022
-4.07723428499
-4.1286384399
-4.11240199335
-4.21187428747
-4.11620108338
-4.14294492126
-4.03613818061
-4.10186312124
-4.26438160884
-4.03527251867
-4.09496209416
-4.16686735366
-4.15030857178
-4.16105858892
-4.11637453635
-4.11426749666
-4.07238630235
-4.12643727723
-4.06547881014
-4.04663071611
-4.10464484845
-4.05679480511
-4.07795804383
-4.18697316659
-4.11023617195
-4.1536125128
-4.06135073447
-4.14262019774
-4.09753367609
-4.1174486775
-4.15524783661
-4.15713370544
-4.17001738802
-4.09044500459
-4.07017183163
-4.00389384286
-4.14528735224
-4.08094027139
-4.02634161008
-4.05492377151
-4.08713872844
-4.19639170913
-4.17724641306
-4.05803826102
-4.14639427653
-4.24385516783
-4.15023278811
-4.06421188807
-4.13377031537
-4.1523185566
-4.16745170202
-4.10523673759
-4.14510749324
-4.23779004182
-4.08486374064
-4.07508260356
-4.16238827484
-4.13072354194
-4.0735675626
-4.1134624607
-4.14288236501
-4.13241598205
-4.00340812285
-4.14513536657
-4.14284435836
-4.13972914857
-4.11363744947
-4.13151460367
-4.14963146997
-4.10293939783
-4.14877994705
-3.98102649262
-4.11959600368
-4.04966823298
-4.10912454422
-4.21633250378
-4.09208272348
-4.02256016655
-4.12997109023
-4.11194998747
-4.15812374839
-4.11151645471
-4.21654662347
-4.05253868721
-4.16778474821
-4.07553854439
-4.07894028308
-4.15384830438
-4.04680714893
-4.07640455647
-4.17090160366
-4.04151108466
-4.20568916032
-4.08756845079
-4.00072288964


-4.46583702649
-4.50841423689
-4.58520130728
-4.48549184717
-4.32570917627
-4.30148008604
-4.29910809928
-4.09383979006
-4.05934511712
-4.10624654956
-3.94343015479
-4.22026823774
-3.90236888267
-4.06159394675
-3.89454776299
-3.84986194296
-3.86266018773
-3.84751644309
-3.87634095885
-3.73341772304
-3.79292503692
-3.8659629958
-3.81878706359
-3.83108973939
-3.71514123914
-3.74717542166
-3.83047692902
-3.79810882324
-3.84166760048
-3.80567643146
-3.81959840201
-3.7627169645
-3.77536639354
-3.71848540554
-3.81850984661
-3.85415416741
-3.77429648016
-3.83589589633
-3.89317242229
-3.81126004183
-3.76118105156
-3.77800631388
-3.80005564752
-3.87415785687
-3.80690840053
-3.82879110505
-3.8271483378
-3.8588833635
-3.86877915354
-3.82988369278
-3.82445947815
-3.81084316836
-3.84451211057
-3.82260751214
-3.88250582838
-3.82478138559
-3.73513594757
-3.83454055442
-3.82166153992
-3.92877920525
-3.81762512933
-3.82926346748
-3.79699029648
-3.82465591666
-3.78302954427
-3.84887495941
-3.81565782755
-3.78743479657
-3.79767859802
-3.81753104859
-3.83762804429
-3.76850768565
-3.78803158001
-3.78861664244
-3.82299303821
-3.84350383781
-3.93631541157
-3.69364701241
-3.80072088319
-3.77044711851
-3.93950629228
-3.71775108379
-3.83530846486
-3.77865785575
-3.73731057842
-3.87305777175
-3.94612564071
-3.7463447469
-3.83394549639
-3.737479915
-3.76512567638
-3.87535178032
-3.69183330453
-3.7729000538
-3.77595826642
-3.86644916512
-3.89261583582
-3.77841127914
-3.79564376813
-3.86003451949
-3.81691465697
-3.68413406265
-3.81572027732
-3.87702447481
-3.8292983515
-3.82838944425
-3.85675635806
-3.88163778338
-3.84072997676
-3.83291298369
-3.77626329553
-3.8182660452
-3.77524596055
-3.77927003952
-3.74463323188
-3.77136487444
-3.81950610659
-3.88485313861
-3.76778439956
-3.84053619926
-3.830827513


-4.37524713794
-4.55155692355
-4.50844275751
-4.57085572471
-4.42648141692
-4.21081602192
-4.30618485507
-4.45209702612
-4.39215128664
-4.31484838689
-4.32769485247
-4.31961993837
-4.15512924622
-4.15795620424
-4.05172417992
-3.99768139675
-4.0168703727
-4.07454164906
-4.08832330716
-4.08710341826
-4.0909463943
-3.97298872861
-4.11067936419
-3.94417715326
-4.04118909914
-3.90020837862
-4.03613353568
-3.85483038051
-4.0073225374
-4.05762544766
-3.99882508531
-4.00740575275
-3.9130367428
-3.99107052965
-4.09507472715
-4.00593745104
-4.06845255265
-4.1288974144
-3.97510189844
-4.09644301192
-3.96114306168
-4.07178831785
-3.99582609075
-3.95076676255
-4.04185084326
-3.95695603579
-3.94341856095
-4.11594012517
-4.08880478212
-4.12631582001
-3.99071487754
-3.98174891472
-4.01934720915
-3.98380038736
-4.09950183522
-3.99383093631
-3.92378513392
-3.97083304238
-4.02951929491
-3.92112337808
-3.99683508534
-3.99812492642
-4.14953366169
-4.06228164896
-4.01568500483
-3.91139569075
-3.96568003913
-4.046338025
-4.0029169309
-4.02719116672
-3.92330915204
-4.01296427135
-3.96127113527
-3.96389052514
-3.90784224507
-4.01136896941
-3.91405157335
-4.07026297323
-4.04982136911
-3.94422206476
-4.01510534809
-4.02662386501
-3.99205175998
-3.91505276191
-4.0492896158
-4.01203457757
-4.00756574322
-4.02793144731
-4.00553804699
-4.10965647183
-3.98350133157
-3.91951760392
-4.00154682539
-4.10834550395
-4.13134956554
-4.0569134008
-4.03469300989
-4.10270170141
-4.01493303935
-3.89759573482
-4.10118795231
-3.98279529994
-3.96658020922
-4.07361881457
-4.0391999409
-3.89289713111
-3.93651052971
-4.07929243876
-4.03741085649
-3.90285645724
-3.92477052809
-4.00970202001
-4.00011200579
-3.99241558945
-3.99463626236
-3.98225325836
-3.98510774207
-3.98955934327
-3.96537465936
-4.08572511438


-4.75892269912
-4.47668548538
-4.5479321224
-4.45697623962
-4.43680161909
-4.37921591834
-4.40237066627
-4.5757327338
-4.30732778386
-4.44943936763
-4.26292520452
-4.39378935826
-4.40960581515
-4.29443994604
-4.15497094689
-4.13493151579
-4.04043193562
-4.05928613427
-4.12841277127
-3.85308900797
-3.95094837051
-3.88276738477
-3.90327029081
-3.89486813889
-3.92274706216
-3.96569565826
-3.92690018192
-3.951298744
-3.8519958202
-3.93797993674
-3.97693519265
-4.0897630896
-3.91015847712
-3.91324397494
-3.95191104872
-3.88891313936
-3.94076521254
-3.83966765338
-3.87823948534
-3.91306446463
-3.86463675805
-3.8007635183
-3.95081699469
-3.89988982591
-4.0122249382
-3.82079327738
-3.86383775365
-3.94737772101
-3.95998022879
-3.99541667493
-3.96057821572
-3.90073593095
-3.76096831751
-3.99157313509
-4.06462205663
-3.97245587727
-3.98515479491
-4.04377308836
-3.89933150914
-3.88238146121
-3.91884890295
-3.99417025705
-3.82492653067
-3.79894248018
-3.92256040539
-3.98628130991
-3.9479244573
-3.90630452752
-3.80908318431
-3.99584044646
-3.96363204111
-3.98593558062
-3.94536080621
-3.90285937394
-3.92480118559
-4.01243139643
-3.90418988868
-3.86938117872
-3.95849534513
-3.87706017796
-3.7780662709
-3.87818297369
-3.95815840986
-3.85819707615
-3.84804593961
-4.00552470565
-3.89990100157
-3.91690732634
-3.87809366202
-3.86675960881
-3.86836954544
-3.93634378834
-3.90743164058
-3.9692098961
-3.95719375187
-3.9468581185
-4.03289910196
-3.91232259248
-3.83911022682
-3.87229922808
-3.92144322231
-3.82408296551
-3.95290405003
-3.95731545104
-3.93921290331
-3.85865958936
-3.91607211568
-3.9716776017
-3.82983590687
-3.82816134194
-3.93051665183
-3.8420446587
-4.0471014184
-3.91101344319
-3.96860525528
-3.89444340413
-3.8638355059
-3.98285970255
-3.88040869492
-3.85111265872
-3.93815963159
-3.8231094668
-3.88924440844
-3.86382896465
-3.9890485758


-4.79845745994
-4.48553824652
-4.45938292367
-4.31092711745
-4.28722604772
-4.33904229044
-4.17928367572
-4.15191499248
-4.20252712511
-4.13719170848
-4.12986647459
-4.11018674675
-4.07270456365
-4.09902516698
-4.19621223663
-4.12405965604
-4.09769456402
-4.12052651686
-4.038688928
-4.15987610138
-4.14888682669
-4.22596629321
-4.09681366979
-4.13129437955
-4.15907936086
-4.10890082549
-4.1051379618
-4.14542446744
-4.04142148676
-4.14378917411
-4.14684322195
-4.12988500112
-4.01653748012
-4.26258401768
-4.12135487152
-4.21362174776
-4.12873043369
-4.21446586881
-4.15729925834
-4.10040260176
-4.07491049961
-4.05141995033
-4.04264004928
-4.22706945186
-4.22827515094
-4.03335187358
-4.06191677436
-4.04551840313
-4.0612347847
-4.10720385316
-4.17691590525
-4.18506881344
-4.12626064082
-4.08661657615
-4.10789624179
-4.13979107382
-4.07310112887
-4.18598616141
-4.07787514588
-4.0543521647
-4.16378276631
-4.21370775979
-4.1567325357
-4.13146784538
-4.09270893952
-4.08052605504
-4.08699088499
-4.10247584917
-4.03992986056
-4.12090702476
-4.16184367264
-4.14575805724
-4.08702460481
-4.14476989878
-4.27814526241
-4.19285387837
-4.22679792878
-4.14611044378
-4.11704874473
-4.08775319865
-4.13961341891
-4.15001807825
-4.10612038135
-4.09726263016
-4.058635485
-4.06782965117
-4.07271949577
-4.18410652323
-4.02285142639
-4.0670936786
-3.95940676935
-4.16542120926
-4.08297870768
-4.11942911241
-4.0213693667
-4.07685919682
-4.05245020324
-4.15262512485
-4.13165358811
-4.09152896777
-3.94044385556
-4.15882714175
-4.16333482931
-4.38960486144
-4.06168034508
-4.03995112566
-3.98095073604
-4.01153333149
-4.01627426408
-4.02323070565
-4.08162774559
-3.94963545723
-3.99195394227
-4.06262625902
-3.89374685439
-4.05536589709
-4.00737281624
-4.02256198065
-4.14818243481
-3.99952409001
-4.09992992913
-3.9624695591
-4.16538375294
-3.96439804104
-4.08535683752
-3.94967494272
-3.95118258958
-3.95937745168
-3.95846241855
-4.01682053544
-4.02178242141
-4.08280706576
-4.03845273752
-3.90248451627
-4.06482784228
-4.02557803854
-4.02721890964
-4.03274690526
-4.01427363936
-4.04769190251
-3.98047675063
-4.07238020803
-4.0548071309
-4.02771297323
-4.0083100322
-4.13388047712
-3.93970840927
-3.96345447583
-4.02298356087
-3.99378972263
-3.9873641963
-3.91333784789
-3.9406248487
-3.9948655883
-4.02596625134
-3.99574142813
-4.01607689779
-3.98043100692
-3.99304653606
-3.94640091588
-4.05233346309
-4.02130350604
-3.95418974225
-4.01520119503
-3.93476590971
-4.04646922976
-4.0439947782
-4.06104105968
-3.93894620654
-3.97025449133
-4.12254975371
-4.01058721356
-3.88774490988
-4.14480055989
-4.11134878272
-4.02661523752
-3.89657080603
-3.97508989937
-3.99044764631
-3.98293807904
-4.03215898328
-4.07878644898
-4.08926490668
-4.06703611954
-4.05145921879
-4.04704585538
-4.09908398435
-3.96727949357
-3.97873138347
-4.00915654891
-4.02133787224
-3.99276174089
-4.00801050513
-3.92843011966
-4.0762492703
-3.91098476232
-4.02624973485
-4.03280270283
-4.10659192526
-4.03244581454
-4.13065771477
-3.99861733336
-4.00854809733
-4.04774078194


-4.60875403137
-4.4924273159
-4.4924830918
-4.42886141997
-4.24605515014
-4.13712262233
-4.11094110841
-4.00488057616
-4.02663286959
-4.07996821217
-4.10384836293
-4.02658378695
-4.00049035754
-3.97221596189
-3.90031876433
-3.94136864001
-4.02577798046
-4.04034580494
-3.93252291614
-3.92361959294
-3.96144053527
-3.98195135956
-3.9136920151
-4.01612632446
-3.99357609037
-3.98222976602
-3.89505699237
-3.97589530417
-3.83680643118
-4.13057840237
-4.00396009991
-3.99904028368
-3.90681457835
-3.92559802001
-3.98554254361
-4.00853945378
-3.78127182442
-3.95251552517
-3.91900549384
-3.95189352568
-4.00653290466
-4.01494917227
-3.97029281963
-3.9157388769
-3.95547501342
-3.97406404512
-3.91462259936
-3.85764076332
-3.91298474685
-3.92470555939
-3.91124825177
-3.9833747482
-3.95238927629
-4.00545282638
-3.94976970461
-3.87463201463
-3.96987520241
-3.97214376568
-4.02278642073
-3.96579609381
-4.0115601718
-3.91864065893
-3.97258257877
-4.0210391671
-4.02277876143
-4.06343698612
-3.98319486554
-3.96699682678
-3.9174259367
-3.96339701418
-3.92484612759
-3.91747270031
-3.91491240052
-4.11921167873
-3.87501792204
-3.92318339231
-4.00090952147
-3.92106945544
-3.94727483176
-3.88336902385
-3.91614873135
-3.94345840529
-3.91728933283
-3.96009794649
-3.95162042432
-3.94994322759
-3.93796355952
-3.89508389187
-3.97992750404
-3.95071325631
-3.87958399653
-3.80954363703
-3.98048209227
-3.97431484702
-3.93120984965
-3.96770721994
-3.98618261683
-3.89587880125
-3.92909991524
-4.00398843138
-3.88133841973
-4.02899442404
-3.99322034181
-3.86869833067
-3.94247599169
-4.10376331607
-4.01458514241
-3.94268860893
-3.99290496287
-3.97968580303
-3.90008525029
-4.01582449306


-4.74340752782
-4.46366931557
-4.59027154159
-4.437904479
-4.3027240913
-4.31935455389
-4.24246109038
-4.09629117109
-4.19826887513
-4.22837311588
-4.25161129013
-4.03474087288
-3.86806577881
-4.12434466759
-3.98806415385
-3.82729977157
-3.81957791795
-3.94620536521
-3.92642897825
-3.83936814452
-3.85226612872
-3.81174179624
-3.80399068557
-3.78810339167
-3.83703265646
-3.74803983392
-3.77050129079
-3.80165830022
-3.85146042867
-3.90869471659
-3.83577968015
-3.84402394015
-3.77297973218
-3.73079098445
-3.73920509736
-3.84765834839
-3.86857758106
-3.74154915994
-3.82991806771
-3.7476071071
-3.8060272217
-3.77666770663
-3.79770684709
-3.8513843019
-3.75467310645
-3.81978811496
-3.77395607919
-3.86194107197
-3.86118840445
-3.77173433726
-3.78488775078
-3.85044445817
-3.85299217678
-3.7353771343
-3.91904497064
-3.74346304506
-3.84819279127
-3.83829056218
-3.75449683051
-3.77097849462
-3.75376290903
-3.74092696549
-3.81814222393
-3.78976645857
-3.79256662021
-3.81534250258
-3.80105343511
-3.79686855238
-3.80114389355
-3.73471965836
-3.77140469732
-3.83937623145
-3.81392066479
-3.83150800398
-3.83358528348
-3.71592089892
-3.79563121562
-3.79549463878
-3.83134418332
-3.82307769126
-3.79411446367
-3.78701007211
-3.8198647632
-3.70586452199
-3.7632117657
-3.85346709711
-3.87591376009
-3.7927792102
-3.77480950917
-3.74246660698
-3.80730756771
-3.74871565735
-3.70232059307
-3.72791901913
-3.77061983043
-3.77927924744
-3.82076411026
-3.87543620426
-3.8836482398
-3.78530874182
-3.73379059376
-3.69013793659
-3.70181396987
-3.81840847599
-3.74562595196
-3.76631602173
-3.87926470084
-3.79543928157
-3.86894119248
-3.73821994461
-3.80079398475
-3.77241840982
-3.68714629524
-3.7653202033
-3.79376742697
-3.79800265482
-3.80949448151
-3.77027335414
-3.67615462131
-3.87675662049
-3.9850186317


-4.75866481302
-4.53049023431
-4.44977832905
-4.54272459105
-4.29357189947
-4.27304401988
-4.1590351637
-4.03072838883
-4.15750769726
-3.89663269946
-4.00889197242
-4.03846252503
-3.99461408251
-3.93880193466
-4.02444108925
-3.9994560543
-4.06192909669
-3.96899497283
-3.91573401334
-4.02720791517
-4.04772610793
-4.0271271743
-3.85994737853
-4.0655206303
-3.89941483292
-3.88678783569
-3.94103469518
-3.93818579814
-4.09741146246
-3.92613196182
-3.88291686123
-4.02833242433
-3.91656126572
-3.95070036496
-3.96553751943
-3.90455857619
-3.91985277201
-3.98200779654
-3.89047615173
-3.98139326772
-4.02116060033
-4.020166829
-3.86457255759
-3.80176418684
-3.88870411571
-3.89017329252
-3.96868586395
-4.01231040095
-3.99678670105
-3.92959036745
-3.99281961993
-3.92370427008
-3.82756303829
-4.01603064896
-3.99764126941
-3.97338438336
-3.82019121001
-3.82804091557
-3.90942365643
-3.97784391984
-4.00388502363
-3.87383566202
-3.94806757707
-3.86140358022
-3.98108086068
-4.00608928854
-3.91428924222
-3.98664200991
-3.95485535867
-3.92590232572
-3.97662403409
-3.9297610858
-3.97753061351
-3.98350491402
-3.81313689199
-3.86146578204
-4.00683783131
-4.00101332353
-3.90108055193
-3.91980451194
-3.88310415864
-3.93307673834
-3.94657821069
-4.05546083854
-3.77914882719
-3.86543728471
-3.89585104442
-3.87771328405
-4.00366383853
-3.90097074887
-3.99230392821
-4.05373902944
-3.93680263908
-3.88805270694
-4.02291866801
-3.97374432915
-3.96468803796
-3.94996892966
-3.83859361676
-4.01037813003
-3.92187903236
-3.90526494717
-3.91462254978
-4.05819626331
-3.89295106039
-3.88288932383
-3.83909450506
-3.98439005898
-3.9072677748
-3.92347869169
-3.95107929936
-3.98961452006
-3.86126969782


-4.64636231646
-4.43730291027
-4.46816203264
-4.44202016564
-4.58369562215
-4.51032812995
-4.27857350431
-4.39688670544
-4.21416823638
-4.31026208479
-4.13470280927
-4.1503011312
-4.14591787331
-4.11735298085
-4.02514880247
-4.17194332693
-4.08125209515
-4.07602091945
-4.02032209716
-4.12542326961
-3.91770642063
-3.9918483804
-3.94211869711
-3.97242715937
-3.89008720876
-3.97687772617
-4.03191355328
-3.95234901873
-4.02865171053
-3.91162005553
-3.97372850972
-3.89132144726
-3.89075203767
-4.02192903808
-3.91188402048
-3.92830546662
-3.90597434349
-4.00617516134
-3.9334338543
-3.94692324126
-3.86446538369
-3.97044047341
-3.9608850757
-3.89381838716
-3.98201190199
-3.96511645984
-3.90852887457
-3.91326873842
-3.9741157063
-4.05039908506
-3.89873986809
-3.96682736065
-3.87951606501
-3.9892765719
-3.93828765653
-3.89363056525
-3.97181868327
-3.91321148533
-3.95466291319
-4.06911017869
-3.99346392945
-3.91186141355
-4.05790532029
-4.0596385554
-3.89120680188
-4.01323442031
-4.0899383132
-3.96137731363
-3.86939531061
-4.05805525197
-4.0045220113
-3.95837845094
-3.99336304697
-3.98626780744
-3.87419384511
-3.98317823163
-3.88795931904
-3.86068605532
-3.95131235715
-4.03689497378
-3.96583783244
-3.89002451366
-4.00154484618
-4.00263743164
-4.05917030465
-3.84525563551
-3.99117867768
-3.99750160041
-3.92848038485
-3.92906108792
-4.02487489758
-4.00433838281
-3.86760796436
-4.00697755468
-3.8892661778
-3.96909632209
-3.95901690144
-3.9771936128
-3.92711710893
-4.02300848462
-3.8934878083
-4.00250533416
-3.96404197499
-4.00271481073
-3.94695246873
-3.94296352824
-3.98363582997
-3.88830299238
-3.93741150725
-3.91071705881
-3.96375466296
-3.91346188767
-4.06916975909
-3.88390905907
-3.95074228947
-4.02454836211
-3.93021686842
-3.92952651545
-3.97004667045


-4.59696218391
-4.55792751025
-4.32939964334
-4.1624805588
-4.08054264589
-4.14953353514
-4.30480525908
-4.17416786552
-4.13168507393
-4.08343178006
-4.1720218812
-4.05737466671
-4.14914296111
-4.14772556892
-4.25995493052
-4.10294564055
-4.09325900672
-4.19472811956
-4.1314981036
-4.03693451104
-4.04114484814
-4.1820851979
-4.10230866637
-4.01208745201
-4.14136377336
-4.15440487248
-4.07714501131
-4.18087021995
-4.14578459893
-4.05003202541
-4.16121274521
-4.16134145613
-4.14871415032
-4.19539708923
-4.20959658338
-4.14140114969
-4.15552326888
-4.19560024482
-4.16686408355
-4.13169301487
-4.26146002797
-4.1378732163
-4.01954243447
-4.12557022476
-4.14115887126
-4.08334218084
-4.10396403232
-4.27259166635
-4.1675278254
-4.14484317051
-4.12837728805
-4.15475710469
-4.11578408961
-4.12374522384
-4.17391441226
-4.21482245867
-4.17827128279
-4.1098037155
-4.1185555355
-4.14807915042
-4.14226385098
-4.16658517855
-4.17938757092
-4.19320616014
-4.14681798378
-4.18062124472
-4.34362402231
-4.15996868142
-4.1819384629
-4.11153575639
-4.08869664877
-4.17977839278
-4.15899764795
-4.07931877682
-4.11755271403
-4.07638572233
-4.01958612923
-4.18738325094
-4.17721151887
-4.25202053285
-4.19348862683
-4.17027011116
-4.06061746092
-4.01825165668
-4.05118229043
-4.00816145526
-4.08440890169
-4.07581373547
-4.10776642199
-4.14327168336
-4.1992966636
-4.22793593854
-4.08603768525
-4.16065873346
-4.16325039789
-4.22121119988
-4.23258286585
-4.09528952569
-4.11646596305
-4.01133472571
-4.01716588854
-4.10368545282
-4.07491149731
-4.09512408595
-4.14013612228
-4.20156080983
-4.17494351572
-4.14136255957
-4.2520815697
-4.11450193065
-4.05358348158
-4.12483301434
-4.22024470415
-4.13255251541
-4.1981122735
-4.0324029511
-4.2655404708
-4.1246173431
-4.10055004919
-4.04999730233
-3.99712898789
-4.25587876088
-4.11450386553
-4.01193524334
-4.0673769014
-4.27071209491
-4.16714469139
-4.08646019284
-4.099410582
-4.32268751455
-4.30064404243
-4.24749590713
-4.23304452972
-4.25948413212
-4.09093587046
-4.27100694407
-4.25588964544
-4.11511317014
-4.20335194767
-4.09985343564
-4.00525232165
-4.14769386995
-3.92098906055
-3.97285367976
-3.94129723978
-3.94366851794
-3.96481775085
-3.97120042615
-4.03678420825
-3.91687429959
-3.95121153364
-4.00176221178
-3.87047568196
-4.12992920062
-3.92083408453
-3.91016242514
-3.88884868009
-3.89130932355
-3.91177651024
-3.94694133323
-3.94920681061
-3.86289640955
-3.99725263243
-3.95313860843
-3.83393162467
-4.01923617143
-3.95778908554
-3.99945004537
-4.0013575851
-3.92412156496
-3.9528123852
-3.89600830591
-3.98034082741
-3.96711015628
-3.94304159144
-4.03965639759
-3.94253271792
-3.84598712671
-3.91917462778
-3.90796637565
-3.93738532486
-4.03875760744
-3.88943375733
-3.93826864861
-3.96435442555
-3.96092876595
-3.84658269229
-3.91157639019
-3.99174789928
-3.93719541644
-3.94261160093
-3.91616014883
-4.02594283589
-3.90831729242
-3.9323884715
-3.98319637504
-4.13126767942
-3.89884988984
-4.23910248473
-3.95700735668
-3.84703119863
-4.0357908995
-4.00221645467
-3.97227393951
-3.92264551677
-3.99532384472
-3.95546135283
-3.94094845243
-3.87929765633
-4.01384601157
-3.8849088229
-3.92704540988
-3.96961838962
-3.96260445587
-3.96334697746
-3.91053539657
-3.88346158973
-3.83969714445
-3.8545024873
-3.99593781817
-3.92652618278
-3.85871994559
-3.94808886068
-3.93967579161
-3.86375586852
-3.9064196102
-3.95175224219
-3.92355198559
-3.95583198593
-3.98696276736
-4.05726045585
-4.05543093961
-3.99783527866
-4.08111551048
-3.89633861528
-4.0194605602
-3.87380041259
-3.96876107969
-4.06396105178
-3.91421289963
-3.95568834445


-4.53807738924
-4.42693715696
-4.28138264801
-4.2925593555
-4.1667559451
-4.13826646209
-4.13989122323
-3.96339594269
-4.06236497028
-3.8902474264
-3.99749183974
-3.91542863233
-3.9669965133
-3.9150954652
-3.90353717674
-3.97346961774
-3.91409064317
-4.09073808786
-3.94889889467
-4.05135189266
-4.01004611147
-3.96027625197
-3.89705425155
-3.9947573494
-3.92126872536
-3.93045890631
-3.97528654475
-3.94213240841
-4.0078111344
-3.93977209538
-3.86530735047
-3.96127614299
-3.86435655485
-3.8441488001
-4.08636458043
-4.05019942565
-3.9443614206
-3.93930965355
-3.96353563532
-3.90666651208
-3.87772757303
-4.01470931637
-3.98104417699
-3.94166446225
-3.96686358701
-3.96408649393
-3.94336876458
-3.98640207286
-3.92546183287
-3.91381846841
-3.94459392322
-3.95828014652
-3.93781483391
-3.87008567074
-3.96278835298
-3.90185993829
-3.9504116418
-3.91351005334
-3.90990793726
-4.03566411681
-3.89359250159
-3.93743909471
-3.98728486477
-3.97170575423
-3.94359199031
-3.91882943277
-4.04741897516
-3.92958788769
-3.91692497856
-4.00509463588
-3.94939490757
-4.17073736001
-3.81693420235
-3.9442799842
-4.01110736625
-3.88704576097
-3.92378053862
-3.99305247404
-3.89890192826
-3.88471378427
-3.88427514083
-3.99705867461
-4.05493377858
-3.86619490255
-3.88241974461
-3.89423585171
-4.05999919923
-3.9467255635
-3.97176768309
-3.99354498753
-3.91258934787
-3.91996699733
-4.05598252756
-3.99651091119
-3.90487160281
-3.91050793201
-3.90352412664
-4.02151434339
-3.90826335231
-3.99497723207
-4.00485821262
-3.96808893454
-4.00283301328
-4.03118087997
-3.94244238221
-3.92545151192
-3.94056043922
-3.93981525668
-3.91375301867
-3.91524561373
-3.99535976652


-4.58810978762
-4.44454028283
-4.25563246662
-4.31514281563
-4.21829038317
-4.19250483165
-4.14297088733
-4.07587267267
-4.12379577498
-4.16473794656
-4.12928164635
-4.1008402547
-4.17808120837
-4.04923666648
-4.19296933745
-4.05454953885
-4.16648520442
-4.14477549751
-4.04804315737
-4.06941977388
-4.03576131142
-4.06502298303
-4.15301997685
-4.20765846307
-4.1042403462
-4.11589762409
-4.13059674685
-4.09008977739
-4.04538619125
-4.14182735353
-4.1429028191
-3.98308810407
-4.10640335382
-4.1325095529
-4.05905331459
-4.19808585139
-4.07494517489
-4.06916724033
-4.18632559232
-4.09159838916
-4.07233691809
-4.10515625299
-4.18009749047
-4.17658506937
-4.11550346618
-4.23133852836
-4.0726638555
-4.28201404351
-4.14549508263
-4.02168593745
-4.11178234996
-4.1565413771
-4.18721272263
-4.20838826759
-3.97160835612
-4.02884206992
-4.06198372922
-4.07625835898
-4.08756716139
-4.17927988996
-4.23625271717
-4.24944144508
-4.22969913745
-4.33778632124
-4.21457557157
-4.26174856662
-4.03288460008
-4.16654947612
-4.09498398833
-4.11190537898
-3.99603784102
-4.03358555147
-4.03388450773
-4.0873936649
-3.99935121345
-4.08283167557
-4.04129767209
-4.05276832319
-3.98501958211
-4.06529707712
-4.06357774796
-4.02635912073
-4.08079997239
-4.04451798969
-4.10537076717
-4.00133701071
-4.06405084773
-4.08493204787
-3.94607142697
-4.11424356936
-3.97065705867
-4.01138868107
-3.99066777492
-3.98124790889
-4.10582674441
-4.04885458607
-4.06777405091
-4.06713456051
-4.04029501713
-3.86668208467
-4.03411099953
-4.04936577585
-4.04885888396
-4.08975470317
-3.95344899989
-4.00745606424
-4.01659482159
-4.20717835539
-4.11688108888
-4.06340891854
-3.98233699926
-4.1529326718
-4.04466653685
-4.23293869779
-4.07498577621
-4.02485335418
-4.09170999109
-4.08631887651
-4.03133229312
-4.0133266992
-4.05977660486
-3.93358412384
-3.91914688827
-3.85866878175
-3.97188103282
-4.1509285952
-3.99377803995
-4.01234590362
-3.9284452715
-4.10260341347
-4.12147765702
-4.14501017351
-3.98868523419
-4.0678051209
-4.0628484955
-4.140544524
-4.12957433962
-4.01122517268
-4.01795344777
-3.99242749902
-4.11079946077
-4.09873055483
-4.07734407636
-4.1869870447
-3.99038407166
-4.0662429989
-4.09520932514
-4.10994885845
-4.0840794392
-3.99511627236
-4.04896145307
-4.11303705122
-3.92887499037
-4.00256418896
-3.9817630918
-4.03604847348
-3.9689562875
-3.99505765196
-4.05998564323
-3.98058670083
-4.12796029533
-4.00297041548
-3.98634160859
-3.99437363627
-4.09670210346


-4.60294882273
-4.60356965856
-4.38362967022
-4.54610898923
-4.48544113357
-4.42245723102
-4.61169365023
-4.43529418418
-4.13510488562
-4.36945319064
-4.19278470223
-4.20281877007
-4.15457971753
-4.36043145593
-4.10215540563
-4.19217002257
-4.03218606722
-4.06378931646
-4.0682511983
-4.08848771664
-4.04769785885
-3.99527069027
-4.11825059154
-3.99991221609
-4.06159418235
-4.01439808
-4.19898492095
-4.0879047951
-4.0631684563
-3.98374369197
-4.01405787977
-4.10049816727
-4.00231558217
-4.11524881011
-4.14229924727
-4.0999847837
-4.04539428206
-3.96114014595
-4.04374283465
-3.98244055108
-4.07006085734
-4.12366233311
-4.0518153742
-4.04234772311
-4.05164919689
-4.07144643715
-3.97192329785
-4.12744658889
-4.10773653759
-4.08276834257
-4.058185428
-4.11468840363
-4.04019810492
-3.98990797467
-4.05840301754
-4.06804845466
-4.06266825579
-3.9467615483
-4.11130072436
-4.10137546667
-4.04240193957
-4.14531547523
-4.08992953932
-4.01325758566
-4.03370139863
-3.98823982658
-4.01184988837
-3.99158421702
-3.98731951452
-3.96559980544
-4.01407084573
-3.97800025095
-4.0585440388
-4.13632592695
-4.09065481677
-3.93528629032
-4.0387755199
-4.08845140194
-4.02638148093
-4.04557695856
-4.09536507221
-3.98095285714
-4.00664529684
-4.08063143899
-4.158408585
-4.1688681683
-4.05653614087
-3.96945934786
-4.04602000978
-4.15531024936
-3.9153947554
-4.0344122051
-4.03738238376
-4.07801126012
-4.03321299271
-3.98136185034
-4.05430224975
-4.10978764388
-4.14318449035
-4.03046672215
-4.00474042785
-4.06125433738
-4.15131067543
-4.01398073804
-4.1537803341
-4.17296143757
-4.00891958415
-4.11064882447
-4.00539156885
-4.14887700673
-4.05376374153
-4.04642928121
-3.97341686572
-3.94396088841
-4.10802913699
-4.01347543142


-4.50464876909
-4.40128840339
-4.27173626523
-4.32587443075
-4.31447405276
-4.20744608592
-4.10704600863
-4.13978678229
-4.14042799729
-4.03631964685
-3.98502108063
-4.15732353124
-4.03445576398
-4.07985683705
-3.95230152876
-4.02213432358
-3.97785179782
-4.07609564181
-4.05126049829
-4.01744344648
-4.02590684212
-3.99427352612
-3.93456760922
-4.03772926166
-4.03433805542
-4.02984278352
-3.9236527733
-4.02622622429
-4.0639094714
-4.07533902216
-4.06492352919
-3.86109143436
-3.95788045604
-3.95203268837
-4.01405730994
-3.96185193351
-4.06578567716
-3.91607568866
-4.07137238192
-3.88937485079
-4.21726285684
-3.98872130732
-4.03333519129
-4.00076083823
-4.06791260395
-4.05936126019
-3.9787920931
-4.05784359
-3.96076181332
-3.94014230886
-3.95241492888
-4.03280021752
-4.08123479897
-4.04490959777
-4.03262932013
-4.0071453215
-3.96313743519
-4.05676397926
-4.04242140432
-4.04304625878
-3.98544566371
-3.95677801768
-3.99081318146
-3.94651678753
-4.04722279478
-4.00156836232
-4.12450198894
-3.90924178233
-3.99837725558
-3.96170481945
-3.98693652845
-4.05403364653
-4.08240256726
-3.92427001217
-3.98682525118
-4.03883860546
-3.88784535268
-4.04070962691
-4.00348140102
-3.98197018214
-3.93845089148
-4.15494199922
-4.01764464498
-4.02563591397
-4.07594900553
-4.01591727782
-4.03271994626
-3.98450492588
-4.03850384386
-3.96037549442
-3.91950495425
-4.05648117959
-4.00970412655
-4.02733754807
-4.02513240915
-4.02793294038
-3.97513130571
-4.06643261874
-3.9763899901
-4.0712308638
-3.94240759235
-3.98397982655
-4.02104124906
-4.01034962107
-4.01651471794
-4.0341724578
-4.05891097532
-4.08168324512
-4.01404290888


-4.68263909445
-4.41717787804
-4.43929176078
-4.39369640404
-4.26587531788
-4.2682462227
-4.1615059429
-4.24392470271
-4.12357042061
-4.07362730565
-4.07136673877
-4.04986961034
-4.09350425882
-4.07484294379
-4.01510404468
-3.989975228
-3.97820267451
-4.00366501485
-4.08236929151
-4.00628330797
-4.09809486001
-4.06176192965
-4.00755297271
-4.12714795373
-4.05618251326
-4.17044899543
-4.09455602641
-4.03367832444
-3.93026798066
-4.04662788033
-4.06939419554
-4.10048904005
-4.01797651641
-4.06170794796
-4.01196739083
-3.98253755506
-4.0405243858
-4.03127080051
-4.04357229591
-4.02803565258
-4.29470818832
-4.05882170468
-3.98889038788
-4.07500173943
-4.11836110346
-3.9883119283
-4.02200701334
-3.92475226157
-3.93799494446
-4.0363499618
-4.02546851505
-4.06543837547
-3.93065831311
-3.95454198618
-3.93754160478
-4.15128709164
-3.92907740873
-3.98161927352
-3.95168392512
-3.99789855364
-4.0389595126
-4.00333880185
-4.00183497015
-3.98735085366
-4.0699013016
-4.11748328756
-4.19509182323
-3.96951155606
-4.04571907087
-4.16210103188
-4.06214082458
-4.09322995045
-3.96623777676
-4.00500336138
-4.04229877712
-4.05033282221
-4.08498159787
-4.03833479788
-3.94818962711
-4.09947454183
-4.04840085401
-4.00129160035
-4.01337296522
-4.07167505999
-4.11545582128
-4.09029365512
-4.08335676318
-4.16576755804
-4.05469245921
-3.94678871178
-4.01231518964
-3.98534303809
-4.02051800616
-4.05120565429
-4.01943579192
-4.00057520382
-4.14630847253
-4.00449851965
-3.99149106876
-4.08219963213
-4.15166492956
-4.0168865132
-4.00625654915
-3.95300093721
-3.91266694321
-4.11331389968
-3.95563611112
-3.88880861131
-3.98049748406
-4.15677296987


-4.42936424702
-4.35546844986
-4.4447078164
-4.39807479744
-4.37100575497
-4.4254350614
-4.39916710648
-4.24447139658
-4.26357560109
-4.20531954738
-4.19777078227
-4.13592302202
-4.30288523832
-4.20820467439
-4.12125647437
-4.18972592047
-4.01604237413
-4.21781664977
-4.13086162941
-4.03348340578
-4.08417444413
-4.08267802161
-4.11729520959
-4.04254111203
-4.04750163312
-4.06786669518
-3.94275401406
-4.06707483129
-3.99157536027
-3.92383638635
-4.04958024041
-4.02182065968
-4.01314377939
-3.94293531025
-3.97622505812
-4.05831378106
-4.09360028854
-3.96259743356
-4.06306347925
-4.05971635679
-4.01319864175
-3.95274717908
-3.97143137359
-3.97689606036
-4.02314152135
-4.04714875875
-4.07260969931
-4.05703108455
-3.98508018905
-4.07485741166
-4.02430784858
-4.01709644069
-3.8789274271
-3.97619822757
-4.09052273925
-4.04648177802
-4.01399318924
-4.03373688576
-4.03602197882
-3.92683355099
-3.97400712089
-4.02552348472
-3.93365548403
-3.9961886093
-4.02091808426
-3.90738122564
-4.04913658248
-4.0335485682
-3.98798861346
-4.09309529126
-4.00543402175
-3.97449918952
-4.03119308567
-3.97918453343
-4.06134797942
-4.12411453001
-3.99313649371
-4.03449623765
-4.0633353774
-4.01942245341
-3.92271553932
-4.0744298319
-3.92866405387
-4.0167483367
-3.98572302053
-3.97835166591
-3.96070399695
-3.99493438315
-3.96808562927
-3.99337557378
-4.00303861137
-3.93427047103
-3.98991937849
-4.0119113586
-3.94161876633
-3.99588259851
-3.98684763746
-3.96295677254
-4.00624566036
-4.12544936347
-3.99688890951
-3.97704066907
-3.9573892389
-3.98362783169
-3.95168889888
-4.0198908013
-4.09065613185
-3.9998090231
-4.04474669973
-3.94797637624
-4.02039594038
-4.00651931442
-3.92126226885
-4.0373599859
-4.09265883944
-4.00623022174
-4.00765735026
-4.11033239485
-3.96857695241
-3.94891360296


-4.5542360696
-4.50889738002
-4.14266288724
-4.09747883437
-4.09933592719
-4.02478776685
-4.07003035044
-4.02306905835
-4.09590878001
-3.99183941623
-3.88009601105
-3.83575952212
-3.93019525921
-3.90147832824
-3.83212400935
-3.92272106935
-3.99172997244
-3.9693986922
-3.82992413255
-3.80993985721
-3.88037722414
-3.8379179573
-3.90806158887
-3.89071799707
-3.90611427462
-3.87919986823
-3.88176456209
-3.76007650461
-3.80417206869
-4.01196551329
-3.94514814169
-3.90334363235
-3.83689498785
-3.81962638611
-3.89214080277
-3.91529078987
-3.81604685591
-3.99363310596
-3.8029612747
-3.83024504665
-3.79478889151
-3.92309699133
-3.91438362945
-3.9573605766
-3.89081120155
-3.89559380029
-3.78618634013
-3.81652535935
-3.84464403592
-3.87579152872
-3.92189128602
-3.80668045574
-3.89346323156
-3.93619910075
-3.85515295708
-3.87671756036
-3.95923210472
-3.91053704396
-3.96250185744
-3.95591019643
-3.83945231085
-3.88084539616
-3.80650996674
-3.90468484637
-3.90156252672
-3.78933002112
-3.7851737284
-3.92058554662
-3.95964396328
-3.8874719765
-3.86713373435
-3.97320473718
-3.81272863279
-3.89845913629
-3.95625647619
-3.90784832922
-3.81148550531
-3.89331482806
-3.9534780421
-3.98489630488
-3.8803954296
-3.91125581867
-3.90040401033
-3.87211588781
-3.96717201446
-3.96903914472
-3.99268735537
-4.0023664761
-4.05704110433
-3.8303659025
-3.85035346136
-3.80350228359
-3.96865106097
-3.86449413297
-3.82229437444
-3.88984842018
-3.95054338808
-3.832234357
-3.83513968623
-3.92669360145
-3.88752405922
-3.82526883931
-3.85828280255
-3.89917983855
-3.92083596133
-3.83249693155
-3.8731311556
-3.83486657493
-3.82851456458
-3.88667323518
-3.79648530616
-3.84400377741
-3.90962321345
-3.93600179135
-3.88388956517
-3.84227548927
-3.91409732945
-3.8357459362
-3.88438962575


-4.62670454732
-4.60036176587
-4.51490533197
-4.5988993424
-4.41523445374
-4.43879480281
-4.34226926876
-4.43802000237
-4.34264718505
-4.19120110506
-4.22358257925
-4.07937681339
-4.15923028437
-4.11515026385
-4.0650976009
-4.00459175923
-4.03446974636
-4.10673760535
-4.09713032506
-4.05174880798
-4.07995103432
-4.19984660326
-4.07898301482
-4.1153143127
-4.04825499481
-4.04655244935
-4.1742329189
-3.99874371231
-3.97085489425
-4.16522563302
-4.1641155675
-4.02557513451
-4.04036552524
-4.08681087416
-4.13494684143
-4.03370582871
-4.0227736633
-4.12042368573
-4.04004795605
-4.10387422556
-4.05862911413
-4.04876693109
-4.09637676264
-4.03176958865
-4.03397762355
-4.12403585549
-4.07762742008
-4.07273271181
-4.05901491538
-4.08786842882
-4.10567366449
-3.99835306704
-4.17352386673
-4.19110994836
-4.18845019677
-4.05141870571
-4.13285178949
-4.09217914719
-4.27721669736
-3.99997122897
-3.94566376131
-4.01965217381
-4.09597660726
-4.00636322132
-4.17252822935
-4.1051869324
-4.08651328932
-4.00845956581
-4.06522928844
-4.07225776117
-3.92925629391
-4.14432756516
-3.92284911833
-3.95169634013
-4.03929645146
-3.97535156479
-3.96330981549
-3.95991133882
-4.04341850344
-3.9801471849
-3.96655841037
-4.04515882861
-3.9690008294
-4.0455512083
-3.94698104929
-4.03264030134
-3.90636884199
-4.00806785954
-4.03281401771
-4.0522054186
-4.05353763139
-4.02934291864
-4.12814784322
-4.01788340729
-3.99952412513
-4.08592644266
-4.01229182083
-3.96547658706
-3.99455964944
-3.97772149788
-3.97903616462
-3.98636520727
-3.97607401767
-4.03062940577
-3.99819887746
-4.06210037484
-4.10881513497
-4.16122021724
-4.06007315345
-3.86587433836
-3.99837271032
-4.06391427833
-4.17929487568
-4.05259520928
-3.9490524684
-3.94837770471
-4.02295815807
-4.02848337145
-4.12624963543
-3.97567059021
-4.04653976417
-3.93953573137
-3.97015043741
-4.0444742496
-4.02287526317
-4.10287170039
-4.00204354314
-4.08217428417
-3.90788347622
-4.06659918089
-4.0150813009
-4.00396432963
-4.04051591076
-4.05152599414
-4.09718651984
-3.93647816085
-3.84878360469
-3.95003793473
-4.08322248466
-3.94125496067
-3.99240234551
-4.05694145451
-4.0769183794
-3.97548862611
-4.05473009937
-4.08444782902
-3.97969612263
-3.95233733312
-4.01358448062
-4.10793304119
-4.10064638021
-4.06024989937
-3.93594441534
-4.05475074429
-3.89399605858
-4.13178971095
-4.06503325573
-4.03717121994
-4.02853595914
-4.03897561773
-4.04844358895
-4.06919835646
-4.0125026407
-4.042227691
-3.99499742021
-4.03417752528
-4.05168509014
-4.09138668418
-3.97602438402
-3.90241041052
-4.02706851808
-4.08671073077
-3.95711627386
-3.96834223062
-3.9576031883
-3.9949426662
-4.08772236446
-4.0671087174
-4.12775177542
-4.07326785983
-4.04387770826
-3.99045346978
-3.93923785616
-3.92715963312
-4.05054050752
-3.96274843564
-3.98031272812
-4.08261912449
-4.00013825235
-3.99667509552
-4.17397322234
-4.07885959961
-4.06103237527
-4.0540926438
-3.98881771418
-3.9271261735
-3.97088213138
-4.05788612657
-4.10177822532
-3.95034522216
-4.05897608468
-3.90493558116
-4.10171769923
-4.03722048814
-4.0936136646
-4.10553479407
-3.96936157154
-4.02537154245
-4.05348198924
-3.91553371834
-4.06649321598
-4.11756270595
-4.00414416749
-3.97970508098
-4.07136858884
-4.01424733469
-3.91819277402
-4.01333398752
-3.91933549406
-3.96363973646
-4.0222950709
-4.01090285915
-3.96725102979
-3.90355626608
-4.07575466976
-4.00644617069
-4.0013596777
-3.9571179196
-4.05753918138
-3.98779557635
-3.98331946901
-4.04756084326
-4.06491042467
-3.95512967713
-4.05147303537
-4.05026986029
-4.08597505852
-3.98276998368
-3.95500469186
-4.01301412205
-4.00918270784
-4.05173542086
-3.96721077483
-4.07303651087
-4.00039811326
-4.0302586554
-3.99223552092
-4.07918434258
-4.10357708744
-3.98683296904
-3.99620532444
-4.00501738728
-3.98501163447
-4.05647353603
-3.92378877615


-4.59683318946
-4.38629681583
-4.40342238997
-4.28550602571
-4.26187827559
-4.12120147839
-4.05409134124
-4.11564291669
-4.08759430873
-4.26022177546
-4.04233625603
-3.9073286927
-4.08776891041
-3.9896052824
-4.00966340372
-4.10137630721
-3.89946364995
-4.01833646675
-3.88084241849
-3.92051577024
-3.83236934514
-3.84341457729
-3.83673426263
-3.90673409538
-3.86055342143
-3.83608993267
-3.92430959572
-3.88624365695
-3.91570282559
-3.8913036189
-3.87921240898
-3.84121003695
-3.96486787598
-3.89512569469
-3.95136259059
-3.91115762203
-3.91351982565
-3.85340605154
-3.8853063342
-3.8722470531
-3.94245067405
-3.87315371004
-4.07039641218
-3.8716315418
-3.85357123949
-3.90794321177
-3.77771279563
-4.0376598183
-3.95398943959
-3.8861372403
-3.92356597375
-3.87829214999
-3.89360868564
-3.8832422162
-3.93781390892
-3.85608390463
-3.82605240428
-3.89942981212
-3.92118057922
-3.84625260584
-3.97766751027
-3.91540055563
-3.97428331346
-3.90898091236
-3.81743147129
-3.81899399121
-3.85672747901
-3.91312990619
-3.98909458243
-3.89069468433
-3.7854398697
-3.88888488247
-3.91078576011
-3.83921001742
-3.87049828903
-3.89060008474
-3.8733233418
-3.89845118517
-3.97631698636
-3.9197983933
-3.87589708971
-3.88842679427
-3.88578123164
-3.93709551225
-3.87933494715
-3.86535140586
-3.89664803811
-3.911413302
-3.91446467256
-3.85095636659
-3.8774460118
-3.86243543005
-3.87430971358
-4.00075924653
-3.9569680148
-3.93755348266
-3.87619429162
-3.92579653093
-3.92300888424
-3.89338485349
-3.87038727469
-3.93261863669
-3.88269406496
-3.83506752184
-3.91495612017
-3.97355319818
-3.84402566616
-3.89056829257
-3.94092065716
-3.94677217219
-3.94678312364
-3.88141335587
-3.76574488503
-3.99936859198
-3.96393612069
-3.79897353421
-3.79743782034
-3.91503587072


-4.65266993402
-4.57596799206
-4.42799923354
-4.65728808829
-4.44275959701
-4.30374136075
-4.32279019508
-4.21797466147
-4.08082909358
-4.04234928652
-4.11151972422
-3.94672554827
-3.90455281457
-4.04753711398
-4.00603097611
-3.82260272341
-3.96356390723
-3.84595726566
-3.90407984886
-3.94805603235
-3.99716354915
-3.88602623545
-3.99413389092
-3.90801495297
-3.9204803498
-4.00215745416
-3.92373394786
-3.91171734817
-3.96087863357
-3.88151824657
-3.94287397061
-4.00034451433
-3.89285274788
-3.85448952224
-3.88241284359
-3.91015029228
-3.83656574556
-3.90421993441
-3.94946458321
-3.91401917669
-3.8157185262
-3.82308897945
-4.01484136165
-3.89904546059
-3.9976169551
-3.99518204573
-3.88814971636
-3.91089534999
-3.91875709613
-3.90355042646
-3.92979919718
-3.91851510803
-3.94020113709
-3.9501137198
-3.92660956803
-3.88554438024
-3.94131606125
-4.00500795831
-4.00148625798
-3.92120703751
-3.85747654427
-3.88651653573
-3.88850792516
-3.9530061259
-3.90852981467
-3.96005677938
-3.98061031631
-4.01007155604
-3.99534986745
-3.95536390062
-3.9768184139
-4.03908251469
-4.02432021224
-3.97428262933
-4.02275038587
-3.89155882128
-3.91470473624
-3.97802500428
-3.93428874009
-3.82825186068
-3.98089375359
-3.85373662439
-3.91054674339
-3.94347258896
-3.95658397712
-3.94357584932
-3.89022458185
-3.92095340535
-4.05057250549
-4.00035339643
-3.94870911807
-3.87518522838
-3.92290939173
-4.00327388194
-4.01195648667
-3.83400250707
-3.92568808358
-3.93705581844
-3.99067793557
-3.98122173411
-3.9916241359
-3.89249214355
-3.95646618936
-4.01552706522
-3.99686419428
-3.95813086673
-4.02054685685
-3.9728562796
-3.95163159216
-3.95051696439
-3.91105991952
-3.90631210992


-4.51278038869
-4.60520717011
-4.46679028482
-4.32535352636
-4.44652324717
-4.1641326921
-4.1203708277
-4.1810466727
-4.22080248795
-4.19463123656
-4.14060560456
-4.11738413004
-4.18500738384
-4.17918515996
-4.19537432669
-4.13502325845
-4.18534472731
-4.16476788449
-4.2528882603
-4.26426962862
-4.20669290386
-4.22134708501
-3.97990017578
-4.04614912035
-4.12025493283
-4.1317866258
-4.05824702992
-4.02098925748
-4.00778224665
-4.04383403596
-4.07516324
-3.97023910739
-4.0417962226
-4.02100356517
-4.06966380206
-4.0458657713
-4.0401638167
-4.02584632106
-4.02285444387
-4.05698972872
-4.08925077764
-4.16259905566
-3.99607276894
-4.01236504547
-3.98114093167
-3.94769126638
-3.95844888804
-4.2060279011
-4.08758809196
-4.02316681757
-4.03756022108
-4.02184617309
-4.14763555676
-4.0312254493
-4.18482929755
-4.0261217338
-3.91997918937
-4.01171499434
-3.95935130671
-4.12933923032
-4.077261554
-4.01981856003
-4.10259235903
-4.0193239522
-4.13385550473
-3.99424125106
-4.05322217501
-4.13904158014
-4.02583262427
-3.97420932561
-4.0625373583
-4.02300875324
-3.9991477771
-4.09786292254
-4.09544688363
-4.04923555516
-4.04192762946
-3.97739019336
-4.0760779444
-4.08282892539
-4.02342038493
-4.1044833978
-3.94512966899
-4.09350643157
-3.97113482144
-4.08015683463
-4.03238110795
-4.0802460343
-4.0275800798
-4.06628027909
-4.18798177097
-4.07339086914
-3.97151052528
-4.03854055019
-4.00117362259
-4.10512258264
-3.96862424475
-4.05438253888
-3.99505855645
-4.06164509966
-3.96147927712
-4.05244233943
-4.12731211879
-4.0596688167
-4.00008070665
-3.94400312841
-4.06989924279
-4.02916495476
-3.97754855493
-4.02556887445
-4.02976747353
-4.05690497218
-3.98006359853
-4.04153046193
-4.01212608434
-4.00414967449
-4.08873612642
-4.04097811085
-4.12100915629


-4.49344683242
-4.33991376692
-4.25772535622
-4.41057573732
-4.33749956125
-4.2330763409
-4.30855728585
-4.20317758709
-4.14685337226
-4.11889653169
-3.95919359743
-3.99398436911
-4.00265794829
-4.03223258634
-3.93188586961
-3.88224201137
-3.91354139979
-3.91738769506
-3.96281613037
-3.96262076872
-3.95027431876
-3.82465507029
-3.86462016715
-3.81490991079
-3.98381574217
-3.94731285725
-4.00555281759
-3.91925247476
-3.96456091269
-3.82582023295
-3.95908663608
-3.97731716936
-4.06640658478
-4.09428887747
-3.97736966204
-3.88876758183
-3.87117800906
-3.89323015247
-3.8923086738
-3.98535102903
-3.86859048526
-3.85595053688
-3.92903741704
-3.88679723538
-3.87855624018
-3.98744838116
-3.90508764264
-4.00233632047
-3.94174017526
-4.01032680975
-3.89427952186
-3.8518049127
-3.90620946467
-4.00720768166
-3.91901240561
-3.84521482539
-4.0597418949
-3.96264726724
-3.96791498886
-3.85693402384
-3.95373109897
-3.90558635659
-3.94026223464
-3.99930588469
-4.0413088288
-3.89978851077
-4.01743607271
-3.86190059802
-3.97292954717
-3.84054177235
-3.88404331252
-3.99261691491
-3.89888583578
-3.93460979823
-3.97760823267
-3.8830596434
-3.85954196775
-3.97184919801
-3.88185686893
-3.87076810834
-3.80954590231
-3.90102946417
-3.86934792602
-4.01089058248
-3.8453027807
-3.98727798336
-4.02466192196
-3.91332092494
-3.85632362108
-3.98055617789
-3.86897910575
-3.98528250169
-3.95169309201
-3.95814979153
-3.97648003436
-3.94421863362
-3.82942375864
-3.87463071
-3.87920599449
-4.01529060587
-3.99556364217
-3.91078093472
-3.92906125498
-3.97787416331
-3.97314270119
-3.83607982497
-3.95411872287
-3.94418489271
-3.84712014307
-3.95391251673
-3.88480294643
-3.79464211976
-3.8776671498
-3.97740795701
-3.96015036287
-3.77793695958


-4.48234868961
-4.52104100115
-4.4372859222
-4.41632521743
-4.49323392952
-4.25229941538
-4.31105517966
-4.20861843488
-4.1744350034
-4.24404840768
-4.09100011187
-4.12157674374
-4.01574489895
-4.00941941139
-4.13985943674
-3.9683835643
-4.17618669919
-4.08260061858
-4.01262940355
-3.94634255194
-3.93079479457
-3.94666259765
-4.00132564254
-3.91511809288
-3.92108424326
-3.95867706357
-3.95538456965
-3.93358614219
-3.92022130522
-4.05139513502
-3.999442835
-4.20739772469
-3.99093374517
-3.98202080509
-3.99220043487
-3.91399563623
-4.03697001084
-4.03346934694
-4.04225592705
-3.96952316354
-3.97545493107
-3.98803466993
-4.01821163329
-4.03167339512
-4.00903997327
-4.0845601336
-3.91557088233
-4.13179670001
-4.00126738095
-4.0029880192
-3.9618819142
-4.03569884294
-4.06522719555
-3.92511172422
-3.90386106259
-3.94599853204
-3.94865041153
-4.02879030934
-3.93485605549
-4.02199521339
-3.99933583463
-4.00061495533
-3.94391096515
-3.91959842149
-4.00261918508
-3.94658415333
-4.00760419981
-3.97060797172
-4.14075741802
-3.93327288748
-4.04248525032
-3.94058998669
-3.98433581941
-3.95684753238
-4.00505046269
-4.02681847374
-4.02331179905
-3.98131784117
-4.01751373127
-3.9511091256
-4.0474317717
-3.98647944424
-3.97184524959
-3.92687529579
-3.92052499183
-3.95351471197
-3.92809486124
-3.95828159857
-3.91174015509
-4.04580049
-4.01222848806
-3.95086114778
-3.94708479886
-3.94100891042
-3.96856662992
-3.94183795639
-3.9738616137
-3.92383673663
-3.94360044909
-3.92700467716
-3.93715448799
-3.96727409598
-4.17375476536
-4.20256636143
-4.13083439984
-4.09983908303
-3.92607594418
-3.89056344554
-3.9662693131
-3.95011893817
-3.80068713724
-4.00990261928
-3.90512717123
-3.90335253804
-3.94573545559
-3.98692780642
-3.84100001876
-3.93760668942
-3.95638378126
-3.90891147206
-3.9066750078
-3.86896151581
-4.07984770791
-3.97037136918
-4.0119833652
-3.87876738809
-4.02263275389
-3.88738770653
-3.93991934522
-3.99673019664
-3.87842862017
-3.92254558077
-3.95611511216
-3.91970781441
-3.847809956
-4.0363681339
-4.00138184569
-4.004350985
-4.05153611324
-3.93058825602
-3.85027179552
-4.00987097501
-3.94492974395
-4.07931612534
-4.00455418111
-3.94785255816
-3.8573904803
-4.05170468299
-3.93590972732
-3.90956890708
-3.96226668328
-3.92276662777
-3.88943792815
-3.94057763454
-3.97590208675
-4.00782996808
-3.9648486996
-3.8552970746
-3.91598759185
-3.84310677309
-3.91957171287
-3.96903450197
-3.95626490029
-3.99197400606
-4.05414579388
-3.97787944725
-3.92991796854
-3.92617534598
-3.90902898577
-3.94136212182
-4.07220416561
-3.867213458
-3.97125552614
-4.08494572674
-3.90853498504
-3.93429532013
-4.02731967856
-4.06052834111
-3.96767478161
-4.08619542664
-3.88756110635
-3.97170997827
-4.05016027938
-3.8667750676
-4.04397043226
-3.86723448285
-3.93660231358
-4.11480059717
-3.83438481763
-3.93190075423
-3.96311368694
-4.09641468673
-3.95146736781
-3.93032642545
-3.91985872129
-4.00453968925
-3.95146488495
-4.00417504329
-3.86558107668
-3.92783727978
-3.90658859368
-3.94607350998
-3.96535850581
-3.97499689484
-3.86998494232
-3.97387500134
-3.87709392894
-4.01457322856
-3.92500841731


-4.77533140232
-4.55753671905
-4.47688720496
-4.38832330481
-4.34577443099
-4.5089193299
-4.28686015926
-4.20821392516
-4.20009355715
-4.18649465446
-3.98284309239
-4.08501093552
-4.03655570589
-4.06637421744
-4.01532074388
-4.16704216896
-4.14442294414
-4.09654376812
-4.10736672587
-4.02340973792
-3.95047083648
-4.11665702889
-4.11074833795
-4.09614391314
-4.03809406971
-4.04983981608
-4.11800814924
-3.99177518569
-4.000265189
-3.95490619876
-3.95531286101
-4.09667642572
-4.07444439962
-3.96778087064
-4.03232986435
-4.01744593544
-4.00530357674
-4.03625645249
-4.0162251851
-3.99074361391
-4.0277603156
-4.0045975064
-4.09090706445
-4.17405105737
-4.09502723782
-4.02312109591
-4.06396699825
-3.97776808377
-3.97353589412
-4.06141908493
-3.95916452159
-3.96427973171
-3.98118838276
-4.07096390241
-4.01619229143
-4.05474980537
-4.1118825574
-4.05093057134
-4.15649841199
-4.03971984565
-3.9195227123
-4.04187330134
-3.99198205896
-4.06390613389
-4.06724921337
-3.94615832762
-4.01301176132
-4.05185799004
-3.94827600336
-3.95370218937
-3.96098769434
-4.0724013189
-4.10125488641
-3.89739402425
-4.02578657158
-3.99429952744
-4.05462396681
-4.0346033847
-4.04613299062
-3.99331889013
-4.03428031231
-3.92794621637
-4.0354169167
-4.0833213748
-4.04847487184
-3.97535379116
-4.03215136941
-4.02075616127
-3.98667661166
-4.12102952236
-4.04397649379
-3.9669398252
-4.1215620029
-4.02045357577
-4.05881883001
-4.16358093572
-4.09988039239
-3.97400085593
-4.0675908093
-4.09561375263
-4.09502186362
-3.9429099694
-3.94766681639
-4.06833289584
-4.16626139279
-4.06103647751
-4.04061769639
-4.00382031348
-4.12047747514
-4.07070491515


-4.53320471414
-4.62614170662
-4.61154908474
-4.47602759052
-4.36207807405
-4.37828153705
-4.27762214352
-4.25688308735
-4.24859969304
-4.16597140948
-4.12900097566
-4.01953012425
-4.11851707123
-4.00499989648
-4.02113772492
-3.97761968236
-4.03845164354
-4.03011346063
-4.02407514502
-3.95320866091
-4.0273126871
-4.0297404965
-3.94313688457
-3.87033227303
-3.89412033229
-3.89968339123
-4.08669674116
-4.00425267204
-4.01149302218
-3.98994157073
-4.057648363
-3.96403378027
-3.96158381147
-4.0192621532
-4.04692510929
-3.95018227443
-4.11320611132
-4.01500406274
-4.0394654164
-3.98130693021
-3.94939514034
-4.04641008208
-4.06248127978
-4.06821945465
-4.05842488575
-3.99480901701
-4.09997248687
-3.9355026424
-4.02555340081
-4.03479790044
-4.04997181478
-3.98206443343
-4.01285102575
-4.04937930401
-3.97626505998
-4.03892683478
-3.97749294978
-4.01334697399
-4.06265066912
-3.99892321292
-4.05604011511
-4.00612352363
-3.98495371735
-4.05055090793
-4.1137655114
-4.06794234844
-4.04082017514
-4.00338199384
-4.0230223436
-3.93438615003
-3.99563072832
-4.01002798472
-4.17059408633
-4.07329191037
-4.00764227427
-4.08902249535
-4.07911936163
-4.01693021796
-4.05443917862
-4.16809760398
-3.97167344146
-3.96434784352
-3.94848620363
-4.02685197547
-4.08815520894
-4.0514850067
-3.96039880425
-4.03627179049
-4.02509721639
-4.08987635248
-4.09844811852
-4.07437092945
-3.98990279128
-4.07292729267
-4.00750781868
-4.03125687737
-4.11431736117
-3.95980717801
-4.16828640836
-4.00186122469
-3.93301156164
-4.0153703991
-3.98230325393
-4.11694684018
-4.03227593532
-4.0062027678
-4.01634700815
-4.07394188164
-4.00373087452
-4.117673217
-4.12455227541
-4.10176321641
-3.94841185247
-4.00770190757
-3.94509359742
-3.97635423351
-3.96844570638
-3.95596404432


-4.62368720885
-4.51232564488
-4.34275839841
-4.37768383112
-4.44616583212
-4.18831052756
-4.18581224837
-4.09656350278
-4.08897248871
-4.15975060339
-4.0578157554
-4.00547540598
-4.05482284357
-3.98277207273
-4.08277656364
-4.06431092633
-4.05022175415
-4.03223359093
-3.95095897939
-4.00544602552
-4.01596137742
-3.98231374219
-4.06728242268
-3.96472114699
-3.9777796428
-4.11680561244
-4.06078985213
-4.06395332716
-4.08026340442
-4.03347131608
-4.01087925064
-4.00084087157
-4.04486109889
-3.99362803857
-4.05857988404
-4.0958597093
-4.01560742106
-3.9828189868
-4.05692899983
-3.99025531099
-4.07309430567
-3.94378941877
-3.99837010877
-4.08481204522
-3.95244714091
-4.05570036534
-4.02992352984
-4.06805692957
-4.04551772021
-3.93169531016
-4.1111997506
-3.9799848799
-4.05872188148
-3.9668101719
-4.06026535821
-4.15799573682
-3.96615736474
-4.02834279436
-3.9595538422
-4.01476705211
-3.98484951254
-3.97840443582
-4.02840439431
-4.04809181417
-4.18537689032
-4.15730677819
-4.07260146261
-4.04271342757
-4.14013655269
-4.02193769803
-4.05904610309
-4.02921698856
-3.96906920885
-3.95939691755
-4.01163181214
-4.05253130507
-3.96876726961
-4.15807885172
-4.03568384401
-4.02235850383
-4.01474512351
-4.06377077532
-3.93874014164
-3.95374368844
-4.12490036082
-4.03620957889
-4.03964208301
-3.97788462136
-3.98621204999
-4.0775451006
-4.07392216688
-4.03694950593
-3.94428942059
-3.96631866119
-4.02361231236
-4.07108517453
-3.99193187899
-4.13682713671
-4.00879255247
-4.1231826964
-4.02330162828
-3.95343700406
-3.99566358813
-4.00715104195
-4.0191931568
-4.09024735315
-4.08659531215
-4.06305522379


