-4.31544370731
-4.08835543232
-3.63588944552
-3.05541102757
-3.01733033564
-3.02806713642
-2.63722193965
-2.75109210526
-2.90722398285
-2.79298958085
-2.91826876014
-2.69433650414
-3.04658777317
-2.9152427575
-2.92992942197
-2.72537885154
-2.96119311665
-2.67894403429
-3.51009350582
-3.60047628498
-3.49502940515
-3.60846903363
-3.7413923402
-3.2097252322
-3.29045920505
-3.07343690108
-3.18916451668
-3.24503065923
-3.58520036611
-3.22859714237
-2.78890380363
-2.86645533895
-2.91573229737
-2.95978190574
-2.95515458991
-2.63200186741
-2.69444984917
-2.97777056612
-3.04376143791
-2.83358194695
-3.12423133815
-2.73061885105
-2.8113264411
-2.94299161837
-2.89517149964
-3.07953164775
-2.81693684343
-3.06765922158
-2.57573768981
-2.65701254989
-2.80782662539
-3.21130555556
-3.10318154455
-2.920553123
-2.9203130375
-3.02344788442
-2.78816639638
-2.8019253526
-2.97413900556
-2.99253620571
-3.09656086294
-2.75753035776
-3.02087743869
-2.99197927417
-2.79575593395
-2.58836831521
-3.14482732378
-3.17794042988
-2.98929446164
-2.74111351909
-2.90094190038
-2.80826900585
-3.06512272102
-2.67495966349
-2.94552965748
-2.91639167394
-2.94215307878
-3.01080099759
-2.91611676249
-2.98968042656
-2.81788502932
-2.75468757679
-2.76843509226
-3.13440320163
-2.80992527502
-2.84487354037
-2.95117165463
-3.09283182598
-3.00547953216
-2.63365488098
-2.5669122807
-3.00861815455
-3.06275085999
-2.99099456976
-2.94576801166
-2.86770125162
-2.87191159271
-2.92122222222
-2.79373166892
-3.08425760763
-2.73201683318
-3.04982135486
-3.03175116524
-2.93364809082
-3.02777339181
-2.77826714694
-2.75041374269
-3.12517896457
-2.8528908423
-2.9704502442
-2.4968907563
-3.15183708045
-2.78925917736
-3.45906900074
-3.0861498968
-2.79501891985
-2.91405546956
-2.58666167871
-2.90200801022
-2.89521497371
-2.67158917278
-2.76245074886
-2.61418464052
-3.03784296526
-2.79449988943
-2.57981044523
-2.78363842204
-3.150249742
-2.64845935918
-2.95333850111
-2.59395098039
-2.76988697044
-2.31173229076
-2.62408834019
-2.74135122119
-2.69127339181
-2.82772772618
-2.73553111947
-2.77844283692
-2.54274304634
-2.41839222302
-2.71091856432
-2.63910472921
-2.81046052632
-2.63242853457
-2.552403608
-2.42821981424
-3.00709349543
-2.32730005821
-2.4252380461
-2.48018605337
-2.79355882353
-2.64471052632
-2.45172881109
-2.62796412695
-2.52419715957
-2.44553884712
-2.46924537021
-2.56047273822
-2.66817235491
-2.76375126542
-2.47917619085
-2.40149561404
-2.62514549477
-2.57159729263
-2.75109186144
-2.69561946533
-2.63218178931
-2.64183337569
-2.52197752866
-2.83404437564
-2.42671555113
-2.5968703395
-2.79112759935
-2.59292302117
-2.7894064129
-2.77409399725
-2.34989736038
-2.57758617131
-2.61542627874
-2.47872041624
-2.84629165013
-2.66475027123
-2.23742457293
-3.05264572914
-2.53122331564
-2.55444134847
-2.45338930565
-2.56179729962
-2.6028765513
-2.49259791636
-2.45947915131
-2.72250055569
-2.67589234871
-2.62812762298
-2.76024034823
-2.61639640769
-2.65192973856
-2.80021689026
-2.5574415819
-2.77006122489
-2.52274088407
-2.54786652563
-2.61551430492
-2.44138805347
-2.51574313234
-2.39378276574
-2.44266658067
-2.5953966534
-2.61664017888
-2.46357754303
-2.48250373483
-2.73805967124
-2.73548235786
-2.55485158314
-2.65995628967
-2.50490246449
-2.46897573591
-2.66806231264
-2.64313662267
-2.37986441594
-2.65214903681
-2.55608853015
-2.49585663915
-2.45057007715
-2.55181544548
-2.6396664701
-2.58776481645
-2.57464835543
-2.50129002654


-5.06860021849
-4.04355696986
-3.43025578842
-3.09919757728
-2.91714633397
-3.13517443118
-2.93033952528
-3.05009531181
-3.04176625387
-2.99642267811
-2.9554232149
-2.84880994152
-2.96243642666
-2.81137289302
-3.00645899061
-2.83477966598
-2.96888853261
-2.89720407637
-2.86500740823
-3.10198186643
-2.83069290651
-3.16571234175
-3.11612851038
-3.07547688603
-3.01745811834
-2.96479609563
-2.95572953216
-2.89470007598
-3.05444147038
-3.00354701138
-2.94556783361
-2.92270194151
-2.81306559849
-3.08627992776
-2.87983505332
-2.89490183793
-3.12026287069
-2.8981664219
-2.86815599047
-3.13257831891
-2.99621568438
-2.83712839697
-2.67430592412
-2.94709043158
-2.88163065753
-2.86615153079
-2.91906296095
-2.98384551405
-2.67063719347
-2.94235753033
-3.05352344285
-3.15875361197
-3.2933695948
-3.23640832473
-3.0422800629
-2.67748215845
-2.80706905745
-2.77962960096
-3.07938497923
-2.99807852966
-2.97508713715
-2.90659042437
-2.69217615116
-2.72296905253
-2.77130026046
-3.06559907121
-2.83213538938
-2.88625257998
-2.53259988206
-2.63536386309
-2.66448431127
-2.67367906285
-2.64670401494
-2.80768518221
-2.68982130855
-2.83168885449
-2.68585956312
-2.823950196
-2.81183090078
-2.52167769915
-2.68908878729
-2.7332058455
-2.56073870101
-2.65881011352
-2.481624527
-2.6574569134
-2.83074640409
-2.88363651777
-2.76764619883
-2.72812410929
-2.81537027618
-2.76990169428
-2.96257642882
-2.79181209623
-2.80183466911
-2.77940323514
-2.61585328517
-2.75325670795
-2.71945637378
-3.14496563713
-2.65053457172
-2.78223848554
-2.48803126406
-2.84449722345
-2.73495245561
-2.70063080495
-2.4139374785
-2.79964654283
-2.81540826331
-2.85515196929
-2.72133199042
-2.67727555967
-2.67596571085
-2.84310208118
-2.87303737284
-2.88599468127
-2.67894758956
-3.04482352941
-2.89354260557
-3.17273133815
-2.91517511917
-2.90997377683
-3.18647285729
-3.13147394599
-3.16433577817
-3.05038175095
-3.02457108646
-3.20077567694
-2.93677562779
-2.80317616345
-2.79060171734
-2.67823180122
-2.51125730994
-3.0388905843
-2.81555701754
-2.63694040248
-2.72324045786
-2.63318628774
-2.79548558897
-2.79031363949
-2.59701465674
-2.98001729815
-2.82344933412
-2.69791847265
-2.53192690436
-2.82069878127
-2.70256312444
-2.5836659645
-2.80237801328
-2.79149484004
-2.74547154746
-2.73752970662
-2.62670342523
-2.55216799351
-2.75956289196
-2.85249962293
-2.55779622794
-2.78647359821
-2.75230610721
-2.55719435845
-2.88282643354
-2.812622687
-2.65547093223
-2.70685948941
-2.63695676692
-2.57411561375
-2.82323504274
-2.87491116177
-3.01192019264
-2.72551283563
-3.02257593739
-2.67130578898
-2.98945743034
-2.9562744238
-2.59440342277
-2.80973346468
-2.61806732518
-2.70876890756
-2.76620611578
-2.71535208118
-2.71078421544
-2.85939183744
-2.68622527911
-2.7088045746
-2.60890514276
-2.63771154602
-2.90672879786
-2.76302223696
-2.73131957344
-2.68019577129
-2.95965901273
-2.60622291022
-2.74532768195
-2.68207177635
-3.05177296182
-2.73160679791
-2.76945013268
-2.81405932389
-2.85407334702
-3.12265177461
-2.65404669763
-3.05527547564
-2.86106178058
-2.694225184
-2.72823132303
-2.96858115689
-2.70210930702
-2.79501942356
-2.74000825593
-2.79878984895
-2.77010328517
-2.66151669615
-2.75199329394
-2.80480613298
-2.58967604059
-2.78029515634
-2.9100768711
-2.96942444346
-2.62817982456
-2.65487289963
-2.83916575375
-2.43601074991
-2.91474214666
-2.90655272136
-2.74559414468
-2.67879113224
-2.53510646715
-2.75948331141
-2.69505890953
-2.57130908153
-3.00740626075


-4.15596726631
-3.53058673645
-3.36120923633
-3.51805450844
-3.18445809471
-3.08656616053
-2.83639913793
-2.9892371861
-2.79199204176
-2.83657389326
-2.70228545629
-2.94192310433
-2.72043102855
-2.82155853907
-2.74409792976
-2.78035569315
-2.64990087398
-2.7477195827
-2.73739245172
-2.79294208372
-2.67853539202
-2.67102165576
-2.86107800138
-2.60924479373
-2.79015326873
-3.13102025237
-2.50920992432
-2.61572406317
-2.97135903484
-2.94894518158
-2.75203184621
-2.71708261793
-2.72737058332
-2.79128789924
-2.7548449801
-2.91772953216
-2.93497291022
-2.85618360853
-2.9191471883
-2.78405330445
-2.77145684063
-2.57689982309
-2.48422706275
-2.79905985097
-2.69487942896
-2.79593483529
-2.55816753989
-2.79161300971
-2.84902044327
-2.90129480564
-2.74692731735
-2.63901504988
-2.82660020148
-2.75327774092
-2.8629739734
-2.6553002236
-2.70740174299
-2.76030865153
-2.6108128655
-2.91839299228
-2.65696551428
-2.69562499386
-2.87574552804
-2.7967450489
-2.86356441348
-2.88308498055
-2.96330157502
-2.40845511403
-2.82934934149
-2.81807149
-2.77516875522
-2.75429600963
-2.56254540764
-2.76679218881
-2.77129127967
-2.81874105607
-2.7598674285
-2.77056501548
-2.75054083739
-2.79221711613
-2.51701578367
-2.93730426557
-2.82221596412
-3.01548305814
-2.84383117106
-2.7017801489
-2.55353049857
-2.99733549895
-2.67938224237
-3.0099435183
-2.8158998968
-2.68185785542
-2.93521720875
-2.98992887101
-2.67688543285
-2.71741382869
-2.8449669035
-2.5339105541
-2.7032752838
-2.87583460588
-3.004360064
-2.84826244533
-2.74202367627
-2.80705437803


-4.36346592254
-3.48606816721
-3.14802665695
-3.52744032876
-2.77253001376
-2.86287554576
-2.67729771733
-2.68273442184
-2.82062401101
-2.64226574165
-2.66816924665
-2.73844736842
-2.87495161924
-2.53340875473
-2.85210511951
-2.54215056495
-3.0228231977
-2.4886568996
-2.87421470343
-2.68168867467
-2.45432593739
-2.9267265959
-2.75116881665
-2.65164371052
-2.61789026488
-2.7994660057
-2.55754516287
-2.79618567251
-2.51222015824
-2.63513673891
-2.80803852769
-2.70017812064
-2.64601662244
-2.87862876554
-2.6178815298
-3.02299587203
-2.75577330487
-2.66840362785
-2.63157216004
-2.71755847953
-2.67568532852
-2.61490074898
-2.99237537806
-2.61478087375
-2.71426869871
-2.83061604993
-2.73800576195
-2.66057846823
-2.7419238169
-2.81620696349
-2.70258611289
-2.68290923292
-2.65003492801
-2.76680819696
-2.59893597209
-2.50431311207
-2.80599707602
-2.84845545236
-2.74995169296
-2.72591917293
-2.75898314413
-2.46824071207
-2.67431296378
-2.83363983488
-2.61496242019
-2.74974245663
-2.86607719525
-2.56550788737
-2.5030948941
-2.69265471276
-2.97123307137
-2.74198981522
-2.80901626616
-2.62627146297
-2.59407819984
-2.68713795252
-2.70763654706
-2.8551937366
-2.83573443412
-2.995307732
-2.97818567251
-2.62519988697
-2.99564637083
-2.77939666285
-2.7618180746
-2.73285377849
-2.80011584107
-2.69955293588
-2.49914443434
-2.65746203461
-2.79562134503
-2.92762779498
-2.58129500221
-2.92870992432
-2.78000039314
-2.81880033795
-2.95749900676
-2.66072611771
-2.73299534375
-2.81465249663
-2.79921330484
-2.99238533835
-2.81407233771
-3.11395248302


-4.26515455494
-3.74731062951
-3.74740831623
-3.40824378348
-3.10343084332
-3.24613548861
-2.8549625043
-2.96148624011
-2.88380429675
-2.91509548475
-2.78664112487
-2.69564257457
-3.06527994005
-2.66035592658
-2.91275275198
-2.91344267815
-2.99891927122
-2.55213697233
-2.7142108826
-2.86091408669
-2.78954992591
-2.69836313635
-2.49200550396
-2.59317251462
-2.83825740823
-2.93948866038
-2.9295743894
-2.74721952317
-2.78701522849
-2.67634273183
-2.76656922945
-2.78137813897
-2.61839662883
-2.65993723279
-2.58116081871
-2.83331893459
-2.46886004226
-2.53151535702
-2.67577939948
-2.5580640572
-2.840195931
-2.73464102848
-2.67044454273
-2.71346519485
-2.70942920272
-2.45919308074
-2.64306925402
-2.64004900165
-3.11596026832
-2.80759322325
-2.83320149639
-2.61505806182
-2.72803475979
-2.48730405671
-2.90754330396
-2.69681862178
-2.61765745245
-2.69173478285
-2.58850408827
-2.60894246079
-2.5917880117
-2.8382890314
-2.54762411874
-2.55663670583
-2.98466650695
-2.65572269475
-2.87181762003
-2.66786891626
-2.59293597966
-2.77098324998
-2.42065242764
-2.77117374318
-2.8751216276
-2.92261128311
-2.39608892329
-2.71208299715
-2.87104408079
-2.62456418006
-2.65978173375
-2.58737220502
-2.96189410933
-2.80476682279
-2.91329416679
-2.83644056219
-2.80363150523
-2.79845821662
-3.08121717472
-2.73202975576
-2.80853563679
-3.09476173388
-2.7884885328
-2.75870794634
-2.75612478122
-2.64465098172
-2.81191204728
-2.72637942896
-2.7651984127
-2.44599288663
-2.72824600717
-2.7996517954
-2.45862796698
-2.86586756441
-2.69275117942
-2.74789887709
-2.79532093715
-2.6618591577
-2.79564209543
-2.99732150418


-4.55346333972
-3.93053487886
-3.35960423117
-3.55126102965
-3.33671012579
-3.63391423128
-3.58903820827
-3.08721155831
-2.98679274166
-2.99383676102
-3.2108250774
-2.7141041206
-2.86935204072
-2.94737946866
-2.86991195372
-2.66948725982
-2.75692575613
-2.81147458106
-2.74400723623
-2.94668060801
-2.64698826724
-2.82505799283
-2.7918288368
-2.73850438596
-2.58704145167
-2.67458322276
-3.05690772274
-2.81598452012
-2.50244900241
-2.7965376677
-2.73972568677
-2.61838128504
-2.71881893176
-2.92879291366
-2.81909645343
-2.82388157895
-2.68024218635
-2.77303795027
-3.24250916223
-2.8169622463
-2.99721818971
-2.65094266492
-3.07241767409
-2.76567971399
-2.64716632267
-2.79698030616
-2.72394417322
-2.86141527281
-2.95051276879
-2.8370497076
-2.82142879257
-2.76787793012
-2.97021231667
-2.76928722447
-2.69498758964
-2.72538932739
-2.76295311053
-3.05746407686
-2.78458096221
-2.77215557276
-2.84102490294
-2.68618231854
-2.73449563861
-2.64876563959
-2.93681308664
-2.80273192786
-2.94919255246
-2.82018140563
-2.99207494226
-2.66235681115
-2.63301995184
-2.73550432454
-2.46696804511
-2.41447927417
-2.43604189395
-2.936767679
-2.75897719695
-2.6047084009
-2.85970706177
-2.77797076023
-2.72963507751
-2.73185905941
-2.95736150425
-2.67666158609
-2.47004374908
-2.78296573542
-2.80688200894
-2.70585526316
-2.53922380045
-2.70260335073
-3.01488053467
-2.58156651433
-3.12267541403
-2.81850369797
-3.07040273478
-2.86691712123
-2.82751805986
-2.83811950691
-2.766009321
-2.89646085047
-2.98165094108
-2.88783798958
-2.69336640621
-2.71783725244
-2.91070255295
-3.16801725459
-3.04175605681
-2.6700370657


-4.95030302008
-3.75003791341
-2.99432692351
-2.48571286058
-2.82574475404
-2.57661996904
-2.71561152882
-2.69917569659
-2.40749603175
-2.63941327206
-2.98466435697
-2.96670943479
-2.74303453487
-2.55533674873
-2.69605116959
-2.53777098383
-2.62464308163
-2.46295459236
-2.9030125559
-2.77574072436
-2.75886076428
-2.79821786083
-2.7125034929
-2.81367843629
-2.9762184581
-2.74240456533
-2.71381483214
-2.80864396663
-2.79823836552
-2.56779046409
-2.62346092985
-2.7237355455
-2.74467122463
-2.67138957688
-3.04213123495
-2.84184508972
-2.60489462627
-2.46604073352
-2.59724018379
-2.85018550052
-2.83783284474
-2.72492208462
-2.94519927269
-2.48325873507
-2.73084141727
-2.69353362573
-2.84611891248
-2.46155168559
-2.42386111111
-2.55579237309
-2.7953941717
-2.59884580323
-2.6186100914
-2.72349621603
-2.88577579979
-2.91928379773
-2.95859555847
-2.85660106655
-2.72509432329
-2.43104537078
-2.79877657379
-2.91564463856
-2.83862948189
-2.83440449635
-2.87830093805
-2.53708201877
-2.72459064327
-2.62083441447
-2.53611145511
-2.70441167871
-2.75145091896
-2.73689060888
-2.65046499828
-2.83297170623
-2.84041986565
-2.78975592072
-2.70587375301
-2.82027632808
-2.86702057841
-2.69597584425
-2.54904575163
-3.04764568283
-2.82604557964
-2.62285210575
-2.85402339181
-2.90879416679
-2.75186061969
-3.02847646076
-2.76918540412
-2.69962157107
-2.48795120153
-2.67497451113
-2.7322269399
-2.79439903681
-2.58944298246
-2.55475283798
-2.75770217115
-2.75605847953
-2.61305998783
-2.82627114355
-3.04001779344
-2.96094883041


-4.30899986391
-3.92224313801
-3.78385554805
-3.82346032408
-3.53292053286
-3.48452775656
-3.67839574237
-3.68445988463
-3.12160270302
-3.33404721362
-3.02848105842
-2.99718467738
-3.02808148766
-3.0970089014
-3.12699912678
-2.93275911593
-2.85466124871
-3.01880667544
-3.15288681262
-2.87715337363
-3.07585431717
-2.81735966141
-2.98753157403
-2.85059155911
-2.92217917342
-2.96221267913
-2.8158632214
-2.93819711042
-2.94577040641
-2.85019241732
-2.91060756529
-2.86319358445
-2.86754930647
-3.16655060351
-2.8462338567
-3.06401227333
-2.96959803922
-3.50198211214
-3.26190198536
-3.45173314413
-3.28563374122
-3.24948544155
-3.03926891985
-3.00684416925
-2.90244754042
-2.82706359035
-2.86974019608
-2.93877973592
-2.68940427615
-2.95350740823
-2.8308526501
-2.82493937049
-3.01379550592
-2.59922746818
-2.78003416346
-2.81694074647
-2.90892830965
-2.72835612315
-2.87773131358
-2.97500340028
-2.77811876505
-2.5986036839
-2.601839427
-2.88949370031
-2.75046514571
-3.1289260113
-2.74451399993
-2.73655687862
-2.94332266942
-2.89493906901
-3.03159173575
-2.93060294118
-2.48182623225
-2.79534563785
-2.74531576361
-2.8800303776
-2.94627726178
-2.91372833951
-2.94364966337
-2.86946732026
-2.56139202516
-2.88284076613
-2.94063398693
-2.71283149049
-3.05911887562
-2.92696806968
-2.6676118851
-2.71119591305
-2.6174606161
-2.90662813897
-2.86197832817
-2.96447834991
-2.98233666274
-2.74180728783
-2.80881784117
-2.927786132
-2.91674401974
-2.73496130031
-2.67651694186
-2.80318919849
-2.85822733965
-2.95682853344
-2.84727452209
-2.75301372303
-2.70155292643
-2.93787570977
-2.60827427071
-2.76409889921
-2.85139944223
-2.95111369109
-2.71970218438
-3.21910768248
-2.60098208568
-2.47810672515
-2.86728921569
-2.558125043
-2.87214705882
-2.87051095877
-2.70705951152
-2.94734115927
-3.07179284656
-2.94491627353
-2.84895096716
-2.71354093567
-2.90404927761
-2.86262861811
-2.81182705538
-2.75676303504
-2.70469919898
-2.68611650922
-2.73870166839
-2.6280764997
-3.01200202713
-2.57033048969
-2.95106393435
-2.94098075506
-3.00632107676
-2.73004076367
-2.89514794339
-2.57167139001
-2.61595700696


-4.1597615532
-3.76629704162
-3.72547040395
-3.47190763674
-3.44828597323
-3.51338083992
-3.10452232013
-2.74600653595
-2.79939505627
-2.7383733353
-2.8599877021
-2.7734498624
-2.80157131688
-2.70512220502
-2.71248125215
-2.82421983881
-2.57662154916
-2.65116876751
-2.98165875473
-2.8027750258
-2.57983900929
-2.76980470785
-2.75865234353
-2.97938816404
-2.81114199053
-2.69546117462
-2.76543621497
-2.53732782938
-2.44137951496
-2.75260354695
-2.7986629687
-2.82760380117
-2.83757726329
-2.70467407489
-2.8284871001
-2.83758339193
-2.77239361885
-2.81985319917
-3.12168685193
-2.72831682147
-2.67709760922
-2.77453471915
-2.79406830802
-2.90223337567
-3.02164863138
-2.99766374269
-2.52082384884
-3.11445978918
-3.02516615067
-2.73335853113
-2.86343059856
-2.79563886432
-2.5312874957
-2.62372911634
-2.75190633352
-2.74695523122
-2.69611570593
-2.96770304438
-2.66630626812
-2.90445390437
-2.75826734506
-2.59304756991
-2.75392352204
-2.85967907514
-2.86074223549
-3.12421369789
-2.71516806723
-2.69138944174
-2.69878863543
-2.79199769142
-2.63755486756
-2.69348514669
-2.78240254482
-2.91677414252
-2.82770999709
-2.81752739744
-2.71253426836
-2.50669564843
-2.62854464026
-2.61079813504
-2.63981535948
-2.82808452504
-2.61216145946
-2.82513235294
-2.68228239528
-2.78868143209
-2.64669460416
-2.97365985382
-2.94942312512
-2.98798037987
-2.77104093567
-2.70215918473
-2.4283338739
-2.75857258342
-2.62949056465
-2.96795854833
-2.57924217406
-2.58538963831
-2.59959314387
-2.63016600324
-2.61016375592
-2.70469831441
-2.60519435845
-2.8834910315
-3.00273481498
-2.95384826036
-2.86806608716


-4.46260093235
-3.68025430469
-4.04643997248
-4.28890651875
-4.05453975436
-2.97833388241
-3.18307900149
-3.11002183721
-3.18736190968
-2.78460029934
-2.46553178667
-2.61453465772
-2.47804317165
-2.7741033466
-2.6402377021
-2.63130729539
-2.81644711042
-2.70696304487
-2.6610142343
-2.61445256524
-2.59030195965
-2.86562123446
-2.63118652022
-2.85367346061
-2.81644791749
-2.78667656887
-2.74928172146
-2.62396668141
-2.63702184383
-3.0598539486
-2.74952765681
-2.77421829194
-2.8249230996
-2.39775576195
-2.7988580879
-2.62772007224
-2.75528508772
-2.81233410733
-2.69828943683
-2.52483542189
-2.55914480961
-2.80442704896
-2.68882249742
-2.96148176815
-2.59388106295
-2.79941085557
-2.78443550945
-2.59817866971
-2.74985512802
-2.68494668043
-2.79807398398
-2.84127282667
-2.64998567497
-2.54481111905
-2.73921822656
-2.53968805592
-2.90684027376
-2.58163257408
-2.72024801308
-2.67956534625
-2.58849131407
-2.85695838956
-2.8955822144
-2.53068215883
-2.69943262345
-2.94911450383
-2.74752986161
-2.785831155
-2.56666666667
-2.54222349065
-2.58682570173
-2.89951235933
-2.48578641457
-2.66809408325
-2.47774389405
-2.54469766328
-2.64498480596
-2.8832878397
-2.89048969993
-2.76904562878
-2.67051544302
-2.5874747162
-2.75175818317
-2.69611377709
-2.78675629359
-2.61365961472
-2.49475965649
-2.73885197731
-2.85259298089
-2.74903449517
-2.42392763772
-2.55260666372
-2.78450275198
-2.8533923024
-2.68488569368
-2.36568601651
-2.74071307983
-2.66352344474
-2.72041481154
-2.67772755418
-2.66597007224
-2.58244105361
-2.90674716202
-2.50723142415
-2.61113376957
-2.85037446936
-2.49697144823
-2.74214236194
-2.65579134015


-4.81088082952
-4.07256966606
-3.26275168313
-3.29998366013
-2.74184430911
-3.0988197152
-3.09801099941
-2.87647304072
-3.0497066365
-2.82514748882
-3.05337736498
-3.0518310794
-2.89039666568
-3.17157856651
-2.81979577621
-2.95186984807
-2.76959345668
-3.03097273822
-2.88822127623
-2.89475303644
-2.6797102605
-2.92842686373
-3.33904584992
-3.63132425426
-3.73004299966
-3.09413334524
-3.286454375
-2.96792363261
-2.74412105395
-2.86429389092
-2.69661128311
-2.96721765103
-2.87533920775
-2.64938560863
-2.73875992678
-2.80757591282
-2.47891852179
-2.8001767163
-2.74498728628
-2.72140900147
-2.68704105853
-2.85890653103
-2.61531690746
-2.61398469212
-2.889
-2.98613931889
-2.43310067392
-2.84375202713
-2.68723657088
-2.81053943399
-2.50474843973
-2.88125201484
-2.54356140351
-2.69310128262
-2.51045095866
-2.6834282142
-2.83154934848
-2.66262245073
-2.71880997838
-2.60840414651
-2.89713822547
-2.47662602963
-2.86894547644
-2.71114065802
-2.71222036993
-2.58185874944
-2.81201595902
-2.87431067771
-2.59724492604
-2.76778575587
-2.73045782632
-2.58607705538
-2.65754673448
-2.55640583075
-2.97998643668
-2.63709649123
-2.70223439727
-2.59919168018
-2.79224695875
-2.73808317362
-2.6649199715
-2.79810939207
-2.60001599587
-2.68547686619
-2.94935070519
-2.8094074912
-2.69159806568
-2.99263829918
-2.69928396973
-2.72887286845
-2.83712348273
-2.83087616099
-2.59089585483
-2.85392948718
-2.84311306676
-2.7678133711
-2.82466580667
-2.43803017236
-2.95971908939
-2.92075275198
-3.13812553726
-2.80815323754
-2.50736128311
-2.85589387685
-2.93029302612
-2.54735315948
-2.63415189463
-2.73353095975
-2.64501950294
-2.77991919312
-2.95478078775
-2.63780501834
-2.77695813062
-2.85528367487
-2.9581030508
-2.83428670186
-2.62140685046
-2.69370329
-2.79047436653
-2.66599275149
-2.69675868499
-2.72667995824
-2.93381852917
-2.61514353285
-2.73234837093
-2.82061724919
-2.6899440513
-3.0158881149
-2.65862108703
-2.83313902025
-2.72564638311
-2.67042629859


-4.20388783233
-3.91609532409
-3.43647761561
-3.6335624355
-2.58213747604
-2.87824540896
-2.36830460956
-2.68295682835
-2.57565290678
-2.78797139531
-2.55211062158
-2.71343640802
-2.70808508923
-2.91829764362
-2.67981583862
-2.65597386944
-2.47344597233
-2.4466374269
-2.3454781231
-2.8763375473
-2.53843206054
-2.42508376333
-2.65572230822
-2.43668507713
-2.50447712496
-2.58497932331
-2.47036090604
-2.73065134556
-2.39102073245
-2.5177977523
-2.5208156789
-2.64140148388
-2.66927080522
-2.44969001595
-2.60223936255
-2.92051739927
-2.75126756843
-2.83564568283
-2.87185927205
-2.6667583665
-2.53476028306
-2.41416666667
-2.82267251462
-2.6567934684
-2.5097822006
-2.67268775634
-2.62413009711
-2.51640266106
-2.58922984308
-2.71582018772
-2.71052905548
-2.76310310372
-2.88506182027
-2.37688048553
-2.47552538964
-2.58157695615
-2.66634270726
-2.49637272763
-2.7272858636
-2.79077932577
-2.64991509411
-2.71425637434
-2.65390626075
-2.40395631235
-2.88186953904
-2.68590710846
-2.77802525734
-2.31828654971
-2.47609119054
-2.7266624527
-2.51359197012
-2.76635957541
-2.55732765738
-2.71127579979
-2.3475924984
-2.72383608531
-2.78924152292
-2.45009923659
-2.63463617093
-2.60837919081
-2.54274294806
-2.66694865841
-2.68379526871
-2.70677925961
-2.50837742641
-2.68519019362
-2.45913871689
-2.48009496309
-2.82163682491
-2.67458733561
-2.94148160843
-2.72967655659
-2.54558462332
-2.61037796698
-2.38023627379
-2.51764812295
-2.54573025323
-2.43677586122
-2.62277727407
-2.63698957707
-2.73076261544
-2.71765184171


-4.45953931681
-3.95288903632
-3.7900411587
-3.52359101657
-3.34666100635
-3.00167347101
-3.36889210772
-3.4793837053
-2.88133909529
-2.92130624355
-2.88899724141
-2.74587813897
-2.8588244754
-2.43101135191
-2.92651560273
-2.63782258342
-3.06433107278
-2.88919325274
-3.20729876161
-3.06197355912
-2.72455156273
-2.66873596536
-2.72280779154
-2.66786523908
-2.83433449823
-2.62816361983
-2.98703641457
-2.5659319254
-2.82849028586
-2.77141747374
-2.87675828051
-3.15608930414
-2.62114240258
-2.94996492646
-2.5592622979
-2.84781570347
-2.82490492162
-2.69618753993
-2.84639224286
-2.68647987616
-2.63350500875
-2.51235617607
-2.8563318137
-2.66414662883
-2.82804465821
-2.80960507415
-2.72961609907
-2.83430980449
-2.97628447344
-2.57268869289
-2.76948999951
-2.6444910986
-2.55251805986
-2.86183531132
-2.98336085311
-2.79643298196
-2.74022074322
-2.81948474505
-2.71995734434
-2.84001106745
-2.82851854277
-2.84011828591
-2.71034015752
-2.65277438695
-3.02744179075
-2.75607147393
-2.89237297902
-2.52813024265
-2.66591434469
-2.95662411024
-2.90714030551
-2.72237676299
-2.96671631001
-2.59495325323
-2.72737731584
-2.84769215648
-2.9257619539
-2.63286032483
-2.81749077161
-2.64868865697
-2.90185064377
-2.72605443756
-3.07126423903
-2.72617591774
-3.05524527004
-2.86238252159
-2.74467363261
-2.82735995875
-3.02532243127
-2.98143171655
-2.8257874097
-3.05472325421
-2.82935853113
-2.76187905009
-2.74760461202
-2.81484575882
-2.95720270038
-2.60161227824
-2.65435795371
-2.57205923368
-2.64256449948
-2.83896709912
-2.85913312693
-2.63342248154
-2.96123195338
-2.96573060101
-2.56197050224
-2.85484829721
-2.90181366879
-2.99421477714
-2.62917612659
-2.62412518759
-2.72031119354
-2.62990080594
-2.75272712418
-2.79243530584
-2.85010079119
-3.12342559831
-2.66491763723
-2.84485457516
-2.48438832375
-2.90132124429
-2.67742062264
-2.76591739435
-2.70949571232
-2.80424644946
-2.81574592118
-2.5977748538
-2.77103974113
-2.77849002408
-2.86243362082
-2.59726271561
-3.24577674579
-2.88939017888
-2.7433764067
-2.86278314187
-2.65938808586
-2.97130675955
-3.07083864639
-2.72318831014
-2.94221964224
-3.01267409946
-2.85039069487
-2.79046078431
-2.30837417072
-2.75412213131
-2.85274208806
-2.96168063541
-2.6680371517
-2.80291171556
-2.68369272446
-2.72788655909
-2.96260581601
-2.55918464052
-2.95561876505
-2.73240978672
-2.68006620718
-2.99685114748
-3.12392800629
-3.03323883238
-3.14250842793
-2.6567513826
-2.80213173866
-2.96964724311
-2.70531801987
-2.89624681803
-2.74901680672
-3.00908910757
-2.75326114305
-2.9423954598
-2.81863500569
-2.65430400757
-2.80612376624
-2.62751780186
-2.91417993702
-2.78535319917
-2.58540066229
-2.61548076073
-2.58900515996
-3.00668032827
-2.78502210182
-2.89778881782
-2.707524902
-2.58825902993
-2.88482079977
-2.6187361475
-2.73639826281
-2.79503594771
-3.03904273504
-2.79501319759
-2.90526608187
-2.85946080107
-2.79598155929
-2.65926162125
-2.65221975281
-2.6611307681
-2.96033329648
-2.73735402609
-2.84918569709
-2.73670390437
-2.97035092634
-2.85393767507
-2.8926036906
-2.86194074931
-2.86337276449
-2.79250429997
-2.89873348813
-2.84761212987
-2.56368271168
-2.77524922601
-2.54423955723
-2.74526184711
-2.76596345029
-2.79707567939
-2.80807825937
-2.60322750787
-2.64039258686
-2.77071153374
-2.61661612364
-2.69761158741
-2.69800900725
-3.22711675021
-2.7510363314
-2.75618322768
-2.8421997764
-2.72062280702
-2.79981795174
-2.80244225193
-2.63604851925
-2.85555472013
-2.84043176569
-2.7422373581
-2.83836638353
-2.88357385777
-2.93553457172
-2.84008236277
-2.86181664947
-2.9744872721
-2.67516773174
-3.04877769178
-3.02720592866
-2.68858704359
-2.85178256917
-2.94302105755
-2.77596594427
-2.82125218684
-2.71068579537
-2.74816176471
-2.84094874441
-2.78300309976
-2.65250804708
-2.95199466804
-2.84810113519
-2.80413259977
-2.68579819836
-2.85541633874
-3.06826974298
-2.74552849129
-2.67194339802
-2.70090196078
-2.63041537668
-3.07975852055
-2.62528713942
-2.91468059856
-2.69715884073
-2.46488252494
-2.94489365339


-4.15372761844
-3.83256088751
-3.22471515232
-3.5810374957
-3.40307184817
-2.90107164525
-2.81070779513
-2.89241073271
-2.79939770996
-3.02861925647
-2.56730134159
-2.58315549792
-2.73241332498
-2.82538318458
-2.74917553688
-2.81381991744
-2.653088825
-3.01798620325
-2.54166881665
-2.47800525824
-2.82906673547
-2.83360413288
-2.8304745442
-2.82518697857
-2.62397574819
-2.56800343336
-2.82839799253
-2.69400366489
-2.74883497737
-2.55634408986
-2.75654203863
-2.89399523035
-2.77226818271
-2.67602820777
-2.79602313381
-2.97001213819
-2.72859838321
-2.89165344734
-2.92167090048
-2.88259864121
-2.8845313236
-2.70605267127
-2.54166460268
-2.81990371385
-2.72620554497
-2.70181680823
-2.53436104075
-2.89944293331
-2.76967846086
-2.56266726866
-2.83478521616
-2.42875009828
-2.69314708339
-2.80047811648
-2.7273126075
-2.79967288319
-2.59675762086
-2.65749743231
-2.73552715594
-2.56067890314
-2.6342059882
-2.79560891362
-2.7722416713
-2.69689607597
-2.81399415205
-2.75395114956
-2.83112998087
-2.70387713155
-2.79683219077
-2.68847528134
-2.46259168188
-2.78723830409
-2.70975657564
-2.68789164087
-2.81567844857
-2.77686549708
-2.87940275462
-2.94139111731
-2.65326242076
-2.64541374269
-2.41578205317
-2.55150080046
-2.73764791882
-2.84915067079
-2.67084477124
-2.82645940832
-2.98930349157
-2.7087371861
-2.60461841444
-2.64209115927
-2.66970192638
-2.91919019173
-2.72320299429
-2.45321181631
-2.87300584795
-2.79155478156
-2.88301120448
-2.73247568677
-2.75716675267
-2.72639758994
-2.53249216178
-2.63184805245
-2.91537684899
-2.61228561695
-2.65335577915
-2.58368671679


-4.19540768777
-3.89006123151
-3.54441025641
-3.50838861861
-3.63288037496
-3.56026971369
-3.40589877881
-2.72064156148
-3.0288512089
-2.77049540518
-2.94269607843
-2.66782989336
-2.88690764997
-2.50005690319
-2.68517277262
-2.86614804451
-2.56565067079
-2.99826169591
-2.59643100398
-3.04002564953
-2.72755008468
-2.74099041722
-2.77901729153
-2.92658049536
-2.66636334709
-2.54473546612
-3.1038438914
-2.60452287582
-2.42486538462
-2.95191487013
-2.67721695169
-3.07359021328
-2.71868321823
-2.59936609907
-2.67817174063
-2.50183311219
-2.43052760578
-2.56085005028
-2.83605269773
-2.79332774338
-2.63883597191
-2.8261697995
-2.75240427048
-2.73836377709
-2.533374441
-2.80545491179
-2.7026800183
-2.9797558971
-2.66216418403
-2.87619942012
-3.01919672957
-2.62200275009
-2.66960607401
-3.0995506999
-2.80305435157
-2.78968707307
-2.66968905956
-2.90363498344
-2.71225986535
-2.70689345914
-2.87596065862
-2.57653258051
-2.68862202263
-2.69023846759
-2.7382857502
-2.8035963505
-2.72020956804
-2.83097120252
-2.53514610055
-2.85257755909
-2.59243925991
-2.43488630891
-2.65366619981
-2.8905169551
-2.83223546612
-2.88746783626
-2.85950186552
-2.79254026469
-2.93657760257
-2.68963372893
-2.66694003863
-2.80349187921
-2.87967896457
-2.75826260788
-2.81850115485
-3.08860835913
-2.66654366308
-2.66876874227
-2.85293859649
-2.66101517274
-2.7229144184
-2.55443798221
-2.55144434427
-2.84221690255
-2.80174877496
-2.87448086185
-2.60230949168
-2.66697755323
-2.58263057342
-2.99739766082
-2.57562025161
-2.78350427445
-2.98149873346
-2.74473783724
-2.5008267473
-2.42423700087


-4.4309160694
-4.03611687547
-3.7806370829
-3.52537481902
-3.14401039363
-3.00756919259
-3.22689800482
-3.06739128458
-3.06193095819
-2.95930955122
-3.0918874269
-3.0029259442
-2.90897041624
-3.20681682147
-2.91182060544
-2.85484802693
-2.96078942549
-2.91930065359
-2.87942079463
-2.81982634866
-3.25209112379
-3.0367993173
-2.97382619539
-2.98818311711
-2.54153342727
-2.89788310047
-3.05022942159
-3.20304747162
-2.93461540257
-2.96409343211
-2.67314404885
-2.89494604535
-2.94654565429
-3.06353171106
-3.45544423559
-3.51860818713
-3.05771581197
-3.16387455158
-3.39995891243
-3.66017108004
-2.93990945501
-3.6769642309
-2.8103831723
-3.04281309514
-2.55696388029
-2.73109919406
-2.75706828345
-2.99278437515
-2.7014677134
-2.87942371861
-2.51846853748
-2.57245559978
-2.65864266057
-2.6892732217
-2.80750668338
-2.74313855718
-2.5395638852
-2.57084124527
-2.6932159575
-2.74529209241
-2.69276728586
-2.7301756106
-2.90619298246
-2.78752303269
-2.78600269906
-2.76314535112
-2.75925016255
-2.65799488446
-2.55325758023
-2.66464567622
-2.79889925795
-2.80126160991
-2.59212125903
-2.95100884092
-2.31030409357
-2.82242234924
-2.7485825962
-2.60362048504
-2.89349501204
-2.67467178753
-2.64998093281
-2.69962710698
-2.61596388029
-2.9478167487
-2.40271094403
-2.73214816453
-2.74311854391
-2.85583693302
-2.67946423185
-2.50237108703
-2.46531858776
-2.78242372523
-2.99208759644
-2.69154192703
-2.68682198142
-2.82259588923
-2.50049936115
-2.56419848641
-2.75200707651
-2.98045493636
-2.65951620473
-2.82286296847
-2.72125043
-2.84575620424
-2.58059239634
-2.9807711426
-2.64755356417
-2.84868070346
-2.73912891297
-2.72232333284
-2.84626485443
-2.63037925697
-2.59386523908
-2.61285773257
-2.8281495528
-2.77146904214
-2.55449873647
-2.55536061307
-2.74324707602
-3.29284152784
-2.86441734143
-2.55038730404
-2.63509681065
-2.88060179861
-2.45625621652
-2.8170609858
-2.72897219765
-2.87549290836
-2.69968862106
-2.79391091983
-2.6206498968
-2.56655199273
-2.88941726866
-2.73994771242
-2.52030274876
-2.77365961472
-2.62193151147
-2.70172308222
-2.49524136699
-2.79575842793
-2.51858393533


-4.44004023539
-4.02968736415
-3.57343001735
-3.20081241093
-2.99290360706
-2.78732588447
-2.79163324979
-2.91228980918
-2.84338955231
-3.11521971596
-2.60335467345
-2.98467166691
-2.91979666171
-3.00402046784
-2.95815456533
-2.87843004948
-2.81609577866
-2.94762398532
-2.53184808836
-2.94546462215
-2.86883307534
-3.10978973168
-2.54906722689
-2.86589342984
-2.80060694345
-2.54369529782
-2.90564177601
-2.70182679739
-2.82285987026
-2.84306342969
-2.69317724458
-2.85290153079
-2.80962874097
-2.70370580297
-2.58566650919
-2.85346388029
-2.6677042616
-2.7756939379
-2.71226192083
-2.78019290874
-2.84240059708
-2.80892794486
-2.7188199543
-2.81828638999
-2.75494282274
-2.84008921814
-3.0612972363
-2.97426654494
-2.88749046791
-2.52372424935
-2.81208026193
-2.55462653901
-2.70616348469
-2.98278189251
-2.69900339083
-2.88551353875
-2.53025651138
-2.9434032555
-2.73788081157
-2.53620614035
-2.51456188265
-2.86198252092
-2.909639678
-2.61644620412
-2.74594177847
-2.81966081871
-2.83595519436
-2.69114052288
-2.85034118384
-2.75203798334
-3.37978100606
-2.75151216465
-2.6967688988
-2.63736916197
-2.88327347781
-2.83798670224
-2.56403490344
-2.55908184677
-2.5650504816
-2.58835689714
-2.62834404639
-2.5930960456
-2.64048417991
-2.61838476092
-2.65419174255
-2.87048185655
-2.62762573099
-2.71688978196
-2.73995289025
-2.80065155725
-2.66109683523
-2.71428517372
-2.79289514227
-2.6608628311
-2.59988098924
-2.53231037813
-2.78704557964
-2.51417647248
-2.77397837732
-2.88365325077
-2.53220326457
-2.57199947077
-2.69278534572
-2.76672690588
-2.72295459236
-2.68345489667
-2.57873950808
-2.56464637083
-2.94050120399
-2.90259193988
-2.75697908799
-2.76500519398
-2.49010807656
-2.84396972824
-2.88403784537
-2.81464017888
-2.69434389896
-2.60328844169
-2.75204232111
-2.41154473287
-2.73169192589
-2.57669373188
-2.68023632611
-2.80484952578
-2.78578111947
-2.75417461546
-2.89345311809
-2.89138315151
-2.80456488034
-2.57274251806
-2.41838407293
-2.57521155831
-2.53558135535
-3.08422678019
-2.86433152735
-2.77607361541
-2.65003721313
-2.91567363261
-2.81638381493
-2.83821428571
-2.91992182663
-2.7474100107
-2.81244954521
-2.82990590352
-2.84561144282
-2.76486213082
-2.80196508428
-2.8861981547
-2.64908386161
-2.59652321981
-2.77020127714
-2.51185259718
-2.52073570805
-2.62715575137
-2.86774226006
-2.63039958115
-2.85790758382
-2.68071319229
-2.75692461546
-2.73292129834
-2.53036326109
-2.6256321611
-2.54171956853
-2.81375966878


-4.51381888072
-4.12623938334
-3.71359832849
-3.54876530788
-3.66333131566
-3.54801805986
-3.19561953904
-3.06416522452
-2.90788914689
-3.17280228758
-3.03729302612
-3.02532192189
-2.93993636051
-3.02181183351
-3.15602484152
-2.79453380907
-2.87703611971
-2.95331265948
-2.86324561404
-2.7561199199
-2.96116892155
-3.14161830859
-2.79157867708
-2.78462573099
-2.70291556191
-2.68374175077
-2.79647478236
-2.97798778999
-3.13442350975
-3.35534801748
-2.79971397952
-2.76686429309
-2.90037366701
-2.91343802096
-2.83418648337
-3.0184256106
-2.71577179468
-2.90228855226
-2.66943452995
-2.92069988697
-2.67529391635
-2.77470649663
-2.83053104352
-3.06233350533
-3.09199941029
-3.17344074647
-2.96371232002
-3.05021372152
-2.78488536292
-2.71090767738
-2.80710204527
-3.09010144706
-3.04915961945
-2.97705911838
-2.81357059315
-2.99222990967
-2.76744814525
-2.9670731599
-2.94713845228
-2.94280487985
-2.74838168952
-2.93899109104
-3.05504706619
-2.9751057423
-3.1699330793
-3.01547884417
-3.05050668338
-2.90277326896
-3.01292558413
-2.95369126247
-2.96486515308
-2.70274637574
-2.79967776058
-2.97271843825
-3.05246671827
-2.9264466086
-2.6807753698
-2.90466402053
-2.60028868929
-2.82198598211
-3.04946194861
-2.63029532825
-2.81322674333
-2.91728296789
-2.91200148183
-2.80075801022
-3.09892810458
-2.74287293271
-2.9972210428
-3.04163071895
-2.93536625878
-3.03756155094
-2.84956776746
-2.98668240454
-2.85200163399
-2.76987134503
-2.77204292594
-2.81433800659
-2.82554463364
-2.82824312006
-2.97490342277
-2.8943335299
-2.94182313627
-2.9723168347
-2.70434623993
-2.69972367192
-3.12579983046
-2.69807155143
-2.86398533097
-2.91870399037
-2.7960726817


-4.27034477124
-3.98498868495
-3.74300988992
-3.22130189444
-3.16429385896
-2.98124254263
-3.00893792078
-2.54931123151
-2.55819663833
-2.59239009288
-2.54593214654
-2.88151895671
-2.4209588309
-2.86698619097
-2.81048642439
-2.62702526395
-2.75694927269
-2.56950842793
-2.61409493663
-2.70252844687
-2.9357944985
-2.63919359768
-2.34972583419
-2.89816821465
-2.68727218782
-2.80993053378
-2.41439967566
-2.91484219126
-2.91472148509
-2.80028395366
-2.78851594673
-2.78785655315
-2.81633722787
-2.70945586302
-2.68073762838
-2.9048691459
-2.76874665831
-2.30789164087
-2.70450178614
-2.70009966753
-2.60036315052
-2.6241360632
-2.62525472996
-2.6615351659
-2.78938200894
-2.76800944669
-2.67327055985
-2.42465359477
-2.38738062067
-2.55989369351
-2.61602893263
-2.7370353391
-2.84474415205
-2.71583986928
-2.88974329205
-2.7896913239
-2.64013134552
-2.79074805887
-2.77264022991
-2.81003388373
-2.65302683179
-2.92471890511
-2.69767930857
-2.59517968186
-2.66741263647
-2.84025593395
-2.6458998108
-2.56906131373
-2.4318078369
-2.74630168559
-2.78604390879
-2.73479518555
-2.71149955677
-2.63763430541
-2.70410319917
-2.58270187329
-2.87850472996
-2.82994593006
-2.52283275591
-2.73135598423
-2.73471837871
-2.68515780307
-2.62533466963
-2.3178146592
-2.82756669861
-2.89062628385
-2.80833126935
-2.78578497053
-2.65938133324
-2.70542615305
-2.77678189346
-2.61302108212
-2.64984666323
-2.63146908372
-2.64591959064
-2.86773907809
-2.66029807362
-2.73451986584
-2.73542579488
-2.86856590004
-2.43291546268
-2.64406425566
-2.82672420021
-2.84918231854
-2.69525723623
-2.75957852184


-4.81553755489
-4.26649936115
-3.94637865497
-3.40893810507
-3.50977487975
-3.17920040297
-3.31193198683
-2.8910999312
-3.03283126935
-2.77615509362
-3.06875633938
-2.48348968008
-2.91326908523
-3.10602303458
-2.62440272155
-2.70906690179
-2.65953125933
-2.76573254592
-2.75846397857
-2.77842836257
-2.75688579291
-2.91919160647
-2.96834137758
-2.77573125215
-2.65559056956
-2.70207677092
-2.78186124625
-2.76922384959
-2.96806729777
-2.90075696594
-2.42454632906
-2.54517180523
-2.9478308025
-2.56802399381
-2.69956848853
-2.9683495872
-2.29944515701
-3.24197154084
-2.77963553492
-2.80337358101
-2.63310599746
-2.89117686373
-2.82053259279
-2.55774097007
-2.82740983586
-2.73779268874
-2.71533094992
-2.79520278638
-2.71056680918
-2.86084630694
-2.74008325962
-2.74616984864
-2.62828994054
-2.87778967025
-2.70189398742
-2.90440755168
-2.59583215391
-2.79974724802
-2.57142277262
-2.6300875473
-2.83868634822
-2.56781338149
-2.75293513856
-2.70892730412
-2.74289858224
-2.88109204384
-2.73388140695
-2.85130105902
-2.75061756106
-3.08135908398
-3.06654782034
-2.79514984388
-2.83275092142
-3.16666399691
-3.12956335692
-2.68677906777
-2.73217264031
-2.63700963192
-2.89989747653
-2.84766302634
-2.75254382279
-2.94839809082
-2.89693903877
-3.03605744754
-2.77947670647
-2.94287736498
-2.94324523318
-2.73866028098
-2.65960906036
-2.96009176127
-2.70554630449
-2.67719384245
-2.83384118384
-2.6021880805
-2.95569397476
-2.86708684985
-2.87289219655
-2.81300249398
-2.93090434419
-2.9983001376
-2.76253009976
-2.91863761213
-2.75533346942
-2.86575481596
-2.77410237604
-2.83366924665
-2.79233460253
-2.8010448425
-2.65504675055
-2.57922943388


-4.35503011583
-3.70126150406
-3.83804613249
-4.10768355939
-3.67940953671
-3.18261016512
-2.85194536587
-3.11546532999
-2.89702936735
-2.8465590683
-2.69775251855
-2.60635323603
-2.52996177567
-2.76528164491
-2.60311903533
-2.77205564155
-2.57012907268
-2.68268550052
-2.79283384933
-2.70301657802
-3.04066511868
-2.61593369453
-2.66900240798
-2.76241013544
-2.68378386483
-2.46604035825
-2.85403793798
-2.83537109365
-2.51465742788
-2.75140537997
-2.79686618507
-2.76866146702
-2.71349029436
-3.04110360554
-2.65777142611
-2.77901836227
-2.78912210339
-2.63903908054
-2.59461162711
-2.92400465625
-2.64302818037
-3.06941857094
-3.04774707602
-2.86433169651
-2.92893968897
-3.02348572411
-2.91507054401
-2.65695924956
-2.92718633027
-2.87929721551
-2.93993653251
-2.44248937767
-2.72594675225
-2.6022997076
-2.83076243399
-2.8002247595
-2.976165887
-2.66314000688
-2.78054390596
-2.75219900241
-2.97996160745
-2.71204007001
-2.78616391469
-2.58841133471
-2.8102835643
-2.49827841663
-2.87258863599
-2.93198283364
-3.03324148607
-2.74019711042
-2.65775775128
-2.96135968598
-2.84737118532
-2.63024131742
-2.584374613
-2.7527629859
-2.77403379773
-2.99114619883
-2.580702105
-2.71707528625
-2.77653114026
-2.72390918473
-2.64354023634
-2.97559501695
-2.73903107702
-2.76859793715
-2.79738021524
-2.73186611136
-2.67052022212
-2.62181733935
-2.82470477098
-3.04430693154
-2.79152567694
-2.84381350435
-2.63082016315
-3.02168333447
-2.6488620571
-2.74663764804
-2.78179200452
-2.80843093027
-2.76161807706
-2.67293940734
-3.18643096807
-2.62832248513


-4.36391550615
-3.30869362131
-3.20311458794
-2.66805185759
-2.70909563123
-2.78694686471
-2.37008461009
-2.78105750897
-2.59265084279
-2.39785662592
-2.53702212639
-2.77033900267
-2.54700378397
-2.91052167183
-2.82014862004
-2.87337183645
-2.62609661408
-2.54018207283
-2.48230976952
-2.72899938572
-2.72298484144
-2.54293911249
-2.8100854096
-2.68786824244
-2.89142935771
-2.51608479532
-2.48448402397
-2.90814404885
-2.85102833063
-2.60864183744
-2.62191358959
-2.47182749767
-2.35813570691
-2.60593129884
-2.82621749226
-2.79673391813
-2.78446336369
-2.55857703648
-3.13060498437
-2.28609606123
-2.77690407391
-2.93394671634
-2.40300622503
-2.63727863777
-2.51900002457
-2.53199884515
-2.52176857585
-2.77854166052
-2.63653414078
-2.70266357069
-2.54234674923
-2.73306657575
-2.61311312595
-3.00018476527
-2.75978299916
-2.77377966976
-2.87645972775
-2.72213324086
-2.68670605435
-2.99234245588
-2.53724251806
-2.67547483528
-2.55035276918
-2.49379425279
-2.50942991056
-2.709249914
-2.48018876849
-2.41446997395
-2.85485610331
-2.74144669555
-2.58170589558
-2.58116648238
-2.49760827313
-2.62121134567
-2.81319736842
-2.53362112672
-2.5446749226
-2.67632958244
-2.73890509362
-2.77415875473
-2.6985037594
-2.84941060986
-2.36225309598
-2.78130615755
-2.61626375989
-2.76299321276
-2.58619195046
-2.75858324733
-2.5190291292
-2.62456462234
-2.67060663915
-2.69743141413
-2.91060267089
-3.00055587026
-2.84126332989
-2.63873909793
-2.66170634921
-2.3581475219
-2.84727304782
-2.38349337805
-2.38984330925
-2.46837134503
-2.5642120743
-2.5582282951


-4.3849872721
-4.33677417242
-3.65086697135
-3.81932963725
-3.13871262621
-3.3741996044
-2.98223003587
-2.940610322
-3.17789815224
-2.91309785493
-3.05218843678
-2.51434602437
-2.44440933215
-2.80756132601
-2.61805008846
-2.69018312939
-2.71693833849
-2.75521889282
-2.92764647667
-3.09646366576
-2.69112248476
-3.15393045113
-2.85934419571
-2.93261058283
-2.81825269055
-2.99710404688
-2.66702599636
-3.29949501204
-2.60325448425
-2.84181015038
-2.83325457025
-2.63403302374
-2.66491711565
-2.90827836182
-2.6272823726
-3.16085100005
-2.94889485781
-2.7147066932
-3.06112841261
-2.72859195311
-2.85887953954
-2.63178707043
-2.70503926483
-2.76692201469
-2.87585699543
-2.63649449604
-2.68004807362
-2.93797349658
-2.81906892231
-2.65277794978
-2.85316735466
-2.72179725993
-2.83429495779
-2.85359640523
-2.72427456462
-2.78726472874
-2.87828067718
-2.84181914345
-2.76776297267
-3.18421087031
-2.7333077424
-2.62628417858
-2.65271493685
-2.82170424742
-2.78758623274
-2.78593272508
-3.10905510099
-2.69146567399
-2.82740241535
-2.74184559816
-3.04376636332
-2.85835792914
-2.9784110701
-2.9011879085
-2.79916832428
-2.56915945123
-2.71650238341
-2.78322459335
-2.88011853162
-2.74762098875
-2.74885601825
-2.88183634331
-2.73085367831
-2.7360130328
-2.81805258244
-2.71219538288
-2.64269336804
-2.90454614194
-3.024178682
-2.71145019411
-2.85438682491
-2.84438263929
-2.75405435157
-2.82107921765
-2.82848937294
-2.94526739532
-2.92043902649
-2.94621534228
-2.95784064327
-2.54437080257
-2.78129573935
-2.60356402034
-2.8042714091
-2.77628310879


-4.3534199611
-4.23087507487
-3.83919840608
-3.98263883975
-3.77279737222
-3.70050429902
-3.10010818808
-2.85011773684
-2.75588813835
-2.97952142611
-3.13959450096
-2.9582710944
-3.14829403165
-3.10974571894
-2.76980844268
-3.11605451789
-2.95432835199
-3.2893637648
-2.94787813897
-2.93027959193
-2.988083225
-2.94477254411
-2.51495158239
-2.52060242518
-2.70842230353
-2.48667120006
-2.50643008256
-2.41740683723
-2.3170573984
-2.60937815126
-2.4421771463
-2.78853026841
-2.41228586171
-2.60361996904
-2.85499699002
-2.51186750152
-2.68426846528
-2.39360880803
-2.43301332989
-2.61013542435
-2.58096301368
-2.22543171655
-2.55132588447
-2.53388616148
-2.46617796943
-2.72732621524
-2.42718446852
-2.42251026321
-2.48711569176
-2.49993249054
-2.53698658411
-2.52102216325
-2.26753594771
-2.49154060396
-2.36830823382
-2.22700584795
-2.40040035987
-2.47628629171
-2.68732929798
-2.57468776253
-2.41695654578
-2.20706377841
-2.50165178879
-2.45630792668
-2.44599798516
-2.2227465846
-2.39366417269
-2.23791828837
-2.70455331957
-2.51608462332
-2.55893902649
-2.72461000352
-2.73165460219
-2.57581054352
-2.88009503147
-2.55488931889
-2.41715314493
-2.65315214739
-2.39583402133
-2.61033814929
-2.31401814585
-2.47697987616
-2.46927011533
-2.61503964568
-2.74249511032
-2.62164542484
-2.3750593641
-2.73621034762
-2.72318710804
-2.61977235982
-2.52779709455
-2.54726858436
-2.46963625977
-2.82572162023
-2.44042262519
-2.59143073447
-2.50218558652
-2.56355211558
-2.47304679686
-2.46313241437
-2.73983005307
-2.32580220158
-2.50398203276
-2.63892579488
-2.35372036331
-2.55472929874
-2.3906324758
-2.56557073113
-2.22172278736
-2.58830314757
-2.5773821318
-2.58681387764
-2.55035784314
-2.63404758219
-2.59605454341
-2.57439172876
-2.65780089596
-2.59824877616
-2.38521725127
-2.57455710354
-2.4122767524
-2.58746069831
-2.58554215762


-4.47459687208
-3.88271209415
-3.8256710583
-3.45720715911
-3.72633809637
-3.52353844831
-3.90117810458
-3.45552978033
-3.01225436801
-2.73116492211
-2.61338477037
-2.84769962897
-2.81036030404
-2.54687891297
-2.96028908054
-2.78194381788
-2.72008427933
-2.87082350484
-2.70489688682
-2.7536102549
-2.92257934051
-2.9934129687
-2.69813161022
-2.79858622423
-2.89420423608
-3.22335333432
-2.94106973316
-2.85970068554
-2.64485285518
-2.26773125215
-2.65118446852
-2.92311502739
-2.86493898113
-2.64145777434
-2.80318128655
-2.84223057644
-2.57073305814
-2.83927739692
-2.67366946779
-2.71503431373
-2.69954340508
-2.68427742149
-2.71322567448
-2.96302124183
-2.80548176815
-2.73374667885
-2.76099089301
-2.76604769276
-2.83088949088
-2.71547013367
-2.65653441201
-2.8275603838
-2.75477537641
-2.57177560322
-2.83897325421
-2.62956422164
-2.83634055728
-2.95435845742
-2.81712048504
-2.83498374613
-3.0568768178
-3.01236052613
-2.87947330336
-2.94303862598
-2.86777015692
-2.91749105607
-2.69511721706
-2.95299331662
-2.89274701082
-2.86654468279
-2.59088264685
-2.57762679606
-2.55529777309
-2.95486162711
-2.81509538552
-2.71404720701
-2.9070567104
-2.4998527349
-2.81939412918
-2.70817117549
-2.42988341801
-2.54520261438
-2.54152484152
-2.70871714826
-2.7585736551
-2.87895390437
-2.891185991
-2.89457897194
-3.01158873144
-2.78912060789
-2.58020779891
-2.70682231975
-2.68802743378
-2.87177239668
-2.76613906089
-2.73232370141
-2.66025855079
-3.06444289646
-2.66616715809
-2.63041417269
-2.59397907382
-2.77187588315
-2.63849703917
-2.76228396973
-2.8734344931
-2.68443432299
-2.76437082903
-2.63429487936
-2.88723314413
-2.87005287918


-4.64139579246
-4.22807702325
-4.20311919505
-3.85375432454
-3.46424610546
-3.39431654362
-3.45987175045
-3.15553603371
-3.1625036819
-3.12631948744
-2.87587140646
-3.14503496203
-3.12842643373
-2.7628798325
-3.00376000333
-2.95347416051
-2.81418176285
-2.511816434
-2.75213587891
-2.80080932062
-2.55122247335
-2.75707911275
-2.75792810458
-2.79215098833
-2.74937808983
-2.37322580962
-2.89405843039
-2.74398729667
-2.66858651436
-2.63629153767
-2.5610383916
-2.34003670186
-2.44272101823
-2.67081246926
-2.74163020296
-2.67194265074
-2.57033626865
-2.75116298098
-2.7229123667
-2.50593046341
-2.79189551084
-2.78423245614
-2.84488547349
-2.83754471964
-2.49535391363
-2.69997509895
-2.71121523171
-2.76744864329
-2.93555209101
-2.54457216665
-2.7175379257
-2.6819178338
-2.50974621603
-2.42923352499
-2.73031705489
-2.8035431348
-2.78328411432
-2.63547909555
-2.7441996044
-2.60125509853
-2.72604278797
-2.86676548323
-2.46607263256
-2.82525609367
-2.63537326159
-2.64690412305
-2.45799044179
-2.63020969278
-2.75902080522
-2.74261179911
-2.68126974677
-2.72509011121
-2.61687719298
-2.70278462087
-2.80477966976
-2.61108689616
-2.52928290088
-2.79975687994
-2.82142063492
-2.65703267974
-2.81548933609
-2.71154896291
-2.86907223942
-2.59904145167
-2.71418504595
-2.58132344341
-2.64798515898
-2.61314447884
-2.74321768221
-2.43585813421
-2.62113804874
-2.80509717922
-2.76926762986
-3.00187168336
-2.50355269301
-2.55294035617
-2.80909425525
-2.57894332645
-2.80934290572
-2.58134330925
-2.62868623207
-2.8891056563
-2.7522200127
-2.77314285714
-2.61311309099
-2.76780569972
-2.61751313427
-2.58174944715
-2.7069707867
-2.7477782692
-2.65265710751
-2.52553156175
-2.5584559778
-2.58350277182
-2.58967344833
-2.5565263035
-2.69868851049
-2.66455744754
-2.45354033368
-2.82973904501
-2.75350266598


-4.53086049778
-4.26274712517
-3.86598203937
-3.71819871984
-3.73097938474
-3.30295056363
-4.0369412379
-3.32959115927
-3.00236592707
-2.88254194309
-2.98121214707
-2.94018644651
-2.71831682525
-2.71662034611
-2.55728464449
-2.67835166347
-2.68963140695
-2.93856769374
-2.63385244975
-2.82732574555
-2.79868633594
-2.72223957063
-2.70318225239
-2.58621413829
-2.82798022016
-2.88377985482
-3.02141537668
-2.85798293528
-3.00975924265
-2.93417351259
-2.82545768834
-3.08010209347
-2.64381117292
-2.59668489285
-2.83620743034
-2.70681553148
-2.83988353236
-2.85309567033
-3.20940125045
-2.71516755312
-2.68628052976
-2.581321748
-2.9076522254
-2.76833425759
-2.81511940674
-2.80788157895
-2.8349249226
-2.75098099415
-2.94746362229
-2.69512805298
-2.8096750086
-2.63938747604
-2.55284871492
-2.8117245442
-2.78219484987
-2.6634699267
-2.54914019116
-2.73892199862
-2.74872951653
-2.72306554093
-2.51039043688
-2.82458170175
-2.6344781231
-2.81414723082
-2.72945295838
-2.85166340814
-2.71870070349
-2.69496125117
-2.67962690852
-2.61926342251
-2.715576718
-2.76933706816
-2.9817895474
-2.86177296182
-2.52737606271
-2.82184342833
-2.75809342833
-2.60755624355
-2.93061443579
-2.74703653648
-2.67098022016
-2.93596174259
-2.60510251118
-2.80249787459
-2.77480426557
-2.75206383606
-2.88794134374
-2.63291425869
-2.64529498993
-2.85033380019
-3.01833135535
-2.60696646688
-3.07855675955
-2.67126603273
-2.85443249054
-2.71088603863
-2.85520072239
-3.0309034842
-2.84111477446
-2.97127851491
-2.57649807494
-2.79439498161
-2.64929127967
-2.91468817973
-2.65878869969
-2.73506228807
-2.80371524305
-2.67995634921
-2.73835219648
-2.70910192705
-2.77445472467
-2.62237761069
-2.82026580042
-2.89089490884
-3.01695390437
-2.78080958524
-2.62838921966
-2.77027109913
-2.67180298786
-2.858625043
-2.81727728635
-2.87363283492
-2.65635964912
-2.59740984815
-2.48760520362
-2.95600533196
-2.60525695933
-2.94265393877
-2.71587807755
-2.78093938372
-2.65966681409
-2.67421570612
-2.88416777143
-2.72718569709
-2.83833708045
-2.62997481449
-2.79479410536
-2.77035275234
-2.79574950763
-2.78699808439


-4.42948535555
-3.86721407119
-3.66006364611
-3.35281308097
-3.1816996044
-3.08980116959
-3.31397592019
-3.48167983779
-3.11304494551
-3.27186565679
-3.30573030616
-2.84075399377
-2.78390458991
-2.7102002064
-3.21324984699
-2.83728092006
-3.22003076267
-2.79802339181
-3.04242174063
-2.78963870649
-3.08124847942
-2.76553120641
-2.8111819547
-3.2512339427
-3.10059998034
-2.64717922257
-3.06036085311
-2.97870502236
-2.98294373188
-2.86794891641
-2.87873781267
-2.93678545534
-2.91027125412
-3.26079564106
-2.63298823038
-2.88336304279
-2.5849052023
-2.88881506462
-3.28709838321
-2.80431871345
-2.97033411583
-3.02356135437
-2.75310367831
-2.97899251583
-2.76575410151
-2.86941322669
-2.92006329549
-2.81109356725
-2.72323572411
-2.95421039117
-2.65003646371
-2.87157008944
-2.87710002382
-2.7003245614
-2.9210275727
-3.04991196128
-2.77046171802
-2.92833866529
-2.86988543663
-2.92187611468
-2.88468997248
-2.83871590742
-2.83924524117
-3.16653683228
-2.96527078056
-2.80297687942
-2.84754256966
-3.03934336596
-2.71798141186
-2.79286195882
-2.80148407784
-3.11952525639
-2.94331466366
-2.83714364342
-2.71737142441
-2.69565830489
-2.96286038626
-2.77587435501
-2.97651932527
-2.74615239078
-2.69295197269
-3.27241922018
-2.93926841614
-2.90498039216
-3.03712833554
-2.90674927893
-2.93766159271
-2.91403448572
-3.13478968726
-3.0702224547
-2.92664787251
-2.89000799794
-2.84484927895
-2.81723930962
-3.01838596491
-2.92574103623
-2.68255916564
-2.74198978026
-3.06622224868
-2.92328607057
-3.11449561404
-2.62166204917
-3.14884942182
-2.6796772323
-3.03569704427
-2.77004245909
-3.04077932577
-3.20565239362
-3.1603790207
-2.95826701463
-2.99949625194
-2.7177880117
-2.6948059487
-2.77505091159
-2.45482969679
-2.82273658411
-2.85712103222
-2.6438628311
-2.68560997894
-2.75389467851
-2.95748065015
-3.03004816907
-2.84196298344
-2.71501361246
-2.67967235491
-2.93720648916
-2.89432284142
-2.61930871768
-2.78736143526
-3.16978611971
-2.95339059659
-2.75534064327
-2.89326673679
-2.90496830311
-2.75269667381
-3.03715264878
-2.85769869432
-2.93097487592
-2.87591078186
-2.57098472898
-2.86088490835
-2.59753904369
-2.80848950808
-2.84536397314
-2.60968973794
-2.79158935329
-3.03615935673
-2.65873190329
-2.79527481411
-2.82493272397
-2.88224601757
-2.72405845496
-2.97666169099
-2.92057845594
-2.64757400855
-2.83239256701
-2.70369159418
-2.76127894491
-2.60065118679
-2.90513355693
-2.80153720274
-2.52028654971
-2.76774674998
-2.77924993857
-2.98889619883
-2.71099888201
-2.76805572755
-2.77006802546
-2.93953646371
-2.70021067787
-2.92542328861
-2.85121208753
-3.23686102511
-3.08232803445
-2.87335921913
-2.98917414861
-2.54799603836
-3.00717880108
-2.99508630662
-2.88637048504
-2.80233247334
-2.46582581454
-2.52338433565
-2.85823271414
-2.49408570162
-2.65045132439
-3.00118912477
-2.76170180731
-2.69896746391
-2.54828756941
-2.82841353383
-2.65423395499
-2.80640250135
-2.8527001204
-2.86362731584
-2.81872517747
-2.66584294069
-2.74273477812
-2.73109379312
-2.728268109
-2.74966606467
-2.8060965158
-2.91834517667
-2.53295469065
-2.79988931889
-2.7267066932
-2.58533228811
-3.07507372598
-2.80971375743
-2.72945462638


-4.68962900558
-4.36062462529
-3.78080008279
-3.54549313569
-3.48230045702
-3.28302734778
-2.98015198063
-2.90695005897
-2.59533624408
-2.92521636576
-2.92655819026
-2.88117773601
-2.8405121741
-2.87564155487
-2.60383251303
-2.95338129638
-2.81562856897
-3.22632533256
-3.09207069143
-2.97990586761
-2.9614119367
-2.89133875129
-3.275680505
-3.02112691041
-3.23584090316
-2.93035127033
-3.2281874785
-3.05145884319
-3.11191176471
-3.0313611045
-2.80808007765
-3.03574616689
-2.77655684555
-2.6153108138
-2.67824670556
-2.6808180453
-2.80109908684
-2.49657808299
-2.56365623618
-2.69000114926
-2.68693243762
-2.7470806305
-2.69165620877
-2.93583903008
-2.58581060494
-2.88556460533
-2.79076681901
-2.44468493538
-2.89094701214
-2.69430284988
-2.60008158989
-2.64779378688
-2.65338278294
-2.59758355825
-2.66711452651
-2.84695721487
-2.63282037201
-3.03305916753
-2.84126148052
-2.74292178977
-2.68022706275
-2.67317225662
-2.77616967664
-2.88942968942
-2.81980012506
-2.76455970809
-2.60273503612
-2.71352020984
-2.80994331082
-2.72866331269
-2.76715721336
-2.68733139221
-2.94260801514
-2.89054694334
-2.57574071869
-2.61572940931
-2.62530469556
-2.81398006045
-2.77780456042
-2.51364877881
-2.72596867168
-2.90019664357
-2.91416321441
-2.64655980638
-2.86984508878
-2.72377218782
-2.62483823529
-2.82309583915
-2.69434504342
-2.89622229499
-2.62131316886
-2.6457414615
-2.89395603073
-2.56920639835
-2.50859789368
-2.79201378446
-2.61669687605
-2.6082588447
-2.74811538556
-2.74689532655
-2.61013149295
-2.60624923924
-2.7476995184
-2.88081676004
-2.98935401948
-2.76816271852
-3.08097884417
-2.76159840778
-2.64300584795
-2.43827873228
-2.52911990443
-2.70358300257
-2.63828654971
-2.80994728242
-2.63830271096
-2.52001754386
-2.68135321481
-2.69670842453
-2.71317911011
-2.65247643619
-2.6291906652
-2.56072779989
-2.66870171564
-2.63647857956
-2.66080942552
-2.70086059512
-2.65437569036
-2.82195056268
-2.45781861517


-5.04135913029
-4.50814252543
-4.11890479876
-3.76390430167
-3.71077915849
-3.22823796671
-3.22195089439
-3.0623879429
-3.30213135781
-3.10247422478
-3.1886557939
-3.16117274049
-3.12656836945
-3.124170005
-3.285720919
-3.09618596179
-3.07218295739
-2.89221712481
-2.95634697037
-3.35839091885
-2.75597791991
-2.90870113675
-2.7112668715
-2.64094785985
-2.82891151332
-2.65857594968
-2.56738334808
-2.72091501945
-2.57011981878
-2.61078095975
-2.5586978107
-2.92131054798
-2.64768894049
-2.77049180455
-2.56938248808
-2.64465402477
-2.57651539388
-2.72708939014
-2.48031345804
-2.76556510148
-2.69255383557
-2.44124466804
-2.51305333186
-2.74903103347
-2.46353432601
-2.42543610251
-2.53330801268
-2.6871906359
-2.66471102908
-2.40025111017
-2.54931014943
-2.86739866042
-2.85818003625
-2.56580775468
-2.53349426451
-2.51596525628
-2.66185177404
-2.6388629171
-2.53176934985
-2.54866919192
-2.63983470743
-2.94410849427
-2.40979557964
-2.5229060122
-2.36556879378
-2.75400997592
-2.50860384473
-2.73248205072
-2.67431514117
-2.79138470138
-2.53178750799
-2.84942707258
-2.64031535948
-2.71560904713
-2.50245152946
-2.70665299278
-3.01327626665
-2.65920330237
-2.86981616655
-2.62181136442
-2.78376345275
-2.55866881665
-2.69606416777
-2.52141647482
-2.72841794532
-2.5993630494
-2.69828127918
-2.66953379773
-2.64546577227
-2.40197834707
-2.57736593936
-2.82805252101
-2.75471338886
-2.78658031107
-2.69353717438
-2.70668403853
-2.64832253428
-2.62998514386
-2.50375748194
-2.46885157747
-2.81033969728
-2.34711598756
-2.79187365473
-2.33814396285
-2.71132052605
-2.59928428915
-2.71112650499
-2.61704049339
-2.54946772285
-2.5169126247
-2.57718593051
-2.60817681459
-2.33723225957
-2.58631169458
-2.55135947712
-2.7188873409
-2.39022576048
-3.15990813761
-2.61008247334
-2.76459812521
-2.51702911407
-2.83592396432
-2.77004463364
-2.81798159615


