-5.57219189933
-5.3356106652
-5.44731879132
-5.24180969782
-5.29633228787
-5.33928172615
-5.26121508591
-5.21890959974
-5.2404500445
-5.25249425888
-5.27519120166
-5.18784632224
-5.16422119174
-5.10370124175
-5.18033892114
-5.12209351112
-5.09620285383
-4.99585781344
-5.04084551308
-5.17933845433
-5.13629020977
-4.9329131967
-5.12193895818
-5.06741976488
-5.03989258006
-4.95176256576
-5.1004877906
-5.07747994216
-5.01034864264
-5.04814876593
-5.02942361778
-5.02318589593
-5.0140550956
-5.1738039513
-5.07743479705
-5.10433706437
-5.08792032634
-5.08636253614
-5.02445801919
-5.02424743348
-5.11092523852
-5.17596892314
-5.06142501252
-5.05499766092
-4.97846486552
-4.98179543286
-5.13708867212
-4.98389241132
-5.1681632179
-5.08736089872
-5.09346478026
-5.0989484064
-5.05517666438
-5.10971355156
-5.10943220243
-5.16692500274
-5.07425580407
-5.05037653867
-4.9762037841
-5.0329893169
-5.11100280831
-5.03283555433
-5.08899586137
-5.08755904371
-5.10826886794
-5.08007407962
-5.07692504111
-5.08622996433
-5.08850200258
-5.02293225014
-5.04457255365
-5.00465245701
-5.03614889847
-5.06960331654
-5.10698658066
-5.22659292599
-5.04373656182
-5.04701980647
-5.02374968287
-5.10182397317
-5.04671583333
-5.13425052731
-5.10811479163
-5.01610504908
-4.99420664322
-5.11134984613
-5.16797232998
-5.16899216432
-5.00803570349
-5.08868153874
-5.06719891383
-4.97122560966
-5.08183781894
-5.00991095386
-5.11314437394
-5.09341848811
-4.98952112301
-5.02619624859
-5.04128641415
-5.05913402447
-5.19831049035
-5.07994918167
-4.99276717436
-5.11369727291
-5.08477619779
-5.10660209366
-5.20806066043
-5.02087097003
-5.15638020826
-5.10003565185
-5.01691651487
-5.06479764776
-4.94537895271
-5.06758240147
-5.04189998204
-5.13336285977


-5.68162593813
-5.62644232024
-5.50788187578
-5.48719989433
-5.42164065878
-5.42040205855
-5.60427174019
-5.39459379984
-5.53545740825
-5.26600677707
-5.26045426942
-5.28523198415
-5.18615269874
-5.26337095614
-5.26211107142
-5.16565505621
-5.17901809525
-5.1514268481
-5.15779401549
-5.1505153065
-5.0710830048
-5.13071426944
-5.06560763321
-5.10631139867
-5.10142707487
-5.05155560787
-5.09185309084
-5.11924066959
-5.08091217918
-5.0223814432
-5.15549316656
-5.20310222451
-5.20597554433
-4.98149253675
-5.07955604187
-5.21263190529
-5.10409856818
-5.12258514334
-5.10590050517
-5.0552431453
-5.15263471368
-5.184445172
-5.11865060759
-5.07857505978
-5.14801416893
-5.12912881487
-5.13664919334
-5.12678440933
-5.09151025302
-4.99502520307
-5.02645417698
-5.06698794602
-5.15525494387
-4.99745070907
-5.13247275468
-5.14557500862
-5.03692044211
-5.07036296709
-5.09445392002
-5.18336638575
-5.10758973453
-5.15511949937
-5.06644899845
-5.06572470707
-5.11479300275
-5.09311620568
-5.14625479151
-5.15541996434
-5.12806201274
-5.15188640249
-5.14927757021
-4.99774222949
-5.17032409007
-5.15443069923
-5.14421987419
-5.05271900681
-5.01876018349
-5.07701754219
-5.0463567862
-5.22474676833
-5.17155472477
-5.13308402021
-5.07215793026
-5.14196566823
-5.13452023312
-5.14549387757
-5.16981021016
-5.1392798727
-5.1342422224
-5.10996659662
-5.13647103633
-5.04850156604
-4.99066312325
-5.13434939083
-5.04398414503
-5.06712959208
-5.05099478302
-5.15937402347
-5.13569572785
-5.13861732272
-5.09853327875
-5.05393805185
-5.10971864855
-5.04940890245
-5.05087857215
-5.14601547018
-5.06254461473
-4.99259069372
-5.07681507352
-5.09056449318
-5.19629987151
-5.13032440118
-5.11838518839
-5.12824153005
-5.14415238504
-5.02174393274
-5.11004340586
-5.11118197341
-5.11599678499
-5.12356570855
-5.07452728792
-5.1302643784


-5.74381478878
-5.66755883884
-5.43167721512
-5.50848139381
-5.56278327592
-5.47010119612
-5.36924048247
-5.50934568977
-5.44705029998
-5.35798478099
-5.42042039749
-5.32682125305
-5.31051148618
-5.55107963364
-5.42079363887
-5.17538739545
-5.19560590204
-5.21544734645
-5.2115775705
-5.39632867545
-5.23373692936
-5.21973640779
-5.27602017539
-5.12350584323
-5.18143302427
-5.14872315858
-5.27925959836
-5.17991821365
-5.15627335877
-5.2172629144
-5.18009753937
-5.24524365792
-5.28355712641
-5.27009381321
-5.25678261982
-5.21978300023
-5.3931224773
-5.30065116106
-5.25913950993
-5.36584134985
-5.30196097456
-5.26097920937
-5.14485030527
-5.16483255606
-5.00061737407
-5.15288135779
-5.08234989905
-5.03048887482
-5.00135477224
-5.04221322811
-5.14418906723
-5.13150466101
-5.14938227892
-5.17196193291
-5.05938010846
-5.17739168769
-5.1123928936
-5.09296484043
-5.15704206199
-5.06127312847
-5.04899014852
-5.11810461592
-5.14458273243
-5.09777623915
-5.01263260993
-5.06734775081
-5.12694634127
-5.12604826404
-5.02416437884
-5.04374316645
-5.16887433967
-5.17336765339
-5.15868876611
-5.09087811386
-5.07989741197
-5.11678218811
-5.01025102108
-5.15060832363
-5.15578651877
-5.05265601829
-5.00604220805
-5.09119752202
-5.08149410718
-5.16812882611
-5.14175191317
-5.16928136146
-5.13983095082
-5.00956966818
-5.02959346886
-5.16760836278
-5.06722601459
-5.06483502113
-5.02459836097
-5.19245934039
-5.06191072509
-5.0650964342
-5.08780476328
-5.04556671914
-5.09848739772
-5.09589901598
-5.03693481869
-5.16500007943
-5.10514223629
-5.17446493832
-5.13637452178
-5.10223462617
-5.04599137274
-5.1124671919
-5.05909381073
-5.15375768911
-5.04223438158
-5.07826917572
-5.02258172925
-5.11541221441
-5.02532191251
-5.0736925978
-5.01106806281
-5.18476235402
-5.04120591372
-5.14502381544
-5.03943177959
-5.21802154411
-5.08645304557
-5.1684701711
-5.05012208477
-5.07535036765
-5.11043026904
-5.08362193342
-5.20396822351
-5.09356021256
-5.0572378832
-5.0674798585
-5.07125997941
-5.09353533666
-5.05100087734
-5.07732483087
-5.07747285439
-5.04443304599
-5.01800088235
-5.20788790617
-5.06658183458
-5.09827645111
-5.04411626298
-5.06663026423
-5.06203939443
-5.01753715725
-5.02007480333
-5.12618014003
-5.07743367576
-5.06159786031


-5.6209279022
-5.56271212795
-5.54955272133
-5.49149544577
-5.55895275438
-5.38227700927
-5.22750948126
-5.19647986734
-5.19713875458
-5.16724693222
-5.14590413662
-5.22149577314
-5.0879172335
-5.18674280959
-5.12562118243
-5.25257855726
-5.19267281213
-5.2586668448
-5.17297484487
-5.08557049383
-5.05119252955
-5.21848624222
-5.11289858109
-5.26420082086
-5.19323227127
-5.18895776107
-5.13286148381
-5.11687226847
-5.20463156096
-5.08334559786
-5.18679951012
-5.18020286505
-5.19224469613
-5.03749949595
-5.19033225884
-5.10076567194
-5.11493241418
-5.12620703167
-5.17042837988
-5.15415718
-5.08589280812
-5.16881993927
-5.10857237132
-5.10860714663
-5.13956906524
-5.18452072255
-5.15181237776
-5.16578395036
-5.18571486012
-5.13360412049
-5.10508837214
-5.01405508051
-5.15641500394
-5.16373274194
-5.19035059583
-5.10234853547
-5.15191586266
-5.11722809333
-5.08606748791
-5.14904952396
-5.09983312223
-5.1733944624
-5.09280929109
-5.12340253061
-5.05617912542
-5.19663821752
-5.15581556495
-5.09169522203
-5.20158954792
-5.22282004385
-5.17810339271
-5.22277015962
-5.11651685022
-5.18665116749
-5.15364277557
-5.12086832741
-5.14843034442
-5.17228822825
-5.18315674213
-5.33734288676
-5.02506540409
-5.2302905636
-5.15035917077
-5.12932187671
-5.22653645579
-5.11381679754
-5.12369057697
-5.19610852268
-5.10223907914
-5.07608893045
-5.0851928333
-5.10648522951
-5.17613164015
-5.20331419512
-5.1632323285
-5.20579300815
-5.19683133964
-5.14081397142
-5.18099293562
-5.06496748641
-5.14148533157
-5.07520907832
-5.13135653614
-5.2367652529
-5.17022899325
-5.1996547053
-5.25727479738
-5.24687849242
-5.23701548352
-5.09228360917
-5.1138077046
-5.09919231804
-5.10688493818
-5.24550502248
-5.2112913133


-5.60788443
-5.5684586488
-5.41677143772
-5.5790623144
-5.4090095198
-5.4551552617
-5.57133844012
-5.44686192894
-5.37395820352
-5.50977584233
-5.44243415118
-5.29819716994
-5.45230385052
-5.37157356324
-5.36644144288
-5.15844306324
-5.12449249931
-5.04218857436
-5.13752910528
-5.09032263204
-5.08228647829
-5.11302814112
-5.20169146864
-5.08539668297
-5.08938701907
-5.10168351134
-5.17758396376
-5.11672858322
-5.07658514022
-5.09746190839
-5.0413155276
-5.08294872149
-5.12898453908
-5.08110919893
-5.04072441336
-5.00259250201
-5.11176505634
-5.05847738847
-5.13741197896
-5.0520675476
-4.99138854403
-5.17149248568
-5.11255263031
-5.16263442877
-5.1155241574
-5.03393296297
-5.02652325043
-5.15911937506
-5.00415779176
-4.96212448314
-5.04858493815
-5.06865563078
-5.03860111407
-5.11377632535
-4.98656725305
-5.03865295185
-5.04724483183
-5.21203054925
-4.97968752886
-5.02907381347
-5.11124777654
-5.22544180381
-5.02037402708
-5.15705651807
-5.0489499613
-5.01879508706
-5.09892279638
-5.08332482461
-5.08641491299
-4.9859100584
-5.06381886125
-5.02406073819
-5.09175668119
-5.02525736283
-5.09010197213
-5.0505049882
-5.16789677183
-5.19315205666
-5.06992554183
-5.03856643492
-5.0332881299
-5.16217055322
-5.0614541843
-5.06899325463
-5.16029509152
-4.99928563371
-5.0382474359
-5.06074377235
-5.0735263567
-5.06596260916
-5.03837523077
-5.16567430425
-5.03838412846
-5.0302692374
-5.07964284497
-5.11576371646
-5.05623324097
-5.0955038201
-5.04456451386
-5.12786812725
-5.014292595
-5.05207729326
-5.00345311032
-5.07382753218
-4.98970354237
-5.11001686041
-5.04810942211
-5.04704146157
-5.03801759741
-5.08685021841
-5.09783493624
-5.10448161769
-5.22447883083
-5.10019060551
-5.06124302359
-5.11039851792
-5.12544241001
-5.07824678569
-5.11197065471
-5.01720039208
-5.00552003568
-5.07222917764
-5.06663152048
-5.17669637169
-5.050537926
-5.0559730052
-5.102026104
-5.02055650958
-5.08181061169
-5.16876466823


-5.49921786581
-5.37890916772
-5.51112726326
-5.52488982327
-5.43174113571
-5.54104807285
-5.32824958144
-5.32706330718
-5.43907913925
-5.33920535754
-5.23179270487
-5.30369763285
-5.28149804089
-5.17617964885
-5.25096701169
-5.21374127623
-5.21795566699
-5.07158282744
-5.22372825257
-5.19486839515
-5.14022755888
-5.15288172089
-5.17457109365
-5.08017540392
-5.07733581908
-5.10504860488
-5.12869846144
-5.05995457017
-5.07418168338
-5.10918740257
-5.13870555085
-5.09457110182
-5.02657817003
-5.12489362009
-5.05171324956
-5.13200807886
-5.04921807617
-5.16295182149
-5.13264843872
-5.1548297711
-5.06813454927
-5.14337870452
-5.05815308178
-5.11887137874
-5.11110353622
-5.09152546323
-5.06680152409
-5.06914453549
-5.13515902309
-5.03711528112
-5.12199575901
-5.26308698536
-5.0916572872
-5.15796895272
-5.07386328513
-5.15766103357
-5.17305432022
-5.08027479583
-5.26097021863
-5.08489405739
-5.21274246505
-5.11870729368
-5.1334338151
-5.0731386753
-5.13165533156
-5.16483847371
-5.12825024513
-5.08811533522
-5.06812729517
-5.10659753302
-4.99464349237
-5.15242149916
-5.101094388
-5.11352015853
-5.11100433111
-5.21305209508
-5.25216826128
-5.07534488927
-5.08917121109
-5.23409523197
-4.99673449009
-5.1172466181
-5.09369565518
-5.14502251409
-5.13597768187
-5.06950938955
-5.07365434425
-5.10586321759
-5.06735482352
-5.16512757957
-5.09276404875
-5.05422667508
-5.03615824973
-5.11316903868
-5.10489093791
-5.17017717766
-5.05732272851
-5.104557558
-5.03414273065
-5.15963792165
-5.10536689434
-5.21770391385
-5.15216297457
-5.08766864577
-5.10058273862
-5.16305496637
-5.07377929713
-5.13188323147
-5.22840067699
-5.07771805022
-5.15774993742
-5.26656045379
-5.22817302646
-5.29068409259
-5.1545931602
-5.08797224157
-5.08621907695
-5.16831310753
-5.18679724121
-5.09677869729
-5.03026434287
-5.11614837652
-5.18701921974
-5.15386135163


-5.54068352245
-5.48186904676
-5.48298049077
-5.43692877519
-5.37739529577
-5.31493141611
-5.24830195018
-5.23354554498
-5.17542665291
-5.13459473121
-5.13046800776
-5.18576266687
-5.22683510138
-5.1878368401
-5.12446201995
-5.14719449772
-5.04495449734
-5.02716719464
-5.0440734549
-5.07444666744
-5.10423761213
-5.14785723572
-5.00131341823
-5.07164149294
-5.1722852844
-4.95842066215
-5.07830073709
-5.06492422899
-5.17150098607
-4.99729503892
-5.06583527094
-5.02346747876
-5.08427845873
-5.20504483671
-5.13698864677
-5.04456057147
-5.1514645943
-5.06997078008
-5.07512697925
-5.12802040175
-5.04035156203
-4.99741211327
-5.09076035105
-5.02913388853
-5.14396620294
-5.11907937678
-4.89518647241
-5.09240322179
-5.08175912597
-5.04393863013
-5.1853289332
-5.08994432137
-5.03177802924
-5.04589530956
-5.12971942661
-5.06143395224
-5.03542967197
-5.07470335285
-5.06772721507
-5.08330360019
-5.11584791026
-5.04923385591
-5.04776468101
-5.01498116326
-5.02435164709
-4.95840883589
-5.07912615596
-5.01968291982
-5.14347497166
-5.02437062426
-4.99922283277
-4.97599912841
-5.02143481712
-4.94066034399
-5.04511079708
-5.09655720515
-5.07584139266
-4.92526135315
-4.97335470476
-5.06171391057
-5.13007080164
-5.06656399214
-5.01106617442
-5.03458805462
-5.09807314213
-5.1064963973
-5.0803959287
-5.02321796765
-5.10389559263
-5.1137808457
-4.99773211497
-5.00497272661
-5.04546984816
-5.02694774248
-5.11962057547
-5.06026456662
-4.9789794617
-5.00899233275
-5.03857210373
-5.08932411688
-5.0408051234
-5.04973437943
-5.02478337166
-5.19096416975
-4.97227050054
-5.07586823818
-5.10785933939
-5.026886528
-5.16558839437
-5.10945261069
-5.02438365642
-5.00951040339
-5.0237779024
-5.07750830788
-5.18124609335
-4.98207545948
-5.09491673234
-5.07545608972
-5.10850440163
-5.08928813004
-5.0025330951
-5.07283874768
-5.03186521603
-5.07738935971
-5.02530386383
-5.0260216721
-5.14307016413
-5.12041184515
-5.00120402728
-5.09747229191


-5.61944590903
-5.54097177541
-5.56278509028
-5.48583824202
-5.53438651318
-5.50149717528
-5.45669342021
-5.4130135805
-5.31131838077
-5.31046250788
-5.29250541328
-5.30780092479
-5.28628874658
-5.41392045356
-5.22114077877
-5.16327430579
-5.27318413772
-5.2045108922
-5.18005025719
-5.12319247723
-5.13204484016
-5.1593349151
-5.21715242896
-5.17033653594
-5.18716952504
-5.18717057474
-5.16879469823
-5.26015823233
-5.24302162287
-5.20861534792
-5.18754672654
-5.23080346358
-5.19600819183
-5.11484478308
-5.31768214323
-5.27252714636
-5.15675223171
-5.20034792089
-5.1741312682
-5.24613137334
-5.34232821464
-5.20779590158
-5.15605463736
-5.264049871
-5.19934239609
-5.20183693556
-5.20211019649
-5.24331565094
-5.13578912247
-5.15987946159
-5.22295945164
-5.29148291703
-5.1595715999
-5.29160325437
-5.11100950032
-5.22895841182
-5.214648775
-5.2437680216
-5.19718421335
-5.28420210874
-5.28648725696
-5.3040110901
-5.16456976022
-5.29349897769
-5.18206055949
-5.16417048088
-5.12462841051
-5.27202771186
-5.22997197517
-5.20810161052
-5.18178195472
-5.12253010637
-5.23943163046
-5.18737738961
-5.25885182405
-5.20392715956
-5.19314798706
-5.17168974264
-5.23653261815
-5.2204049158
-5.20118935961
-5.22193852347
-5.22263276535
-5.1567352169
-5.20225023091
-5.06109087456
-5.27203302502
-5.13855309541
-5.19051738896
-5.20117591484
-5.24302111514
-5.21247199581
-5.24447293053
-5.23321159523
-5.19640917073
-5.16803726942
-5.19657897872
-5.22876821392
-5.1783177181
-5.14537867592
-5.0908038216
-5.35598978956
-5.19943139726
-5.22210552487
-5.30219649631
-5.17135306553
-5.24639937171
-5.27241088689
-5.15475005838
-5.17720333085
-5.19229084247
-5.29986786829
-5.28670175502
-5.28645773999
-5.163569694
-5.24699044613
-5.20377579057
-5.24738823145
-5.25100643418
-5.1648468786
-5.24147469288
-5.1713837903
-5.14067624194
-5.15721807514
-5.20582466403
-5.28144391606
-5.10835703989
-5.25334514248
-5.14119601546
-5.16019366318
-5.26022294486
-5.1885469938
-5.19716193329
-5.24276951486
-5.26553512223
-5.19808796882
-5.1234809256
-5.23725699937
-5.18762185192
-5.32570141987
-5.17056815439
-5.16661890383
-5.16690835442
-5.20194538893
-5.33122991657
-5.21742330828
-5.15267607237
-5.22521765639
-5.20996106922
-5.27118687365
-5.15200068121
-5.26074007884


-5.52243973218
-5.6816350736
-5.43741630127
-5.49572056975
-5.41876718518
-5.4367075901
-5.46385463208
-5.46448000472
-5.24565555792
-5.1410946633
-5.28801463513
-5.27023030061
-5.19782198201
-5.14899371939
-5.20007194765
-5.1745396129
-5.0033870313
-5.12757142111
-4.98229975072
-5.05686179532
-5.0118313572
-4.93906402467
-5.0446810079
-5.08799925025
-4.98393289767
-5.17512510654
-5.11594947177
-4.96971778435
-4.99830943593
-5.08797189519
-5.06308657413
-5.0503316146
-5.01680791489
-5.04172024382
-5.02296073739
-5.1180467083
-5.07579445096
-5.14100792759
-4.98607699286
-5.05062940622
-5.0470651571
-5.09293323794
-5.031525411
-5.022170628
-5.00171741288
-5.0343421057
-5.05987345662
-5.09998400838
-5.07151433146
-5.04619051911
-5.02029135689
-5.04566217171
-5.0792282311
-5.02607992604
-5.04355525602
-5.05197241907
-5.17733515322
-5.16478497051
-5.14009162357
-5.10217021643
-5.00192024877
-5.03908867978
-5.03390791215
-5.08652913251
-5.02240167325
-5.08137316954
-5.1243839007
-5.06787005902
-5.03583329942
-5.08421505403
-5.06325576382
-5.04554671919
-5.06112679094
-5.11317335197
-5.0336537496
-5.10117379198
-4.96341406662
-4.99077121973
-4.99404634052
-5.04015612384
-5.04487260256
-5.04766723715
-4.94291005983
-5.06108560573
-5.03912186241
-5.04924512697
-5.10887050127
-5.07412359028
-5.05239178536
-5.14539652514
-5.04508242368
-5.18384120461
-5.0350849253
-5.04278915545
-5.06366119291
-5.08762457168
-5.12271918579
-5.1551652823
-5.14806705372
-5.04538487292
-5.14535802166
-5.04464506884
-4.94195503503
-5.01277189698
-4.97801933368
-4.99964712143
-5.09122284594
-5.05452090059
-5.09438560559
-5.04826200159
-5.08400251527
-5.09678831306
-5.04392363315
-4.99580179608
-5.04703204979
-5.11873958914
-5.03147340034
-5.0734244326
-5.10509368235
-5.19736728998
-5.14380695833
-5.0900069907
-4.96022146656
-5.11946612132


-5.73437830246
-5.54387049714
-5.39117385053
-5.52414565681
-5.4346019985
-5.21136015431
-5.42577298962
-5.26045820171
-5.29385953332
-5.11074705655
-5.43114351075
-5.2383468542
-5.33138969401
-5.18043065011
-5.26242169082
-5.22930882852
-5.17798029697
-5.23392288855
-5.32082379392
-5.29565083881
-5.12945172811
-5.24498401327
-5.29689083299
-5.38786942486
-5.18130903336
-5.21876793601
-5.15706239586
-5.07184893448
-5.21633546174
-5.12119851764
-5.24346002677
-5.23268690914
-5.13902725213
-5.20141859606
-5.19088425923
-5.17222240579
-5.13666343455
-5.17883706716
-5.18849409909
-5.13765882246
-5.21810242896
-5.15915483948
-5.14385972608
-5.13343926184
-5.09732971928
-5.12814703384
-5.1782171824
-5.14419390901
-5.28956370813
-5.2274024807
-5.14066716182
-5.22841018858
-5.13808310245
-5.07567289438
-5.16879500999
-5.13167935815
-5.2211379432
-5.09263049888
-5.30814660339
-5.18587210652
-5.11500503931
-5.22038600794
-5.21800695553
-5.28206453747
-5.23522739411
-5.14357495457
-5.06465163297
-5.20368582113
-5.17466925878
-5.08940786982
-5.24531952189
-5.12070623821
-5.11331347228
-5.16108400165
-5.13265969097
-5.22213041777
-5.14668220014
-5.1665357954
-5.19255911022
-5.17305748594
-5.14666171442
-5.15828071727
-5.12975715089
-5.21283861027
-5.18509609928
-5.24230006129
-5.068891552
-5.05361968731
-5.16528907418
-5.21158271466
-5.15010457478
-5.13471682244
-5.12898333063
-5.25972437979
-5.14667851445
-5.12550821793
-5.12174685075
-5.16793373878
-5.14349898269
-5.13052586916
-5.23886094647
-5.06758465596
-5.12990669871
-5.23934611826
-5.16162878498
-5.07417311746
-5.0801764782
-5.08072237944
-5.18472543752
-5.28694077093
-5.1463548704
-5.13678365558
-5.23161212946
-5.23544573995
-5.13633056376
-5.21299825934
-5.14165711981
-5.03780039405
-5.25613302279
-5.12160643325
-5.13018039455
-5.19174937482
-5.08448877301
-5.14834598592
-5.20193535601
-5.26041238873
-5.15375605777
-5.17787577027
-5.11241589453
-5.14855014717
-5.15256376754
-5.11022291059


-5.54559373135
-5.51537155995
-5.54008886666
-5.37604263875
-5.54419088891
-5.55839913526
-5.49510505798
-5.58142901447
-5.40011377657
-5.38525944243
-5.40600564617
-5.40729846556
-5.30955743529
-5.37906602697
-5.13962579005
-5.13859273774
-5.14089363488
-5.23600140253
-5.24274131231
-5.1356510031
-5.20766542961
-5.1764024552
-5.2065046536
-5.19781843797
-5.11562009962
-5.14784900783
-5.22354950451
-5.07516993282
-5.2102543942
-5.1019414211
-5.1286544806
-5.20547973129
-5.16875978692
-5.24887036852
-5.04725005618
-5.09458220177
-5.12686238149
-5.22890854378
-5.16332861356
-5.24105334391
-5.06616254104
-5.12065045723
-5.10281929356
-5.17445093865
-5.20935523361
-5.12284775641
-5.20169212987
-5.14213574149
-5.11342716547
-5.06145202932
-5.20406271886
-5.28294600869
-5.07682635728
-5.14855601317
-5.1285438561
-5.1115390035
-5.17080978408
-5.15492878895
-5.07748272926
-5.27639851668
-5.16243358239
-5.11957120334
-5.15113934549
-5.12022797013
-5.14427622438
-5.12996253918
-5.1979170652
-5.19433769274
-5.15816687826
-5.14950169134
-5.10105005897
-5.09534370927
-5.17575125984
-5.10122772553
-5.13669098782
-5.20132548355
-5.20701837236
-5.15318492227
-5.10572657868
-5.02315599832
-5.23998035518
-5.14896947707
-5.13602756477
-5.17589769035
-5.21690820854
-5.07689714455
-5.09105709033
-5.21046885875
-5.11581693887
-4.99959392013
-5.07006398091
-5.18712701852
-5.00854575898
-5.13122468371
-5.15308278229
-5.10672874561
-5.2488101548
-5.11033186103
-5.12131254847
-5.1186524852
-5.11452121634
-5.1974718964
-5.19326035209
-5.19153801686
-5.19976007991
-5.1068465539
-5.06389859508
-5.17023281954
-5.16949145062
-5.23639673343
-5.15239378758
-5.07939115175
-5.14212923394
-5.17085448856
-5.07087292489
-5.10131036808
-5.15399970938
-5.17747507301
-5.02654375795
-5.12641993376
-5.08032454072
-5.17158495832
-5.09039085658
-5.13895622918
-5.14150353434
-5.16427296911


-5.49937097411
-5.20442418974
-5.25754657007
-5.19060252089
-5.21970530222
-5.12443827812
-5.2308323728
-5.31691850071
-5.09903224525
-5.2048395982
-5.28444259414
-5.18964196082
-5.25751468867
-5.25339530686
-5.14554059518
-5.16674283097
-5.23340425088
-5.21488200197
-5.16041512064
-5.30973243269
-5.16347432532
-5.25610767533
-5.24837755782
-5.25729774278
-5.36721578395
-5.17960613669
-5.21022887333
-5.21323446941
-5.21525775872
-5.2171207107
-5.15445846805
-5.11779451348
-5.23894311683
-5.28481744273
-5.28474464266
-5.18761079873
-5.25103419826
-5.29845735701
-5.1155852831
-5.16677985315
-5.23970912052
-5.22971215669
-5.29906951878
-5.20543183007
-5.21285976922
-5.28464091331
-5.17647212683
-5.22785637865
-5.20800597336
-5.22951536294
-5.18188032804
-5.15503371714
-5.19137295024
-5.26863619253
-5.16592272998
-5.25939125804
-5.21405039955
-5.20667416328
-5.30065637285
-5.20455509398
-5.23474142707
-5.19564458104
-5.25348720092
-5.24238511378
-5.29772750298
-5.13227648936
-5.24909396968
-5.19385824746
-5.21999918043
-5.32460533297
-5.26221531885
-5.3126237962
-5.14065235907
-5.09087968403
-5.28732217354
-5.35741150197
-5.45297461535
-5.36723183553
-5.38683686828
-5.37928091856
-5.30212549756
-5.14209247258
-5.17996009468
-5.14219991784
-5.28038017043
-5.27531830039
-5.39882489005
-5.35387843606
-5.19481261526
-5.13115472211
-5.21381193712
-5.14651336703
-5.21455374637
-5.2204396918
-5.11896934711
-5.14027185461
-5.1266197446
-5.25959527804
-5.32154050256
-5.25275395059
-5.24035046823
-5.12561494685
-5.21442255515
-5.23505393555
-5.27759099231
-5.22993793929
-5.21124951596
-5.19336455936
-5.11543270994
-5.16930038713
-5.23749912571
-5.1911958009
-5.13264146693
-5.14443991397
-5.20947392551
-5.18069439646
-5.19325585067
-5.21418598954
-5.16515681523
-5.17002290554
-5.19274501742
-5.12336540962
-5.20275416653
-5.13901963388
-5.27202030349
-5.22186346801
-5.18588650265
-5.16392596069
-5.20652787872
-5.10802862949
-5.15770943719
-5.24562743335
-5.09717025599
-5.19818379378
-5.13480645785
-5.16476411251
-5.10895441201
-5.1867981582
-5.28413534769
-5.1460262422
-5.12840901572
-5.20283139809
-5.24227348109
-5.14937599892
-5.16594335314
-5.04178879738
-5.04921893029
-5.13655377735
-5.1174913374
-5.18531427223
-5.213282052
-5.16598268238
-5.20306691493
-5.18362688765
-5.19881034639
-5.16788764658
-5.1043911191
-5.16959990435
-5.19484443148
-5.13424697681
-5.17747614489
-5.13197775558
-5.1584647082
-5.19788529578
-5.15390641056
-5.13423663994
-5.23285377559
-5.18698707722
-5.12400364193
-5.31106720468
-5.22219790472
-5.17791815403
-5.16742532562
-5.14994443896
-5.14243803387
-5.05500462223
-5.2362479107
-5.23708467988
-5.22053663152
-5.15862638023
-5.13230254279
-5.22736704661
-5.21274891871
-5.24960009885
-5.19146883463
-5.18385155013
-5.18258895948
-5.1250282309


-5.62817584327
-5.52459647342
-5.41225705882
-5.26771741208
-5.50999039613
-5.38454485098
-5.40000190409
-5.54830157936
-5.35553254222
-5.22907310389
-5.22106480514
-5.21468776454
-5.18119628576
-5.14160219338
-5.16115738552
-5.2389118539
-5.16607496457
-5.07310164447
-5.20263461117
-5.1122814718
-5.13919804901
-5.22049606149
-5.1738569981
-5.13244227646
-5.12683573465
-5.15186852896
-5.22692502786
-5.18940577159
-5.17045456551
-5.18008114955
-5.11444847141
-5.22323999357
-5.20752076932
-5.2208931934
-5.12940066814
-5.27286744967
-5.07680685339
-5.21706990146
-5.23296741479
-5.17964662047
-5.20204756488
-5.24741390399
-5.2394053791
-5.14225930207
-5.18902174536
-5.16858677152
-5.1406074465
-5.22925182663
-5.25644178316
-5.06017921516
-5.1673547588
-5.21618921262
-5.16199230875
-5.1177383332
-5.18827284791
-5.09332964548
-5.2011729731
-5.226306321
-5.10015835567
-5.25107173232
-5.19787940558
-5.16966602877
-5.11195748582
-5.15559864491
-5.14284607113
-5.14986883385
-5.17601716395
-5.15060392531
-5.25473488451
-5.15383413283
-5.10577169233
-5.05711733741
-5.16521486851
-5.13471534089
-5.19021407717
-5.31086179793
-5.24044144389
-5.12796754494
-5.18466748797
-5.2067261682
-5.10123077143
-5.14871625192
-5.16004445806
-5.20235285978
-5.08357178976
-5.17587517035
-5.31569563707
-5.22334246639
-5.21429148746
-5.24665679366
-5.27985285759
-5.19795743898
-5.21244794022
-5.10283979341
-5.16506953699
-5.20923361529
-5.32319071026
-5.24330475653
-5.10387197266
-5.17785157603
-5.22691717054
-5.16975583885
-5.18824198614
-5.21076827792
-5.30983594289
-5.02218673949
-5.12613539277
-5.12468437365
-5.11108161562
-5.2154577817
-5.26737921859
-5.19038289583
-5.24266967808
-5.16217412687
-5.14515888878
-5.25405651474
-5.12256517168
-5.09526286764
-5.19621581569
-5.09204560613
-5.16345091479
-5.16944586344
-5.06577909524
-5.1112620489
-5.10282092065
-5.30519777968
-5.14413085887
-5.16371319763
-5.15166516595
-5.11135775156
-5.13223572309
-5.13890041165
-5.15134888495
-5.19492045381
-5.14721381335
-5.20301627446
-5.26273766222
-5.23054704122
-5.20189685887
-5.16131273907
-5.0902358801
-5.32722839365
-5.46521427764
-5.37499565008
-5.32263109642
-5.15077700345
-5.15347898124
-5.165173614
-5.10879352349
-5.19652346495
-5.21820138768
-5.2533389414
-5.16967967139
-5.08310905643
-5.10613230935
-5.17543324505
-5.23566806527
-5.08878455042
-5.1103624801
-5.16695652171
-5.27409682149
-5.22877532407
-5.04586410095
-5.15707136247
-5.15087878328
-5.1082732157
-5.09521948397
-5.1108984203
-5.06122293894
-5.08034457279
-5.14902605845
-5.30959963681
-5.17561679654
-5.16411560374
-5.17123118308
-5.11297955061
-5.09607360219
-5.21519838572
-5.07066967219
-5.15863220044
-5.20472706344
-5.10992612113
-5.10255059034
-5.07585445832
-5.14166395382
-5.1195010806
-5.19542613481
-5.21835295726
-5.18233172871
-5.2124156297
-5.17075101851
-5.10826410565
-5.13173586389
-5.30263812637
-5.04361169154
-5.20865165121
-5.23670204543
-5.12490161515
-5.06373821087
-5.27676868875
-5.23887062588
-5.08372132824
-5.09793605679
-5.25324507595
-5.1455428936
-5.07862758094
-5.15243280658
-5.1473536369
-5.12872974706
-5.20594659873
-5.20499028452
-5.16505285481
-5.17393959442
-5.14816148835
-5.10730706636
-5.10572479564
-5.10234744398
-5.08119869924
-5.11780680618
-5.29957513018
-5.18023752191
-5.2378716701
-5.18856886272
-5.17247367808
-5.16366878894
-5.17934529877
-5.12625994486
-5.35212098908
-5.21316972453
-5.28388624653
-5.15379235167
-5.1752212418
-5.12459219545
-5.08265931878
-5.18856720261
-5.13773341612
-5.11080613158
-5.1299677529
-5.12102317164
-5.15950091542


-5.53114611022
-5.55393038733
-5.52380926583
-5.50999257715
-5.47587287042
-5.52233574201
-5.34686966108
-5.33477350535
-5.246310732
-5.15172330609
-5.19146663851
-5.2304289288
-5.21414719443
-5.25218831081
-5.15613307417
-5.20317577651
-5.18891451303
-5.23555341457
-5.1702799584
-5.14984946083
-5.22589454182
-5.20405872044
-5.10886335453
-5.282647834
-5.24792957144
-5.14238876482
-5.15513526801
-5.09977727619
-5.29461808533
-5.32234011861
-5.14309717595
-5.23754567445
-5.22951406026
-5.19256433243
-5.16258742748
-5.18870706311
-5.28108187998
-5.22534003408
-5.2606822269
-5.24092312792
-5.18189013465
-5.14126086237
-5.0974007183
-5.24457661
-5.20689993797
-5.15407821217
-5.23277673669
-5.38129752797
-5.19493418758
-5.23353561329
-5.17122795034
-5.24847439056
-5.20646674031
-5.22900704201
-5.27832370945
-5.18742287673
-5.228700787
-5.16016497331
-5.21837451135
-5.29245790044
-5.2126933133
-5.28686162477
-5.23021849086
-5.31587815886
-5.20038805479
-5.16112058898
-5.15639338235
-5.21038740355
-5.20744724002
-5.24271461873
-5.18095829695
-5.2083384582
-5.19461005724
-5.19845309366
-5.2086832039
-5.24437937255
-5.31904874337
-5.14269203242
-5.33646560872
-5.33333091728
-5.20415647146
-5.21935376339
-5.23371954825
-5.22958498901
-5.19737611454
-5.33280845136
-5.19406716094
-5.1716621439
-5.27401418583
-5.27430594683
-5.34519209703
-5.23546419587
-5.32410550023
-5.30016963249
-5.19400041186
-5.15566061645
-5.18411785752
-5.21332733248
-5.17149881614
-5.22223470096
-5.2034844389
-5.19472112421
-5.30595905525
-5.33728733164
-5.17677937837
-5.17385165449
-5.19639693313
-5.29333254645
-5.19227257174
-5.16613744649
-5.16201070646
-5.21554711948
-5.36686128212
-5.15024854645
-5.23991902796
-5.30849726662
-5.24519792714
-5.33740899641
-5.28348536633
-5.28561496937
-5.22060179467
-5.18773557034
-5.24033619626
-5.35728013051
-5.15136040812
-5.17208680632
-5.11258115696
-5.17969649653
-5.12475342663
-5.21857603858
-5.15454623948
-5.01099289854
-5.20080018542
-5.15979244685
-5.14316095943
-5.20132776688
-5.21723628656
-5.10319934053
-5.08894434916
-5.0434363987
-5.18620434558
-5.11064529407
-5.03096949572
-5.21303964544
-5.06736082604
-5.05702306368
-5.13132813382
-5.20801228204
-5.11802878315
-5.18171116821
-5.02352899373
-5.0994271487
-4.99822921439
-5.06065291564
-5.06518359038
-5.14140698962
-5.09559385853
-5.09558047928
-5.06029394348
-5.08138486853
-5.1325163053
-5.05000825153
-5.06893429022
-5.03621345073
-5.07676105478
-5.1022097183
-5.14352847055
-5.16408189348
-5.09801719562
-5.00882311609
-5.07270581276
-5.23606436781
-4.93498124894
-5.19087033166
-5.06636731617
-5.04330775865
-5.06003687939
-5.09662924917
-5.02783425064
-5.10547917665
-5.08665184279
-5.10411780307
-5.08722836186
-5.12633037054
-5.04106264112
-5.15487117811
-5.23834981781
-5.08596361894
-5.1405652331
-5.26146017374
-5.06287028525
-5.05180824245
-5.01085891029
-5.09182303554
-5.18757657974
-4.97012813246
-5.03002561858
-5.06736016447
-5.07719996901
-5.08545473137
-5.09428422129
-5.08207021054
-5.12092211765
-5.06649993556
-4.9986923165
-5.09259970481
-5.01509767265
-5.10288800711
-5.13328812054
-5.13312979888
-5.04958145993
-5.18450032981
-5.05737210455
-5.17148814412
-5.06797471925
-5.04281551242
-5.09126733868
-5.11854833646
-5.17301142617
-5.06615727138
-5.14565534949
-5.10450500382
-5.10491687779
-5.02770449793
-5.13607661397
-5.07077681223
-5.08227292473
-5.00416002374
-5.1287067673
-5.04632757251
-5.03111140483
-5.1503437909
-5.05328527421
-5.11502162001
-5.05001617236
-5.0525655931
-5.16380705708
-5.18586583497
-5.10067126896
-5.17722813117
-5.05301914826
-5.21713378855
-5.08629714553
-5.03390724284


-5.64165735671
-5.57145414946
-5.44589092618
-5.41940097914
-5.46224598179
-5.36504644917
-5.35428226772
-5.21173903321
-5.29049175546
-5.28123080074
-5.25169662212
-5.11925803163
-5.19633354023
-5.15371393356
-5.10155225147
-5.09081110796
-5.11749764436
-5.15561784681
-5.16723652384
-5.17064947816
-5.14136056643
-5.12130819302
-5.17950561665
-5.13908776909
-5.17175807218
-5.10912796553
-5.21454514809
-5.12896131698
-5.13031292812
-5.07974453812
-4.99834885652
-5.04613614653
-5.05257243386
-5.13526416786
-5.08975208172
-5.02510231373
-5.15279761415
-5.10720120979
-5.06051181419
-5.11636537809
-5.19206557088
-5.17731693932
-5.17291193236
-5.15035194539
-5.11460967499
-5.14272863734
-5.17094203391
-5.04577084444
-5.06195609915
-5.07769396048
-5.08496685089
-5.08499174255
-5.12329800157
-5.1158141632
-5.15621552185
-5.07594063835
-5.09719028302
-5.05802230894
-5.12263750287
-5.15087062005
-5.08029102449
-5.14936733003
-5.22252209076
-5.14335223685
-5.15105618913
-5.06538463457
-5.10685695003
-5.08268730959
-5.11436467745
-5.02337757918
-5.01207095224
-5.02537498796
-5.15117623892
-5.12757869387
-4.99685564168
-5.00166760251
-5.23057510044
-5.28288509981
-5.13010922229
-5.04432724457
-5.13630999102
-5.03823394927
-5.09118629952
-5.04619181387
-5.04928948372
-5.06029704233
-5.13685405018
-5.11262211228
-5.21145494687
-5.16180035623
-5.17487777887
-5.10169827029
-5.08303954835
-5.08019708184
-5.0351989154
-5.18781614019
-5.07472113689
-5.12782016813
-5.16371143605
-5.1078038734
-5.08481237157
-5.15392158822
-5.12606556399
-5.10942157776
-5.10095182471
-5.02683019216
-5.09612758211
-5.1175476291
-5.15864285196
-5.18534625529
-5.13825032444
-5.07921628803
-5.01742425626
-5.06169080226
-5.02863628851
-5.00799482162
-5.20731203378
-5.07557029885
-5.10515144377
-5.15258485225


-5.48030400757
-5.41890951292
-5.40615236839
-5.34833873145
-5.31764144465
-5.33563805011
-5.32529453203
-5.62185377133
-5.4098505704
-5.41715485853
-5.29131138481
-5.24901210287
-5.35426484092
-5.36742856956
-5.26847802008
-5.28515942305
-5.22541972353
-5.20758428701
-5.22741303676
-5.31796486149
-5.21910955889
-5.2416792879
-5.16692984987
-5.23935887364
-5.22032395706
-5.24083199128
-5.27634004253
-5.2271692603
-5.23604167398
-5.25455860453
-5.22322708298
-5.34447602946
-5.21643876427
-5.31347224273
-5.33196247409
-5.22471922717
-5.17260117606
-5.13741558985
-5.17172895618
-5.26073120222
-5.30472924424
-5.29392518856
-5.24736281713
-5.16039934564
-5.20799665901
-5.22093022554
-5.18398253252
-5.17348434144
-5.19475190867
-5.2989434055
-5.30358850776
-5.29973879285
-5.20929484816
-5.24236476404
-5.20128971054
-5.28035166013
-5.26635476139
-5.21495352599
-5.14792322696
-5.27701947589
-5.21866496128
-5.47434331819
-5.22556649339
-5.32154952079
-5.3098390362
-5.22215395629
-5.22174423504
-5.28897638568
-5.17480053418
-5.17575920044
-5.34336355329
-5.1946080161
-5.19625472987
-5.23443887103
-5.31744358225
-5.19829879914
-5.21926389612
-5.24771434974
-5.20552715649
-5.40791063163
-5.30185622319
-5.28458168812
-5.28509183003
-5.2182278954
-5.39942447176
-5.20480993091
-5.1541509437
-5.15374801802
-5.21798624061
-5.18298806258
-5.08819661675
-5.24183030082
-5.17779572175
-5.06598983738
-5.11259494301
-5.12848043063
-5.12296431857
-5.09109719626
-5.0150887457
-5.10631083556
-5.05386603043
-5.06991962105
-5.11442584377
-5.13158776273
-5.10803197177
-5.09986838519
-5.06892208397
-4.99493761866
-5.13730505361
-5.0347124893
-5.10425231036
-5.09216955702
-5.03656834994
-5.09804867643
-5.09017420156
-5.0566723141
-5.0732774514
-5.04757842563
-5.03720314692
-5.01313363155
-5.16784052694
-5.12862306256
-5.01436591739
-5.05793628106
-5.02188375168
-5.13758546727
-5.02628719914
-5.02079094629
-5.16915109479
-4.98693285887
-5.14226459119
-5.05595559157
-5.09530359681
-5.03722443306
-5.08521961136
-5.13492464347
-5.155587701
-5.05913453969
-5.12176652107
-5.0035631755
-5.02585906914
-5.09331108315
-5.0481670578
-5.12043027532
-5.00771209405
-5.07483657735
-5.06616618918
-5.08472139034
-5.11485438044
-5.06439217862
-5.05213613103
-5.05099581646
-4.95804119774
-5.2192642913
-5.07128421157
-5.10004481193
-5.15259214778
-5.08643171659
-5.07536974173
-5.15340009374
-5.08662750361
-5.01842395754
-5.08459281868
-5.12338774541
-5.03237063173
-5.1342975282
-5.10664400663
-5.05487963353
-5.11835524497
-5.14595796989
-5.11651919201
-5.02788743515
-5.01899066541
-5.03974074531
-5.22305408402
-5.10670569247
-5.12762273479
-5.09928999995
-5.11443787474
-5.04799822908
-5.02118738613
-5.01157419754
-5.08212988685
-5.13839978993
-5.20855298054
-5.06215152979
-5.05449345269
-5.09926028932
-5.19700606588
-5.13354999068
-5.05941352543
-5.09766942468
-5.08372052596
-5.06606682843
-5.22723431239
-5.07249385066
-5.08413404217
-5.10140450807
-5.12973261881


-5.69819551531
-5.44141581696
-5.56572411383
-5.34625971075
-5.40472442682
-5.44368330227
-5.34974773631
-5.40803378827
-5.39970621319
-5.30613848513
-5.17659336545
-5.22493762821
-5.09983377907
-5.13742097398
-5.08279500977
-5.15159246816
-5.11275597308
-5.06138954141
-5.11497575152
-5.18758970287
-5.08489956079
-5.193466061
-5.20658815351
-5.07048536253
-5.03398364789
-5.18757488813
-5.10821466939
-5.16474123341
-5.12433057808
-5.15666575693
-5.04682007304
-5.24253661649
-5.02364525486
-5.12011343292
-5.19220381307
-5.08097796565
-5.08214010956
-5.06143722865
-5.1719935165
-5.18135593609
-5.1558977954
-5.15279990834
-5.14722231643
-5.28024595069
-5.25022138641
-5.02660235367
-5.21485433825
-5.08452790257
-5.10886259749
-5.10937917272
-5.1733942841
-5.11027153261
-5.27886664889
-5.15792966679
-5.08869498362
-5.12673402458
-5.16043159778
-5.0974472048
-5.11689440951
-5.1734566895
-5.09932975124
-5.10425454569
-5.09587934094
-5.25764631625
-5.07937243751
-5.10231313333
-5.24074756015
-5.02242548003
-5.08724445329
-5.20139922857
-5.069779264
-5.11503724556
-5.12814599567
-5.09653658897
-5.07486368714
-5.12745691042
-5.0707748092
-5.08262738231
-5.16958008831
-5.08445739248
-5.17169316393
-5.05364951822
-5.13900173511
-5.1229843826
-5.1714546661
-5.17347454059
-5.09773509941
-5.12211953322
-5.16915399572
-5.09566358207
-5.08963022544
-5.18668050404
-5.21019445227
-5.05365744138
-5.14435186692
-5.08838198496
-5.07413063709
-5.18423232887
-5.15844182439
-5.11141936337
-5.09571206777
-5.1618121449
-5.10341229868
-5.03403740641
-5.16718645646
-5.13113758407
-5.10911099097
-5.1002192265
-5.13534305152
-5.10854234255
-5.19397848907
-5.13063579569
-5.11960856749
-5.13140870806
-5.1557263819
-5.15088441288


-5.60218998311
-5.60747582989
-5.57436801289
-5.59922048453
-5.56570861817
-5.52980846628
-5.31861695451
-5.42757543267
-5.42881644809
-5.37856114314
-5.44709745252
-5.35562688725
-5.33457654813
-5.38247507848
-5.20234494644
-5.31641720541
-5.31170984672
-5.19342901128
-5.11961864193
-5.28100711079
-5.07998840645
-5.14015196291
-5.18149534906
-5.23937249987
-5.16408061971
-5.16254273353
-5.13635560592
-5.18050681235
-5.19131859041
-5.2117262446
-5.14844394539
-5.21751770071
-5.24092910166
-5.14216192135
-5.10817672689
-5.13700062928
-5.1628451415
-5.14718487717
-5.15815174971
-5.21386486658
-5.05409965485
-5.21706933427
-5.11276451618
-5.23198817327
-5.12659237767
-5.16853077254
-5.09406755934
-5.21665485189
-5.19963677234
-5.25770115096
-5.04698810663
-5.1486102129
-5.21552091097
-5.12219628794
-5.2249273986
-5.13932499201
-5.07397443844
-5.30915133294
-5.06844580444
-5.13784711331
-5.17705258092
-5.14022582999
-5.22036240285
-5.14706555939
-5.1853365888
-5.20285162611
-5.10882055345
-5.09715821735
-5.24952104821
-5.1279126894
-5.0629929803
-5.12969894563
-5.0695632386
-5.09555684271
-5.17542888574
-5.16642099756
-5.1380403182
-5.19320892062
-5.08745331512
-5.17897315275
-5.16982554874
-5.16088942757
-5.01355555319
-5.16069896774
-5.10288922605
-5.1972278968
-5.20787129336
-5.12796435469
-5.11488563381
-5.16543217446
-5.23235199021
-5.15135873054
-5.12382430076
-5.1298989101
-5.13732854108
-5.15188655221
-5.19676818847
-5.11014569916
-5.2402265698
-5.17749863034
-5.15076476317
-5.29588594096
-5.19543501678
-5.13483466489
-5.16459249469
-5.11508765458
-5.16771882563
-5.12932837513
-5.20356597251
-5.18148681124
-5.07073364388
-5.14694277066
-5.1747299421
-5.13518291909
-5.1428193641
-5.20804634332
-5.23168391945


-5.57693324734
-5.43922931389
-5.46690461074
-5.29261372437
-5.2778000789
-5.21189975399
-5.19886576854
-5.4486775154
-5.51175212654
-5.3350889263
-5.23327528556
-5.1705520145
-5.17360047144
-5.18554639182
-5.22167662765
-5.20062037296
-5.1681103282
-5.09978384212
-5.1373047868
-5.20157731724
-5.1158460502
-5.16633867526
-5.19597578985
-5.17065301481
-5.13354514096
-5.18317172149
-5.19928667353
-5.14123018581
-5.16660846263
-5.1053131552
-5.15914451336
-5.22178998897
-5.1830435107
-5.15643459615
-5.09606063147
-5.17331597443
-5.0800192287
-5.06095353978
-5.1585510471
-5.09317196586
-5.15294603021
-5.10175862635
-5.26056229612
-5.19983511881
-5.10657977677
-5.18688440142
-5.20737821032
-5.27182973319
-5.19272496878
-5.28005132209
-5.27935631145
-5.1380441742
-5.22211160797
-5.25110638649
-5.21156594418
-5.14289333151
-5.19894860879
-5.15127572348
-5.12006685669
-5.09933862146
-5.12128024321
-5.34133515106
-5.15385885217
-5.09445308878
-5.26694426071
-5.16146877283
-5.11928052293
-5.16543457531
-5.10718036159
-5.24762208178
-5.18876236328
-5.09641697131
-5.16912029228
-5.30215788906
-5.14617975603
-5.15588987902
-5.14631879745
-5.16025811673
-5.20196583596
-5.13492099943
-5.19630887495
-5.09658936667
-5.16832333195
-5.24550751354
-5.19942294837
-5.1804735308
-5.22162153747
-5.17963283491
-5.13373825978
-5.1695284577
-5.13996650894
-5.11503360458
-5.24365619635
-5.06878606732
-5.16657710388
-5.11658945844
-5.08295513521
-5.11678124235
-5.12448560976
-5.08420203425
-5.17599729043
-5.25902640632
-5.04720452845
-5.2166148397
-5.10735528084
-5.12521587897
-5.09584397964
-5.02047006266
-5.1547197787
-5.22006581445
-5.23099937214
-5.19795187149
-5.23473993601
-5.2258413406
-5.1673740395
-5.3334596971
-5.19625490116
-5.09680581027
-5.23078722043
-5.08081799035
-5.20668668686
-5.18359145318


-5.57726729682
-5.34752871002
-5.52349804188
-5.51488175499
-5.46415139556
-5.32080285671
-5.33895590497
-5.25434765803
-5.42454080706
-5.37336471742
-5.38949610622
-5.37576337794
-5.35529175617
-5.22040028617
-5.34472618571
-5.13812788953
-5.10807058706
-5.13766977382
-5.13524434732
-5.11341349402
-5.09473275962
-5.06666324158
-5.16431315521
-5.11697199171
-5.11660440428
-5.13907634221
-5.06058413193
-5.16165533771
-5.17001412403
-5.21218693133
-5.12281247834
-5.15629648359
-5.15249576732
-5.01785726123
-5.19999142505
-5.18273200093
-5.16334990051
-5.1824102997
-5.15691172903
-5.16169603603
-5.11815705254
-5.1377214783
-5.22002139227
-5.10527354188
-5.19987459909
-5.12110960447
-5.2568703962
-5.21816653183
-5.09756626789
-5.17816340788
-5.16948951068
-5.06337399069
-5.22741785539
-5.28912181129
-5.10382719483
-5.18630908728
-5.15018246076
-5.25659827114
-5.17447458511
-5.07242298711
-5.15756206386
-5.16363108527
-5.03456970414
-5.21629049318
-5.17554372059
-5.11375154708
-5.05186258726
-5.21738463846
-5.12215825273
-5.11497904055
-5.17546872577
-5.25189910879
-5.08124921344
-5.18461164301
-5.1220170636
-5.20691514605
-5.0463883579
-5.1419138792
-5.12267481048
-5.0960152204
-5.17051808149
-5.2295832642
-5.1583965898
-5.10047741596
-5.15572917214
-5.19696999624
-5.13857696356
-5.18782141199
-5.07600046863
-5.20106231832
-5.25352015978
-5.13575979636
-5.06573110724
-5.21695598807
-5.14635441986
-5.26623458473
-5.23170111796
-5.1426978438
-5.14183782667
-5.09823573912
-5.15763973108
-5.07852186217
-5.1805583971
-5.25135034206
-5.19760817005
-5.09003605024
-5.12801736182
-5.10500870897
-5.11754136095
-5.10570208776
-5.13896869277
-5.10809575164
-5.22441599644
-5.20073987973
-5.18313266161
-5.16464588995
-5.31113144596
-5.15232861755
-5.07179259735
-5.18669716991
-5.15439241719
-5.21145388153
-5.05150821899
-5.11614606659
-5.21965239728
-5.19584552439
-5.0428875505
-5.18006391073
-5.16678258895
-5.13907460584
-5.21300634315
-5.1034066324
-5.23157614812
-5.18538654098
-5.16638876664
-5.06133884607
-5.10495971524
-5.15072663668
-5.16680193038
-5.08591108892
-5.14406740487
-5.22776839349
-5.11937537588
-5.27680587604
-5.22147673639
-5.06605193127
-5.13562292367
-5.11775037603
-5.21744470146
-5.20728214748
-5.1324179141
-5.16999267171
-5.05032150818
-5.20218146873
-5.13747607481
-5.16832450861
-5.1392117102
-5.12861936623
-5.14387449164
-5.17544132429
-5.13443745404
-5.23074564418
-5.30082906376
-5.17377262484
-5.25553644179
-5.10093299118
-5.15063443726
-5.16035250102
-5.12001187768
-5.08848296281
-5.08202582472
-5.19954333258
-5.2495740675
-5.12372425805
-5.14655790935
-5.15571908507
-5.12959361524
-5.18860113324
-5.3403033555
-5.18423166562
-5.10709984065
-5.12195041831
-5.14682091079
-5.13172821638
-5.19771431492
-5.17936812727
-5.24366764161
-5.1690526009
-5.19159559322
-5.14007018107
-5.1446140471
-5.07849349916
-5.17223922784
-5.1484399665
-5.11240901111
-5.14282701078
-5.23754182891
-5.18468762141
-5.12274983652
-5.08544104981
-5.05175696477
-5.17537415425
-5.12232670048
-5.13497275087
-5.15950118664
-5.16449129966


-5.49191103609
-5.51295779622
-5.50311427406
-5.33554390379
-5.47142453241
-5.36666436797
-5.29775508802
-5.34959235105
-5.368983449
-5.16125393483
-5.31665257823
-5.22042723586
-5.13924272046
-5.15522649764
-5.14592299531
-5.19068652591
-5.27816879098
-5.15674783711
-5.14571150322
-5.12174124395
-5.08383600736
-5.11825190991
-5.11205068012
-5.15172846399
-5.18629056239
-5.07455467004
-5.19618737593
-5.12130522
-5.22676113073
-5.15001921776
-5.12835602862
-5.08389191648
-5.07972046377
-5.22032260111
-5.15234072839
-5.17604588479
-5.11187724701
-5.08265914786
-5.26646250086
-5.11617250719
-5.02430670154
-5.13627404328
-5.10008959439
-5.08374813268
-5.11474438778
-5.20016087856
-5.05466554909
-5.15077483553
-5.25068022648
-5.08346503521
-5.13179210254
-5.10820339041
-5.16317419799
-5.30521658798
-5.12017622258
-5.16585456917
-5.16249126881
-5.16869122393
-5.12028303087
-5.09396177987
-5.09984662059
-5.06320640276
-5.08703327902
-5.10817585658
-5.12507945843
-5.1805024284
-5.06901906784
-5.1519928898
-5.13405447882
-5.13308046471
-5.16100216689
-5.20102567583
-5.17537706647
-5.18068934077
-5.21894481278
-5.10634257848
-5.32044024803
-5.21633971759
-5.09794971062
-5.05269716778
-5.08128687281
-5.0992076261
-5.2065873605
-5.14361808606
-5.15200987332
-5.17643487961
-5.18780049079
-5.10207835883
-5.15883117583
-5.0815117923
-5.15149567522
-5.10689517399
-5.16044533577
-5.13090582073
-5.2565432635
-5.16104680248
-5.14387561462
-5.23980720389
-5.14123123682
-5.23168062689
-5.10815406047
-5.19459496829
-5.20042905601
-5.15286516542
-5.08224079738
-5.05807994454
-5.1299947537
-5.03344554011
-5.15734105875
-5.13892522126
-5.12406365418
-5.15411076404
-5.17249235458
-5.1061047256
-5.15528679141
-5.181432506
-5.15144492582
-5.17148710607
-5.09926277431
-5.07351232345
-5.15182736451


-5.67054268529
-5.48359185233
-5.3716741466
-5.29016738003
-5.26269359717
-5.35001115991
-5.24808441379
-5.23954417407
-5.37116362902
-5.30509432319
-5.11798946239
-5.11024487925
-5.15431607613
-5.24194036812
-5.09211796856
-5.23884943495
-5.25866057413
-5.23537885472
-5.1750552162
-5.11434748768
-5.20131567536
-5.12022260823
-5.30151331185
-5.09185576077
-5.14969545093
-5.11157947592
-5.23808363402
-5.18834896729
-5.29376363103
-5.15334779662
-5.18972799767
-5.19377171815
-5.19626100981
-5.23572158083
-5.21807028476
-5.2176163698
-5.22240527459
-5.19106766308
-5.09401552038
-5.15162977914
-5.0699958689
-5.19781912563
-5.16119202705
-5.22540236083
-5.11208689867
-5.16178613238
-5.25462481605
-5.15656344531
-5.26617631043
-5.09825515923
-5.19446871982
-5.29219974633
-5.16157153381
-5.24117272955
-5.28910373559
-5.23856253358
-5.18045166969
-5.1377738175
-5.17554092699
-5.12039478181
-5.2605072292
-5.27182354363
-5.17298854747
-5.17355356949
-5.06479668451
-5.16474810873
-5.10285008326
-5.21524297229
-5.15077949207
-5.18203885309
-5.25392859281
-5.17751036917
-5.16809914486
-5.21950115709
-5.16755423089
-5.12905574865
-5.16708266012
-5.1963369587
-5.21710225902
-5.20293496657
-5.12826341566
-5.2237461144
-5.16679095013
-5.15565123289
-5.10646149641
-5.19521047651
-5.2002202081
-5.13571014023
-5.22545799489
-5.13720775998
-5.07250086751
-5.13375082329
-5.2580009633
-5.1576881084
-5.18869795894
-5.09339512282
-5.17069158909
-5.20706171936
-5.01055157269
-5.1087580702
-5.25376613316
-5.20829761671
-5.12818891459
-5.10288731802
-5.21964296326
-5.18101118363
-5.2125304367
-5.15281337762


-5.58653372447
-5.57567988634
-5.54091267645
-5.29440107269
-5.19676012493
-5.29080713923
-5.21924077006
-5.33231615702
-5.2392095819
-5.20542764105
-5.24264672878
-5.09853140426
-5.2196581672
-5.14753596102
-5.18217166618
-5.19335168271
-5.21547695808
-5.19585811379
-5.11339282383
-5.09490435372
-5.0977153736
-5.13848187194
-5.28166919079
-5.1234754053
-5.08770467268
-5.07236765741
-5.13807413724
-5.10712876693
-5.15765059743
-5.11484580933
-5.05220759161
-5.0721933337
-5.11996320016
-5.06965977505
-5.17830769357
-5.14517544567
-5.00120953177
-5.1883792261
-5.14531466414
-5.20157355937
-5.1969660619
-5.12706612542
-5.11741951424
-5.07131031099
-5.16101989303
-5.08831698732
-5.06225833831
-5.17780787266
-5.11242981413
-5.13515786816
-5.07822842892
-5.14060789304
-5.09475381721
-5.12600662986
-5.0262595688
-5.0770403068
-5.15045659905
-5.12428004033
-5.15631638737
-5.15051365679
-5.12592819498
-5.09508227506
-5.19757828146
-5.19756171977
-5.14397894792
-5.19789357102
-5.10981450354
-5.11240060893
-5.2087043697
-5.16297364472
-5.10843174485
-5.11129852706
-5.15465436412
-5.14925696964
-5.08258991016
-5.17376051407
-5.22881793733
-5.10649435952
-5.16285005758
-5.1529091068
-5.07655694234
-5.08632050137
-5.0886853898
-5.11625075652
-5.03462063751
-5.08667969724
-5.11808530692
-5.04825480657
-5.07710921335
-5.07069844746
-5.12960646882
-5.02099865331
-5.06438773641
-5.0944041697
-5.07187154595
-5.1933204149
-5.18056194278
-5.02451683698
-5.18823256737
-5.13529679171
-5.17892654215
-5.18273817277
-5.1409759386
-5.09129942561
-5.01040050874
-5.07958624606
-5.11011314536
-5.21095005258
-5.22499242837
-5.04466551765
-5.15637513714
-5.12571574813
-5.18650586271
-5.16070029225
-5.04465304059
-5.19843729247
-5.0752564626
-5.04713777094
-5.13884907736
-5.19897966977
-5.10793190088
-5.09186085926
-5.08321408249
-5.13393708494
-5.11120004728


-5.78926421022
-5.56282747348
-5.42075253203
-5.47122591639
-5.42998393893
-5.44510653849
-5.50020549326
-5.23856175771
-5.21803197489
-5.16430297898
-5.21575928575
-5.25239066803
-5.13971520855
-5.30785452184
-5.22832285994
-5.16718050948
-5.11176862848
-5.17566581363
-5.22192696266
-5.17470255183
-5.2998536694
-5.19027705801
-5.2032951337
-5.25629598978
-5.11916803509
-5.11943730575
-5.29292275714
-5.01891571309
-5.15237266839
-5.22617893916
-5.1077210753
-5.21730507323
-5.14238140632
-5.13913935478
-5.14897793119
-5.10891232337
-5.1308076786
-5.19733030305
-5.14854926158
-5.17596395117
-5.10959541417
-5.09651760342
-5.22723169337
-5.17428212991
-5.113517525
-5.16628762312
-5.05323185873
-5.13008483477
-5.11755704669
-5.10683990938
-5.1111987357
-5.18348785786
-5.17794805637
-5.1242747107
-5.14192466702
-5.15485788131
-5.2353394544
-5.11952016157
-5.12180323197
-5.12639055041
-5.19931185872
-5.27704196209
-5.05344731204
-5.10490535482
-5.11430724018
-5.13123967646
-5.11797986483
-5.17862114085
-5.19971697525
-5.11787668367
-5.11149464439
-5.13205241297
-5.1850127467
-5.02477349742
-5.12731361515
-5.12183801601
-5.17825303571
-5.10741685656
-5.13590789329
-5.08500020232
-5.18142989717
-5.11159567427
-5.289487195
-5.19271627485
-5.13182205227
-5.17155061789
-5.1222850017
-5.17464479784
-5.21863461651
-5.12169037466
-5.17891349695
-5.26210852704
-5.16780680412
-5.2236523707
-5.07403460257
-5.10154834184
-5.16152402666
-5.10651536999
-5.16761766345
-5.12917601689
-5.12515812157
-5.10998543323
-5.16485438736
-5.13927240207
-5.10047255011
-5.0427602592
-5.18672242783
-5.18108151993
-5.08205874902
-5.12889157669
-5.06816959708
-5.12623169833
-5.13571887078
-5.17791025645
-5.08781439176
-5.25575764571
-5.1865818856
-5.13829011673
-5.13497731375


-5.59029528928
-5.48536574134
-5.60699625068
-5.52075364611
-5.33833246329
-5.46883842192
-5.60436336584
-5.31468945477
-5.49655293764
-5.41064854645
-5.20159397641
-5.16980634431
-5.23231088868
-5.17136370846
-5.17566687413
-5.10219152523
-5.10543253775
-5.09320808808
-5.09191948198
-5.23118222046
-5.2025339813
-5.10812863023
-5.1290522697
-5.15592252885
-5.0796423835
-5.23437016263
-5.07970321311
-5.06887794348
-5.09765412691
-5.18705418238
-5.04426802368
-5.14848570161
-5.13128993546
-5.08675424725
-5.17711745764
-5.12584633073
-5.13354243393
-5.04035546114
-5.13722705297
-5.06629581104
-5.18272240643
-5.04316888549
-5.21006773695
-5.12986384788
-5.22517625765
-5.13794152881
-5.10797674837
-5.15816006682
-5.08934119421
-5.07671287273
-5.17816639918
-5.16545462659
-5.11599474824
-5.26265305028
-5.18166723242
-5.06617966111
-5.24210819676
-5.12533269454
-5.0950281534
-5.18168904435
-5.14370395122
-5.09682434443
-5.0875153728
-5.07054079113
-5.11122924264
-5.11961492387
-5.17845465987
-5.10037986139
-5.16329074717
-5.26185121192
-5.17423031285
-5.01234663348
-5.13886187625
-5.00609550403
-5.0755954767
-5.1295227585
-5.25860060654
-5.08252497609
-5.06489766679
-5.05378758677
-5.1571429392
-5.06116854034
-5.06624101185
-5.12160968386
-5.09597261274
-5.2101492136
-5.13106579042
-5.14164538367
-5.13763359241
-5.14072759992
-5.17299101453
-5.12594383853
-5.21801188598
-5.19102403737
-5.09409823678
-5.06792279444
-5.10342891039
-5.05466403473
-5.14079316329
-5.17260105118
-5.09615810797
-5.11683744488
-5.0646153037
-5.16669205296
-5.1827785833
-5.11394420022
-5.17933204884
-5.06627118567
-5.1785889848
-5.04184476813
-5.07605418462
-5.09095795791
-5.12936707462
-5.16886744526
-5.15046335219
-5.01909861446
-5.14893520965
-4.97442787383


-5.4897377417
-5.35408884858
-5.29123514311
-5.36800811937
-5.33662753004
-5.42934179274
-5.23797443127
-5.39445020936
-5.11262426831
-5.16051370186
-5.06824559278
-5.13198637188
-5.16519759521
-5.13377287413
-5.19225981816
-5.16095985526
-5.21984644946
-5.22479890357
-5.13732245031
-5.1394732307
-5.26668157408
-5.18030127204
-5.08419202807
-5.08702413138
-5.18788117826
-5.13118798954
-5.15386870667
-5.14106654504
-5.19170765902
-5.13033612464
-5.15521099675
-5.17538755185
-5.18095819704
-5.25681445803
-5.19058102771
-5.24751655445
-5.20948128074
-5.30423516702
-5.2269632828
-5.13486083308
-5.20248011046
-5.1603380826
-5.20029913293
-5.20209399505
-5.24663784957
-5.26570652332
-5.18246523038
-5.20447382291
-5.14517084289
-5.18015522071
-5.19529846996
-5.1034715744
-5.15093886723
-5.15777366098
-5.17777278802
-5.19008350742
-5.28842631173
-5.24530598186
-5.09589567349
-5.15655589017
-5.08596279282
-5.30267982038
-5.15680276339
-5.21113532501
-5.12412757559
-5.19249854876
-5.12410958889
-5.16322841793
-5.16441190632
-5.15385883555
-5.12398983505
-5.16559164168
-5.25305869596
-5.13987615803
-5.18186412109
-5.1781221995
-5.079357856
-5.22884998982
-5.22124741794
-5.26697659449
-5.22306651089
-5.10687478314
-5.11824368888
-5.15407874265
-5.10727389394
-5.16638883526
-5.26520938345
-5.25345804599
-5.15992749299
-5.08761473476
-5.14599200139
-5.11539774444
-5.30133519201
-5.21893362193
-5.09490442372
-5.27850664459
-5.13046394052
-5.11300669729
-5.09920612164
-5.18302975582
-5.19576755787
-5.16358423088
-5.05323120335
-5.17969119692
-5.06781639249
-5.11180129745
-5.15735849598
-5.20119977244


-5.57289078715
-5.41754380295
-5.2739291863
-5.5027759042
-5.26069848134
-5.27549537959
-5.21472640105
-5.1467785475
-5.12717564622
-5.12451130502
-5.11238036219
-5.16556590731
-5.14733736544
-5.08515027363
-5.27707567785
-5.15202933756
-5.05632500764
-5.15403610876
-5.17279707981
-5.17190974796
-4.97849424962
-5.22786767942
-5.03405058822
-5.10029179815
-5.10655395415
-5.17675826963
-5.20353044887
-5.09239779427
-5.04492646253
-5.01676073664
-5.01582274055
-5.16617206853
-5.16712176189
-5.23839044905
-5.08094593218
-5.06355706991
-5.15390509093
-5.15817412276
-5.0514762811
-5.1236287276
-5.14863969253
-5.24117465734
-5.13136507803
-5.14957054984
-5.13845710752
-5.09421954869
-5.12806265949
-5.14730497963
-5.04572944372
-5.02135808447
-5.14808744399
-5.10583519095
-5.09532914702
-5.07912439707
-5.09242911063
-5.12407506452
-5.09259688552
-5.05611881774
-5.07017379749
-5.05870529745
-5.07993982687
-5.05177571234
-5.18572513329
-5.12141713634
-5.05273722569
-5.14717229362
-5.15484494355
-5.04238541076
-4.99537331728
-5.06019322496
-5.09067020364
-5.04624063056
-5.14053085307
-5.0955338214
-5.14361057869
-5.1399668272
-5.19634849715
-5.13117237338
-5.17798927362
-5.07657608006
-5.12883686122
-5.08107705125
-5.10615731089
-5.12482006738
-5.04687136944
-5.18250208103
-5.22434309999
-5.12549518272
-5.1213646056
-5.05831041518
-5.22051641359
-5.12016240572
-5.10544685227
-5.14429003327
-5.09380174584
-5.2012307051
-5.07467113332
-5.13256572597
-5.14596667097
-5.08028389439
-5.16445100128
-5.09454174058
-5.10181927458
-5.14461206371
-5.07165634411
-5.13496545119
-5.20715611676
-5.14169825754
-5.27495031929
-4.96958224865
-5.05863440442
-5.20722848192
-5.18147330635
-5.07023830646
-5.06244227373
-5.04199999747
-5.09175721816
-5.0512795138
-5.02624858547


-5.77594288253
-5.64568246593
-5.46345852951
-5.37454957422
-5.37371128401
-5.38780525015
-5.34457451748
-5.11043699265
-5.23544142087
-5.31730485527
-5.11334883867
-5.17293126763
-5.15736669476
-5.18668386467
-5.16819623541
-5.26651502944
-5.08806888291
-5.23038599099
-5.17964317411
-5.23426039529
-5.17714087185
-5.28536647124
-5.12729589283
-5.16732319953
-5.15150820667
-5.20439872918
-5.20493658921
-5.17856091069
-5.21841424441
-5.15452479589
-5.10165820041
-5.15290843953
-5.25316057787
-5.20177698679
-5.05108900625
-5.20017509402
-5.24115641972
-5.19954078413
-5.27317557623
-5.10799478566
-5.09538668105
-5.26570034967
-5.15942835456
-5.13227469364
-5.19481049479
-5.15073343618
-5.15098313887
-5.16372378016
-5.12997731914
-5.25048509947
-5.19954974422
-5.13249841642
-5.21719683919
-5.24758861777
-5.07415789811
-5.17779928194
-5.15599209466
-5.23435268214
-5.18379345979
-5.22521804188
-5.26305769631
-5.18399085289
-5.32029969368
-5.09378537572
-5.23568911297
-5.24389694226
-5.15315074133
-5.14912533602
-5.22341597702
-5.17364966178
-5.23846339411
-5.15990974489
-5.0788974859
-5.27300038462
-5.12016869756
-5.2311059144
-5.16106728308
-5.2001758208
-5.23239297052
-5.14010228455
-5.1265976853
-5.08182609683
-5.12898545735
-5.07628366748
-5.13504960155
-5.27866173301
-5.34258301194
-5.26119095492
-5.12848796474
-5.34423742905
-5.30602153181
-5.17469643094
-5.25605838108
-5.38560285446
-5.17630202116
-5.17738526364
-5.13103260597
-5.06402523113
-5.14776091774
-5.16180725961
-5.12865595016
-5.16160930685
-5.16030126863
-5.19138478652
-5.17312269771
-5.18639712509
-5.18170604189
-5.21866109283
-5.30641762024
-5.20034533733
-5.19836602355
-5.1175294808
-5.25895718082
-5.22118310566
-5.15663499327
-5.22869590006
-5.14345982716
-5.18581103533
-5.17760170715
-5.16475950416
-5.24860510083
-5.17593171409
-5.10897812058
-5.20430265398
-5.18872918776
-5.22664057674
-5.22057776417
-5.10415425274
-5.20101044493
-5.14897723226
-5.15118782044
-5.11242236485
-5.10022352916
-5.18063919269
-5.15526493285
-5.19538984596
-5.14230558016
-5.14234684579
-5.171029512
-5.18374913231
-5.26769208168
-5.17050597446
-5.23368842279
-5.25541701267
-5.14996513188
-5.30448281014
-5.1206477114
-5.22417988185
-5.16204752054
-5.12773804142
-5.14735824686
-5.21055212881
-5.20623175974
-5.08589544696
-5.19302012108
-5.11267466192
-5.10070161907
-5.1697744503
-5.11411727068
-5.19101463074
-5.13059820516
-5.14796124981
-5.14847958641
-5.22796953055
-5.224165883
-5.14356197531
-5.22060983798
-5.10026597222
-5.18912251297
-5.15786648215
-5.09652317562
-5.21717635467
-5.07250801579
-5.16665579408
-5.22396954231
-5.27371363967
-5.23039874367
-5.08919297382
-5.25637176016
-5.15987488081
-5.21230571542
-5.22447543445
-5.26516948154


-5.56853973899
-5.53342221296
-5.34461154008
-5.32235567332
-5.53497744967
-5.45550224544
-5.35265114309
-5.44087273598
-5.30644886138
-5.4321738452
-5.27274022624
-5.23130060431
-5.23161468538
-5.15653991777
-5.17192131767
-5.22350066089
-5.18285981705
-5.26483525264
-5.15989276651
-5.26624333729
-5.36580451973
-5.03886175422
-5.15955045027
-5.12349553989
-5.23628964883
-5.16024991307
-5.17664430991
-5.11269473368
-5.25171422882
-5.22987215098
-5.14293990207
-5.17650089427
-5.21235278574
-5.12998863662
-5.12364079375
-5.19333273393
-5.10044456012
-5.15774103265
-5.14680487265
-5.14360515868
-5.23271477423
-5.11614025035
-5.17433128241
-5.11328854286
-5.08887048564
-5.12163831789
-5.12638637841
-5.17924235349
-5.12963340911
-5.12242471558
-5.17661680952
-5.16144971404
-5.09595599868
-5.1960899248
-5.06197831114
-5.0952874384
-5.17777016094
-5.11588627663
-5.19772882731
-5.10790422479
-5.16920471993
-5.14479260099
-5.20928610174
-5.11289361113
-5.09480061845
-5.14361063324
-5.30846205243
-5.15629299961
-5.0453561986
-5.38274290928
-5.25770435157
-5.18697829674
-5.27549843081
-5.23572946491
-5.1684880331
-5.2634847639
-5.25004051418
-5.31600743939
-5.25302779243
-5.12003857747
-5.18858676033
-5.16681325975
-5.33461396061
-5.24180848742
-5.07066643108
-5.09186076985
-5.2113837705
-5.07889172963
-5.22084117164
-5.15462445846
-5.21662655812
-5.21173971418
-5.11393304437
-5.08066926758
-5.07682684787
-5.03958915033
-5.15310701884
-5.15012260286
-5.20937140083
-5.14228790107
-5.17209612178
-5.1999594636
-5.14603315974
-5.07208450497
-5.10548460217
-5.05608981933
-5.14793572298
-5.11038407045
-5.12748383843
-5.19563796715
-5.12412822051
-5.14316593756
-5.13165885963
-5.08714748623
-5.16343470197
-5.19173261026
-5.06049765004
-5.17000385369
-5.19137354381
-5.12132242716
-5.09025544316
-5.06529690579
-5.09299244827
-5.22594704227
-5.16939350823
-5.18322678259


-5.42692178863
-5.51991209307
-5.56945127526
-5.2571049242
-5.35094732313
-5.39345582673
-5.40906727527
-5.18177423149
-5.36405590151
-5.47675048818
-5.31827039214
-5.33500228826
-5.44604550172
-5.29412174973
-5.38544830421
-5.29239755899
-5.27706778001
-5.18205829446
-5.23337063962
-5.23846440915
-5.18042005349
-5.23842403065
-5.16286990032
-5.15734676455
-5.23729639265
-5.26702859719
-5.32710830359
-5.19795838463
-5.20462250316
-5.12347164659
-5.22501289871
-5.14249699235
-5.25718134884
-5.2143856661
-5.25206340531
-5.18724481687
-5.11608303516
-5.30777174624
-5.34725204491
-5.20997589793
-5.26652980302
-5.18477700867
-5.17302540206
-5.23835227028
-5.22658973606
-5.21305061088
-5.20605218946
-5.15447061333
-5.17054155223
-5.19201559703
-5.25965505794
-5.34622773583
-5.26788527937
-5.28675109356
-5.45191433259
-5.23359274462
-5.28791080304
-5.20504110692
-5.18803340091
-5.21526465832
-5.20738602922
-5.124141408
-5.19690389844
-5.14612059305
-5.18447160874
-5.18278005561
-5.12435188959
-5.19837032226
-5.17779660232
-5.17941570647
-5.21332577811
-5.22350712933
-5.30836190326
-5.20975971906
-5.07958907457
-5.31397572068
-5.22395666013
-5.2076275574
-5.17657165869
-5.13690543011
-5.18467521601
-5.30125745741
-5.23362075967
-5.19591219366
-5.17511073812
-5.28105030558
-5.17165803188
-5.20809890429
-5.19681422754
-5.17618834488
-5.19259422371
-5.23786339151
-5.24211551856
-5.11011762686
-5.12503612971
-5.18454251775
-5.23489206301
-5.19567373469
-5.16387451737
-5.16197826378
-5.1098570109
-5.17190672879
-5.22939123518
-5.21093310007
-5.20164627727
-5.11115339842
-5.25486019574
-5.18377300996
-5.13385580206
-5.1734391246
-5.21401185435
-5.24062161129
-5.22912397159
-5.20779347017
-5.18931628836
-5.33287510159
-5.25592954511
-5.24033034329
-5.15084598014
-5.28125455101
-5.30619629954
-5.2592748572
-5.2048567823
-5.13989004437
-5.16619587252
-5.12092299105
-5.19393050521
-5.20938700038
-5.26595559052
-5.17630164108
-5.2156630474
-5.16688058089
-5.21056309366
-5.32731799055
-5.16088396064
-5.17176174982
-5.24839605164
-5.18681785027
-5.18192083275
-5.1866857492
-5.2020766251
-5.21251039103
-5.20662800109
-5.23500886944
-5.22243651793
-5.18337638324
-5.23331952903
-5.19272006254
-5.19867634985
-5.12435404031
-5.18566183915
-5.22361646485
-5.32469390105
-5.20960271785


