-4.58060465841
-4.08775820112
-3.97333255272
-3.3119246646
-3.21165086831
-3.51405546956
-3.19605260701
-3.17883187135
-3.19626876014
-2.90137057885
-2.70975533196
-3.03343763821
-2.74055852867
-2.94462014104
-2.56416104845
-2.50430939245
-2.91089070527
-2.71539164087
-2.65671181347
-2.50379222566
-2.79724488326
-2.49174944715
-2.67873341442
-2.84219417416
-2.38837022704
-2.63170399037
-2.81138138238
-2.74487169753
-2.67248755467
-2.58736382623
-2.97124911166
-2.86166918522
-2.70834331303
-2.80451785667
-2.75509091356
-2.473125473
-2.71234219126
-2.65145321637
-2.83090952872
-2.66495896604
-2.47836575507
-2.85954403165
-2.48792994175
-2.43745471144
-2.92425696594
-2.63600643766
-2.67824217406
-2.69546173031
-2.57748090815
-2.97536693449
-3.07808746981
-2.46686050912
-2.63309730208
-2.83686928105
-3.00577696504
-2.77160494562
-2.75023413643
-2.90987139417
-3.05862856897
-2.57907981776
-2.83512144331
-2.81240385277
-2.88122914375
-2.5199154973
-2.66496309401
-2.84142644602
-2.81329901772
-3.04672698904
-2.70055405748
-2.41958648223
-2.91939671483
-2.91498883238
-2.67401172048
-2.96377804806
-2.58408227677
-2.8376616806
-2.68949890658
-2.8565252838
-2.86243266254
-2.82446714826
-2.6070197307
-2.7926478451
-2.63524057693
-2.79091247727
-2.56481458548
-2.67367359953
-2.64856895916
-2.92442368175
-2.89124062607
-2.8427684322
-2.52404319623
-2.68072289699
-2.67056521394
-2.56216961049
-2.7245503096
-2.72972428621
-2.84817105263
-2.64770571224
-3.03872093223
-2.84494454084


-4.40337872679
-3.85031931545
-3.97006140351
-3.45717294462
-2.71408907544
-2.77953302374
-3.0361311291
-3.0080058971
-2.90880658755
-2.47415455399
-2.72101271561
-2.75371710385
-2.51138581276
-2.53440694874
-2.38997970416
-2.8005151132
-2.78557497911
-2.67083630645
-2.70301205313
-2.84425661155
-2.88961394909
-2.89510311318
-2.71259765613
-2.59887451661
-2.45631147722
-2.68988932267
-2.37923907809
-2.66535474716
-2.85423090815
-2.70697652124
-2.7934826546
-2.64667698658
-2.55278802398
-2.77983927957
-2.58797005334
-2.66474547511
-2.66400613052
-2.80841081871
-2.81223589611
-2.71925918964
-2.52293100621
-2.58172162684
-2.58316627688
-2.69079162367
-2.79785355546
-2.64867225662
-2.72242398889
-2.58010996855
-2.63311394909
-2.7757427496
-2.58927236644
-2.73141745295
-2.5995433635
-2.72935932368
-2.61953312202
-2.31484026242
-2.5943288368
-2.50536713106
-2.61302124183
-2.70409889921
-2.7740496216
-2.50853293215
-2.8087377021
-2.61398303356
-2.45570774977
-2.59421118879
-2.49118282887
-2.49692624945
-2.58176064501
-2.54886920166
-2.67980572755
-2.68040105165
-2.59101814585
-2.65885595115
-2.49046104231
-2.83619126247
-2.5489373065
-2.58793919849
-2.72203940848
-2.94154007568
-2.42274699002
-2.55709826036
-2.58317139663
-2.50407153914
-2.66317861052
-2.78388579291
-2.61934354268
-2.51443283454
-2.45133264534
-2.9291633602
-2.72362265847
-2.64935639343
-2.70443888576
-2.7285996732
-2.78934184727
-2.54697620843
-2.609749914
-2.83094278967
-2.61847784809
-2.75791984864


-4.60689968133
-4.05610941664
-4.00315702246
-3.56330211558
-3.47289714671
-3.63914800482
-3.15804433879
-3.02600490858
-3.01272910217
-3.09307937736
-2.77492375169
-2.73255555556
-2.77024878278
-2.95854668534
-2.848750344
-2.76676872328
-2.89106896389
-2.77563797975
-2.88402321981
-2.74980345188
-2.82958585377
-2.87661044863
-2.80227640179
-2.82543240454
-2.83453273172
-2.8283298565
-2.85932817337
-2.34970485036
-2.95942242862
-2.47769293331
-2.64120627077
-2.65675379626
-2.62893266254
-2.82241619981
-2.90166150671
-2.8049891707
-2.61404738562
-2.71716809085
-2.86431067866
-2.57867787304
-2.92559228955
-2.80447906531
-2.64546238144
-2.67890798074
-2.94936795978
-2.94859496781
-2.65600441904
-2.94654294012
-2.37313326208
-2.82965726817
-2.61082714138
-3.18032395941
-2.59578955968
-2.74333954986
-2.66605961737
-2.87393335053
-2.90761695906
-2.97300300998
-2.71256621947
-2.81804974068
-2.79047315593
-2.76208706816
-2.63174846524
-2.56407894737
-2.72141572067
-2.65872729618
-2.81243434
-2.76134592609
-2.80118995074
-3.05969455158
-2.99331441348
-2.98564774682
-3.17431836945
-2.79524217406
-2.70437712683
-2.9395379257
-3.00277164726
-2.90703555457
-2.72158425475
-2.64739602683
-2.86001862499
-2.58315766019
-2.9203502752
-2.7265342523
-2.69750019657
-2.64965495847
-3.00703447344
-2.7073512089
-2.91241787066
-2.80119578358
-2.93229707848
-2.78587474814
-2.73142145806
-2.71787369158
-2.47869831441
-2.73287263502
-2.88483642931
-2.90217984913
-2.63404533487
-2.80178137746


-4.62202697921
-4.33361127555
-3.68356462234
-3.31548030616
-3.03711557079
-3.03517545088
-2.83056278611
-2.73423486412
-2.86854485135
-2.91624353682
-2.99709675395
-2.6720994152
-2.90734491867
-3.06694137399
-2.57153987464
-2.59839821367
-2.84004122675
-2.76049673203
-2.65522273822
-2.88904652563
-2.77045021301
-2.94937254902
-3.02159193326
-2.93139403656
-2.63860423117
-2.62384751093
-2.61373877756
-2.65162322378
-2.88516588606
-2.64727379535
-2.73621698288
-2.99409743911
-2.67187794241
-2.7786307681
-2.88969486104
-2.89133194884
-2.94219918669
-2.89186177453
-2.86960425574
-2.85741391469
-2.9025213524
-2.97547884417
-2.82426260504
-2.88469424504
-2.69747428621
-2.63153998968
-2.79581346749
-2.61213349078
-2.69503218831
-2.81914447884
-2.76159477124
-2.57522482866
-2.61110985798
-2.86987143481
-2.60061944076
-2.79138440464
-2.88589446656
-2.73141004472
-2.91522346307
-2.46527839206
-2.65062805298
-2.59959864594
-2.81216680181
-2.68758822301
-2.71329750848
-2.79175567595
-2.69963789375
-2.63954900732
-2.70228998968
-2.84642216684
-2.81542638459
-2.59921289838
-2.76682571728
-2.67510256032
-2.69552901862
-2.49079884761
-2.44349793602
-2.62461118482
-2.93315213278
-2.79799660539
-2.85731604747
-2.95133857259
-2.78904938818
-2.73151389692
-2.84743283454
-2.70323353727
-2.66401312104
-2.81293454224
-2.54846561256
-2.52894583272
-2.62742400118
-3.02508537275
-2.59385929284
-2.8576199406
-2.73614268798
-2.68375225961
-2.72203564281
-2.66335191107
-2.76427703755
-2.60035315665


-4.63621455978
-3.8867195071
-3.85062959435
-3.49658247334
-3.62261764706
-3.7189835127
-3.00952008698
-3.13610681115
-2.9691575016
-2.80674337805
-3.0610368937
-3.28925278505
-3.19818836306
-3.05063242571
-2.99226831785
-2.67272136223
-2.75158367733
-2.80616994693
-2.84725846857
-2.74832577768
-2.79659545924
-2.59184055728
-2.63353353973
-2.89146103192
-2.75852890118
-2.74940092029
-2.72374732079
-2.76417596782
-2.90617131913
-2.79802231068
-2.74568389299
-2.85360259718
-2.89276770804
-2.97026192933
-2.54675386997
-2.79414467069
-2.72597878936
-2.72015369306
-2.96107180943
-2.78178842846
-2.69954841761
-2.97264816642
-2.88696364686
-2.83570999236
-2.76709515871
-2.83463080873
-2.92631518748
-2.67742174063
-2.95775913577
-2.62229248366
-2.97042182663
-3.04024848328
-3.00312452417
-2.92364105116
-2.94844397665
-2.81388894181
-2.79547872604
-2.9771996044
-2.70187020247
-2.83321161974
-2.85142094773
-2.75973202614
-2.83663945403
-2.79501461988
-2.52868992239
-2.73596977738
-2.75546603027
-2.71949971743
-2.70175601995
-2.81834846921
-2.70533932493
-2.7194888603
-2.65576367389
-2.78239456484
-3.07223456927
-2.76455739367
-2.72794472701
-2.86358161335
-2.67048485751
-2.67826756371
-2.70766583124
-2.7192130203
-2.81187808983
-2.77011928105
-2.55589172687
-2.90765027765
-2.78795247546
-2.73821024375
-2.97154156224
-2.90903955968
-2.83988555476
-2.99760759742
-2.48388179442
-2.75469091847
-2.72645352351
-2.70203534572
-2.70657135486
-2.91394594776
-2.86654478107
-2.84244257892


