-4.93587174349
-4.93089430894
-4.83669354839
-4.83669354839
-4.82965931864
-4.76
-4.76
-4.75
-4.75
-4.742
-4.71943887776
-4.71
-4.698
-4.694
-4.694
-4.694
-4.694
-4.694
-4.694
-4.694
-4.694
-4.694
-4.694
-4.694
-4.694
-4.694
-4.694
-4.694
-4.694
-4.694
-4.694
-4.694
-4.694
-4.694
-4.694
-4.694
-4.694
-4.694
-4.694
-4.694
-4.694
-4.694
-4.694
-4.694
-4.694
-4.694
-4.694
-4.694
-4.694
-4.694
-4.694
-4.694
-4.694
-4.694
-4.694
-4.694
-4.694
-4.694
-4.694
-4.694
-4.694
-4.694
-4.694
-4.694
-4.694
-4.694
-4.694
-4.694
-4.694
-4.694
-4.694
-4.694
-4.694
-4.694
-4.694
-4.694
-4.694
-4.694
-4.694
-4.694
-4.694
-4.694
-4.694
-4.694
-4.694
-4.694
-4.694
-4.694
-4.694
-4.694
-4.694
-4.694
-4.694
-4.694
-4.694
-4.694
-4.694
-4.694
-4.694
-4.694
-4.694
-4.694
-4.694
-4.694
-4.694
-4.694
-4.694
-4.694
-4.694
-4.694
-4.694
-4.694
-4.694


-4.90909090909
-4.89292929293
-4.83967935872
-4.83967935872
-4.83064516129
-4.77108433735
-4.77108433735
-4.75100401606
-4.75100401606
-4.74549098196
-4.73493975904
-4.708
-4.708
-4.708
-4.708
-4.704
-4.7
-4.7
-4.696
-4.696
-4.696
-4.696
-4.696
-4.696
-4.696
-4.696
-4.696
-4.696
-4.696
-4.696
-4.696
-4.696
-4.696
-4.696
-4.696
-4.696
-4.696
-4.696
-4.696
-4.696
-4.696
-4.696
-4.696
-4.696
-4.696
-4.696
-4.696
-4.696
-4.696
-4.696
-4.696
-4.696
-4.696
-4.696
-4.696
-4.696
-4.696
-4.696
-4.696
-4.696
-4.696
-4.696
-4.696
-4.696
-4.696
-4.696
-4.696
-4.696
-4.696
-4.696
-4.696
-4.696
-4.696
-4.696
-4.696
-4.696
-4.696
-4.696
-4.696
-4.696
-4.696
-4.696
-4.696
-4.696
-4.696
-4.696
-4.696
-4.696
-4.696
-4.696
-4.696
-4.696
-4.696
-4.696
-4.696
-4.696
-4.696
-4.696
-4.696
-4.696
-4.696
-4.696
-4.696
-4.696
-4.696
-4.696
-4.696
-4.696
-4.696
-4.696
-4.696
-4.696
-4.696
-4.696
-4.696
-4.696
-4.696
-4.696


-4.88709677419
-4.88709677419
-4.88709677419
-4.88709677419
-4.87525150905
-4.86088709677
-4.786
-4.786
-4.76152304609
-4.76152304609
-4.756
-4.718
-4.71
-4.71
-4.70340681363
-4.702
-4.6686746988
-4.654
-4.654
-4.646
-4.642
-4.642
-4.642
-4.642
-4.642
-4.642
-4.642
-4.642
-4.642
-4.642
-4.642
-4.642
-4.642
-4.642
-4.642
-4.642
-4.642
-4.642
-4.642
-4.642
-4.642
-4.642
-4.642
-4.642
-4.642
-4.642
-4.642
-4.642
-4.642
-4.642
-4.642
-4.642
-4.642
-4.642
-4.642
-4.642
-4.642
-4.642
-4.642
-4.642
-4.642
-4.642
-4.642
-4.642
-4.642
-4.642
-4.642
-4.642
-4.642
-4.642
-4.642
-4.642
-4.642
-4.642
-4.642
-4.642
-4.642
-4.642
-4.642
-4.642
-4.642
-4.642
-4.642
-4.642
-4.642
-4.642
-4.642
-4.642
-4.642
-4.642
-4.642
-4.642
-4.642
-4.642
-4.642
-4.642
-4.642
-4.642
-4.642
-4.642
-4.642
-4.642
-4.642
-4.642
-4.642
-4.642
-4.642
-4.642
-4.642
-4.642
-4.642
-4.642
-4.642
-4.642
-4.642
-4.642
-4.642
-4.642
-4.642
-4.642


-4.90581162325
-4.80321285141
-4.80321285141
-4.80321285141
-4.80321285141
-4.80321285141
-4.80321285141
-4.80321285141
-4.798
-4.798
-4.798
-4.798
-4.798
-4.798
-4.798
-4.798
-4.798
-4.798
-4.798
-4.798
-4.798
-4.798
-4.798
-4.798
-4.798
-4.798
-4.798
-4.798
-4.798
-4.798
-4.798
-4.798
-4.798
-4.798
-4.798
-4.798
-4.798
-4.798
-4.798
-4.798
-4.798
-4.798
-4.798
-4.798
-4.798
-4.798
-4.798
-4.798
-4.798
-4.798
-4.798
-4.798
-4.798
-4.798
-4.798
-4.798
-4.798
-4.798
-4.798
-4.798
-4.798
-4.798
-4.798
-4.798
-4.798
-4.798
-4.798
-4.798
-4.798
-4.798
-4.798
-4.798
-4.798
-4.798
-4.798
-4.798
-4.798
-4.798
-4.798
-4.798
-4.798
-4.798
-4.798
-4.798
-4.798
-4.798
-4.798
-4.798
-4.798
-4.798
-4.798
-4.798
-4.798
-4.798
-4.798
-4.798
-4.798
-4.798
-4.798
-4.798
-4.798
-4.798
-4.798
-4.798
-4.798
-4.798
-4.798
-4.798


-4.94969818913
-4.92682926829
-4.87
-4.86409736308
-4.85685483871
-4.85685483871
-4.7696969697
-4.7433808554
-4.72690763052
-4.71572580645
-4.63052208835
-4.586
-4.586
-4.5562248996
-4.5562248996
-4.53106212425
-4.52304609218
-4.522
-4.518
-4.506
-4.506
-4.506
-4.506
-4.506
-4.506
-4.506
-4.506
-4.506
-4.506
-4.506
-4.506
-4.506
-4.506
-4.506
-4.506
-4.506
-4.506
-4.506
-4.506
-4.506
-4.506
-4.506
-4.506
-4.506
-4.506
-4.506
-4.506
-4.506
-4.506
-4.506
-4.506
-4.506
-4.506
-4.506
-4.506
-4.506
-4.506
-4.506
-4.506
-4.506
-4.506
-4.506
-4.506
-4.506
-4.506
-4.506
-4.506
-4.506
-4.506
-4.506
-4.506
-4.506
-4.506
-4.506
-4.506
-4.506
-4.506
-4.506
-4.506
-4.506
-4.506
-4.506
-4.506
-4.506
-4.506
-4.506
-4.506
-4.506
-4.506
-4.506
-4.506
-4.506
-4.506
-4.506
-4.506
-4.506
-4.506
-4.506
-4.506
-4.506
-4.506
-4.506
-4.506
-4.506
-4.506
-4.506
-4.506
-4.506
-4.506
-4.506
-4.506
-4.506
-4.506
-4.506
-4.506
-4.506
-4.506
-4.506
-4.506


-4.91146881288
-4.87323943662
-4.87323943662
-4.87323943662
-4.86172344689
-4.86172344689
-4.86172344689
-4.86172344689
-4.83903420523
-4.788
-4.782
-4.76706827309
-4.75100401606
-4.72945891784
-4.72
-4.708
-4.7
-4.7
-4.696
-4.696
-4.696
-4.696
-4.696
-4.696
-4.696
-4.696
-4.696
-4.696
-4.696
-4.696
-4.696
-4.696
-4.696
-4.696
-4.696
-4.696
-4.696
-4.696
-4.696
-4.696
-4.696
-4.696
-4.696
-4.696
-4.696
-4.696
-4.696
-4.696
-4.696
-4.696
-4.696
-4.696
-4.696
-4.696
-4.696
-4.696
-4.696
-4.696
-4.696
-4.696
-4.696
-4.696
-4.696
-4.696
-4.696
-4.696
-4.696
-4.696
-4.696
-4.696
-4.696
-4.696
-4.696
-4.696
-4.696
-4.696
-4.696
-4.696
-4.696
-4.696
-4.696
-4.696
-4.696
-4.696
-4.696
-4.696
-4.696
-4.696
-4.696
-4.696
-4.696
-4.696
-4.696
-4.696
-4.696
-4.696
-4.696
-4.696
-4.696
-4.696
-4.696
-4.696
-4.696
-4.696
-4.696
-4.696
-4.696
-4.696
-4.696
-4.696
-4.696
-4.696
-4.696
-4.696
-4.696
-4.696
-4.696
-4.696


-5.00408163265
-4.9619238477
-4.9619238477
-4.92540322581
-4.8734939759
-4.8734939759
-4.7875751503
-4.7875751503
-4.78112449799
-4.76352705411
-4.74749498998
-4.734
-4.726
-4.726
-4.726
-4.726
-4.726
-4.726
-4.726
-4.726
-4.726
-4.726
-4.726
-4.726
-4.726
-4.726
-4.726
-4.726
-4.726
-4.726
-4.726
-4.726
-4.726
-4.726
-4.726
-4.726
-4.726
-4.726
-4.726
-4.726
-4.726
-4.726
-4.726
-4.726
-4.726
-4.726
-4.726
-4.726
-4.726
-4.726
-4.726
-4.726
-4.726
-4.726
-4.726
-4.726
-4.726
-4.726
-4.726
-4.726
-4.726
-4.726
-4.726
-4.726
-4.726
-4.726
-4.726
-4.726
-4.726
-4.726
-4.726
-4.726
-4.726
-4.726
-4.726
-4.726
-4.726
-4.726
-4.726
-4.726
-4.726
-4.726
-4.726
-4.726
-4.726
-4.726
-4.726
-4.726
-4.726
-4.726
-4.726
-4.726
-4.726
-4.726
-4.726
-4.726
-4.726
-4.726
-4.726
-4.726
-4.726
-4.726
-4.726
-4.726
-4.726
-4.726
-4.726
-4.726
-4.726
-4.726
-4.726
-4.726


-4.8734939759
-4.8734939759
-4.8734939759
-4.8313253012
-4.8313253012
-4.82494969819
-4.76861167002
-4.76411290323
-4.73293172691
-4.69739478958
-4.6873747495
-4.676
-4.674
-4.672
-4.67134268537
-4.658
-4.658
-4.658
-4.658
-4.658
-4.658
-4.658
-4.658
-4.658
-4.658
-4.658
-4.658
-4.658
-4.658
-4.658
-4.658
-4.658
-4.658
-4.658
-4.658
-4.658
-4.658
-4.658
-4.658
-4.658
-4.658
-4.658
-4.658
-4.658
-4.658
-4.658
-4.658
-4.658
-4.658
-4.658
-4.658
-4.658
-4.658
-4.658
-4.658
-4.658
-4.658
-4.658
-4.658
-4.658
-4.658
-4.658
-4.658
-4.658
-4.658
-4.658
-4.658
-4.658
-4.658
-4.658
-4.658
-4.658
-4.658
-4.658
-4.658
-4.658
-4.658
-4.658
-4.658
-4.658
-4.658
-4.658
-4.658
-4.658
-4.658
-4.658
-4.658
-4.658
-4.658
-4.658
-4.658
-4.658
-4.658
-4.658
-4.658
-4.658
-4.658
-4.658
-4.658
-4.658
-4.658
-4.658
-4.658
-4.658
-4.658
-4.658
-4.658
-4.658
-4.658
-4.658
-4.658
-4.658
-4.658
-4.658
-4.658


-4.886
-4.886
-4.85714285714
-4.8064516129
-4.78672032193
-4.72144288577
-4.72144288577
-4.72144288577
-4.64529058116
-4.63052208835
-4.612
-4.612
-4.59719438878
-4.592
-4.58
-4.58
-4.58
-4.58
-4.58
-4.58
-4.58
-4.58
-4.58
-4.58
-4.58
-4.58
-4.58
-4.58
-4.58
-4.58
-4.58
-4.58
-4.58
-4.58
-4.58
-4.58
-4.58
-4.58
-4.58
-4.58
-4.58
-4.58
-4.58
-4.58
-4.58
-4.58
-4.58
-4.58
-4.58
-4.58
-4.58
-4.58
-4.58
-4.58
-4.58
-4.58
-4.58
-4.58
-4.58
-4.58
-4.58
-4.58
-4.58
-4.58
-4.58
-4.58
-4.58
-4.58
-4.58
-4.58
-4.58
-4.58
-4.58
-4.58
-4.58
-4.58
-4.58
-4.58
-4.58
-4.58
-4.58
-4.58
-4.58
-4.58
-4.58
-4.58
-4.58
-4.58
-4.58
-4.58
-4.58
-4.58
-4.58
-4.58
-4.58
-4.58
-4.58
-4.58
-4.58
-4.58
-4.58
-4.58
-4.58
-4.58
-4.58
-4.58
-4.58
-4.58
-4.58
-4.58
-4.58
-4.58
-4.58
-4.58


-4.95390781563
-4.9048582996
-4.8693877551
-4.81891348089
-4.8
-4.78557114228
-4.78557114228
-4.772
-4.76152304609
-4.752
-4.74549098196
-4.744
-4.736
-4.736
-4.736
-4.736
-4.736
-4.736
-4.736
-4.736
-4.736
-4.736
-4.736
-4.736
-4.736
-4.736
-4.736
-4.736
-4.736
-4.736
-4.736
-4.736
-4.736
-4.736
-4.736
-4.736
-4.736
-4.736
-4.736
-4.736
-4.736
-4.736
-4.736
-4.736
-4.736
-4.736
-4.736
-4.736
-4.736
-4.736
-4.736
-4.736
-4.736
-4.736
-4.736
-4.736
-4.736
-4.736
-4.736
-4.736
-4.736
-4.736
-4.736
-4.736
-4.736
-4.736
-4.736
-4.736
-4.736
-4.736
-4.736
-4.736
-4.736
-4.736
-4.736
-4.736
-4.736
-4.736
-4.736
-4.736
-4.736
-4.736
-4.736
-4.736
-4.736
-4.736
-4.736
-4.736
-4.736
-4.736
-4.736
-4.736
-4.736
-4.736
-4.736
-4.736
-4.736
-4.736
-4.736
-4.736
-4.736
-4.736
-4.736
-4.736
-4.736
-4.736
-4.736
-4.736
-4.736
-4.736
-4.736
-4.736


-4.888
-4.888
-4.888
-4.888
-4.87951807229
-4.87775551102
-4.85742971888
-4.83333333333
-4.79518072289
-4.674
-4.674
-4.616
-4.616
-4.60721442886
-4.56
-4.56
-4.54308617234
-4.54308617234
-4.54
-4.52
-4.52
-4.52
-4.52
-4.52
-4.52
-4.52
-4.52
-4.52
-4.52
-4.52
-4.52
-4.52
-4.52
-4.52
-4.52
-4.52
-4.52
-4.52
-4.52
-4.52
-4.52
-4.52
-4.52
-4.52
-4.52
-4.52
-4.52
-4.52
-4.52
-4.52
-4.52
-4.52
-4.52
-4.52
-4.52
-4.52
-4.52
-4.52
-4.52
-4.52
-4.52
-4.52
-4.52
-4.52
-4.52
-4.52
-4.52
-4.52
-4.52
-4.52
-4.52
-4.52
-4.52
-4.52
-4.52
-4.52
-4.52
-4.52
-4.52
-4.52
-4.52
-4.52
-4.52
-4.52
-4.52
-4.52
-4.52
-4.52
-4.52
-4.52
-4.52
-4.52
-4.52
-4.52
-4.52
-4.52
-4.52
-4.52
-4.52
-4.52
-4.52
-4.52
-4.52
-4.52
-4.52
-4.52
-4.52
-4.52
-4.52
-4.52
-4.52
-4.52
-4.52
-4.52
-4.52
-4.52
-4.52
-4.52
-4.52


-4.86573146293
-4.86573146293
-4.86573146293
-4.83636363636
-4.81287726358
-4.79919678715
-4.76152304609
-4.732
-4.71342685371
-4.696
-4.696
-4.696
-4.684
-4.684
-4.684
-4.684
-4.684
-4.684
-4.684
-4.684
-4.684
-4.684
-4.684
-4.684
-4.684
-4.684
-4.684
-4.684
-4.684
-4.684
-4.684
-4.684
-4.684
-4.684
-4.684
-4.684
-4.684
-4.684
-4.684
-4.684
-4.684
-4.684
-4.684
-4.684
-4.684
-4.684
-4.684
-4.684
-4.684
-4.684
-4.684
-4.684
-4.684
-4.684
-4.684
-4.684
-4.684
-4.684
-4.684
-4.684
-4.684
-4.684
-4.684
-4.684
-4.684
-4.684
-4.684
-4.684
-4.684
-4.684
-4.684
-4.684
-4.684
-4.684
-4.684
-4.684
-4.684
-4.684
-4.684
-4.684
-4.684
-4.684
-4.684
-4.684
-4.684
-4.684
-4.684
-4.684
-4.684
-4.684
-4.684
-4.684
-4.684
-4.684
-4.684
-4.684
-4.684
-4.684
-4.684
-4.684
-4.684
-4.684
-4.684
-4.684
-4.684
-4.684
-4.684
-4.684
-4.684
-4.684
-4.684
-4.684


-4.94779116466
-4.9476861167
-4.90562248996
-4.85341365462
-4.84939759036
-4.798
-4.798
-4.7875751503
-4.77154308617
-4.74497991968
-4.74497991968
-4.74497991968
-4.718
-4.718
-4.718
-4.694
-4.694
-4.694
-4.694
-4.694
-4.694
-4.694
-4.694
-4.694
-4.694
-4.694
-4.694
-4.694
-4.694
-4.694
-4.694
-4.694
-4.694
-4.694
-4.694
-4.694
-4.694
-4.694
-4.694
-4.694
-4.694
-4.694
-4.694
-4.694
-4.694
-4.694
-4.694
-4.694
-4.694
-4.694
-4.694
-4.694
-4.694
-4.694
-4.694
-4.694
-4.694
-4.694
-4.694
-4.694
-4.694
-4.694
-4.694
-4.694
-4.694
-4.694
-4.694
-4.694
-4.694
-4.694
-4.694
-4.694
-4.694
-4.694
-4.694
-4.694
-4.694
-4.694
-4.694
-4.694
-4.694
-4.694
-4.694
-4.694
-4.694
-4.694
-4.694
-4.694
-4.694
-4.694
-4.694
-4.694
-4.694
-4.694
-4.694
-4.694
-4.694
-4.694
-4.694
-4.694
-4.694
-4.694
-4.694
-4.694
-4.694
-4.694
-4.694
-4.694
-4.694
-4.694
-4.694
-4.694
-4.694
-4.694
-4.694


-4.94779116466
-4.92540322581
-4.92540322581
-4.80241935484
-4.80241935484
-4.79716024341
-4.71686746988
-4.67269076305
-4.638
-4.62977867203
-4.60843373494
-4.5871743487
-4.5871743487
-4.578
-4.57
-4.57
-4.57
-4.57
-4.57
-4.57
-4.57
-4.57
-4.57
-4.57
-4.57
-4.57
-4.57
-4.57
-4.57
-4.57
-4.57
-4.57
-4.57
-4.57
-4.57
-4.57
-4.57
-4.57
-4.57
-4.57
-4.57
-4.57
-4.57
-4.57
-4.57
-4.57
-4.57
-4.57
-4.57
-4.57
-4.57
-4.57
-4.57
-4.57
-4.57
-4.57
-4.57
-4.57
-4.57
-4.57
-4.57
-4.57
-4.57
-4.57
-4.57
-4.57
-4.57
-4.57
-4.57
-4.57
-4.57
-4.57
-4.57
-4.57
-4.57
-4.57
-4.57
-4.57
-4.57
-4.57
-4.57
-4.57
-4.57
-4.57
-4.57
-4.57
-4.57
-4.57
-4.57
-4.57
-4.57
-4.57
-4.57
-4.57
-4.57
-4.57
-4.57
-4.57
-4.57
-4.57
-4.57
-4.57
-4.57
-4.57
-4.57
-4.57
-4.57
-4.57
-4.57
-4.57
-4.57
-4.57
-4.57
-4.57


-4.90543259557
-4.89558232932
-4.84959349593
-4.83967935872
-4.83967935872
-4.83299798793
-4.78514056225
-4.72088353414
-4.72088353414
-4.70941883768
-4.69678714859
-4.69138276553
-4.6873747495
-4.6753507014
-4.662
-4.662
-4.654
-4.654
-4.654
-4.654
-4.654
-4.654
-4.654
-4.654
-4.654
-4.654
-4.654
-4.654
-4.654
-4.654
-4.654
-4.654
-4.654
-4.654
-4.654
-4.654
-4.654
-4.654
-4.654
-4.654
-4.654
-4.654
-4.654
-4.654
-4.654
-4.654
-4.654
-4.654
-4.654
-4.654
-4.654
-4.654
-4.654
-4.654
-4.654
-4.654
-4.654
-4.654
-4.654
-4.654
-4.654
-4.654
-4.654
-4.654
-4.654
-4.654
-4.654
-4.654
-4.654
-4.654
-4.654
-4.654
-4.654
-4.654
-4.654
-4.654
-4.654
-4.654
-4.654
-4.654
-4.654
-4.654
-4.654
-4.654
-4.654
-4.654
-4.654
-4.654
-4.654
-4.654
-4.654
-4.654
-4.654
-4.654
-4.654
-4.654
-4.654
-4.654
-4.654
-4.654
-4.654
-4.654
-4.654
-4.654
-4.654
-4.654
-4.654
-4.654
-4.654
-4.654
-4.654
-4.654
-4.654
-4.654
-4.654
-4.654


-4.8376753507
-4.8376753507
-4.818
-4.818
-4.80443548387
-4.784
-4.784
-4.764
-4.764
-4.748
-4.744
-4.74
-4.74
-4.74
-4.74
-4.74
-4.74
-4.74
-4.74
-4.74
-4.74
-4.74
-4.74
-4.74
-4.74
-4.74
-4.74
-4.74
-4.74
-4.74
-4.74
-4.74
-4.74
-4.74
-4.74
-4.74
-4.74
-4.74
-4.74
-4.74
-4.74
-4.74
-4.74
-4.74
-4.74
-4.74
-4.74
-4.74
-4.74
-4.74
-4.74
-4.74
-4.74
-4.74
-4.74
-4.74
-4.74
-4.74
-4.74
-4.74
-4.74
-4.74
-4.74
-4.74
-4.74
-4.74
-4.74
-4.74
-4.74
-4.74
-4.74
-4.74
-4.74
-4.74
-4.74
-4.74
-4.74
-4.74
-4.74
-4.74
-4.74
-4.74
-4.74
-4.74
-4.74
-4.74
-4.74
-4.74
-4.74
-4.74
-4.74
-4.74
-4.74
-4.74
-4.74
-4.74
-4.74
-4.74
-4.74
-4.74
-4.74
-4.74
-4.74
-4.74
-4.74
-4.74
-4.74
-4.74
-4.74
-4.74
-4.74


-4.94176706827
-4.88977955912
-4.85571142285
-4.82765531062
-4.82765531062
-4.82765531062
-4.81162324649
-4.80281690141
-4.78112449799
-4.76814516129
-4.75551102204
-4.75150300601
-4.72891566265
-4.714
-4.714
-4.706
-4.706
-4.706
-4.706
-4.706
-4.706
-4.706
-4.706
-4.706
-4.706
-4.706
-4.706
-4.706
-4.706
-4.706
-4.706
-4.706
-4.706
-4.706
-4.706
-4.706
-4.706
-4.706
-4.706
-4.706
-4.706
-4.706
-4.706
-4.706
-4.706
-4.706
-4.706
-4.706
-4.706
-4.706
-4.706
-4.706
-4.706
-4.706
-4.706
-4.706
-4.706
-4.706
-4.706
-4.706
-4.706
-4.706
-4.706
-4.706
-4.706
-4.706
-4.706
-4.706
-4.706
-4.706
-4.706
-4.706
-4.706
-4.706
-4.706
-4.706
-4.706
-4.706
-4.706
-4.706
-4.706
-4.706
-4.706
-4.706
-4.706
-4.706
-4.706
-4.706
-4.706
-4.706
-4.706
-4.706
-4.706
-4.706
-4.706
-4.706
-4.706
-4.706
-4.706
-4.706
-4.706
-4.706
-4.706
-4.706
-4.706
-4.706
-4.706
-4.706
-4.706
-4.706
-4.706
-4.706
-4.706
-4.706
-4.706


-4.89090909091
-4.818
-4.818
-4.78313253012
-4.774
-4.75951903808
-4.742
-4.73146292585
-4.72745490982
-4.71285140562
-4.70883534137
-4.69539078156
-4.676
-4.676
-4.676
-4.676
-4.676
-4.676
-4.676
-4.676
-4.676
-4.676
-4.676
-4.676
-4.676
-4.676
-4.676
-4.676
-4.676
-4.676
-4.676
-4.676
-4.676
-4.676
-4.676
-4.676
-4.676
-4.676
-4.676
-4.676
-4.676
-4.676
-4.676
-4.676
-4.676
-4.676
-4.676
-4.676
-4.676
-4.676
-4.676
-4.676
-4.676
-4.676
-4.676
-4.676
-4.676
-4.676
-4.676
-4.676
-4.676
-4.676
-4.676
-4.676
-4.676
-4.676
-4.676
-4.676
-4.676
-4.676
-4.676
-4.676
-4.676
-4.676
-4.676
-4.676
-4.676
-4.676
-4.676
-4.676
-4.676
-4.676
-4.676
-4.676
-4.676
-4.676
-4.676
-4.676
-4.676
-4.676
-4.676
-4.676
-4.676
-4.676
-4.676
-4.676
-4.676
-4.676
-4.676
-4.676
-4.676
-4.676
-4.676
-4.676
-4.676
-4.676
-4.676
-4.676
-4.676
-4.676
-4.676
-4.676


-4.93522267206
-4.91750503018
-4.88306451613
-4.84337349398
-4.73493975904
-4.73493975904
-4.68
-4.672
-4.656
-4.656
-4.656
-4.652
-4.648
-4.648
-4.648
-4.648
-4.648
-4.648
-4.648
-4.648
-4.648
-4.648
-4.648
-4.648
-4.648
-4.648
-4.648
-4.648
-4.648
-4.648
-4.648
-4.648
-4.648
-4.648
-4.648
-4.648
-4.648
-4.648
-4.648
-4.648
-4.648
-4.648
-4.648
-4.648
-4.648
-4.648
-4.648
-4.648
-4.648
-4.648
-4.648
-4.648
-4.648
-4.648
-4.648
-4.648
-4.648
-4.648
-4.648
-4.648
-4.648
-4.648
-4.648
-4.648
-4.648
-4.648
-4.648
-4.648
-4.648
-4.648
-4.648
-4.648
-4.648
-4.648
-4.648
-4.648
-4.648
-4.648
-4.648
-4.648
-4.648
-4.648
-4.648
-4.648
-4.648
-4.648
-4.648
-4.648
-4.648
-4.648
-4.648
-4.648
-4.648
-4.648
-4.648
-4.648
-4.648
-4.648
-4.648
-4.648
-4.648
-4.648
-4.648
-4.648
-4.648
-4.648
-4.648
-4.648
-4.648
-4.648
-4.648
-4.648


-4.93522267206
-4.87951807229
-4.87122736419
-4.85
-4.79358717435
-4.78156312625
-4.76
-4.76
-4.748
-4.736
-4.736
-4.736
-4.736
-4.724
-4.724
-4.724
-4.724
-4.724
-4.724
-4.724
-4.724
-4.724
-4.724
-4.724
-4.724
-4.724
-4.724
-4.724
-4.724
-4.724
-4.724
-4.724
-4.724
-4.724
-4.724
-4.724
-4.724
-4.724
-4.724
-4.724
-4.724
-4.724
-4.724
-4.724
-4.724
-4.724
-4.724
-4.724
-4.724
-4.724
-4.724
-4.724
-4.724
-4.724
-4.724
-4.724
-4.724
-4.724
-4.724
-4.724
-4.724
-4.724
-4.724
-4.724
-4.724
-4.724
-4.724
-4.724
-4.724
-4.724
-4.724
-4.724
-4.724
-4.724
-4.724
-4.724
-4.724
-4.724
-4.724
-4.724
-4.724
-4.724
-4.724
-4.724
-4.724
-4.724
-4.724
-4.724
-4.724
-4.724
-4.724
-4.724
-4.724
-4.724
-4.724
-4.724
-4.724
-4.724
-4.724
-4.724
-4.724
-4.724
-4.724
-4.724
-4.724
-4.724
-4.724
-4.724
-4.724
-4.724
-4.724
-4.724
-4.724


-4.89939637827
-4.89939637827
-4.80482897384
-4.80482897384
-4.80327868852
-4.80120481928
-4.67002012072
-4.67002012072
-4.64859437751
-4.63927855711
-4.62851405622
-4.60721442886
-4.602
-4.594
-4.59
-4.59
-4.59
-4.59
-4.59
-4.59
-4.59
-4.59
-4.59
-4.59
-4.59
-4.59
-4.59
-4.59
-4.59
-4.59
-4.59
-4.59
-4.59
-4.59
-4.59
-4.59
-4.59
-4.59
-4.59
-4.59
-4.59
-4.59
-4.59
-4.59
-4.59
-4.59
-4.59
-4.59
-4.59
-4.59
-4.59
-4.59
-4.59
-4.59
-4.59
-4.59
-4.59
-4.59
-4.59
-4.59
-4.59
-4.59
-4.59
-4.59
-4.59
-4.59
-4.59
-4.59
-4.59
-4.59
-4.59
-4.59
-4.59
-4.59
-4.59
-4.59
-4.59
-4.59
-4.59
-4.59
-4.59
-4.59
-4.59
-4.59
-4.59
-4.59
-4.59
-4.59
-4.59
-4.59
-4.59
-4.59
-4.59
-4.59
-4.59
-4.59
-4.59
-4.59
-4.59
-4.59
-4.59
-4.59
-4.59
-4.59
-4.59
-4.59
-4.59
-4.59
-4.59
-4.59
-4.59
-4.59
-4.59
-4.59


-4.84136546185
-4.84136546185
-4.84136546185
-4.84136546185
-4.84136546185
-4.81763527054
-4.81763527054
-4.79919678715
-4.77419354839
-4.75751503006
-4.75653923541
-4.74549098196
-4.72
-4.704
-4.69739478958
-4.692
-4.692
-4.692
-4.688
-4.688
-4.688
-4.688
-4.688
-4.688
-4.688
-4.688
-4.688
-4.688
-4.688
-4.688
-4.688
-4.688
-4.688
-4.688
-4.688
-4.688
-4.688
-4.688
-4.688
-4.688
-4.688
-4.688
-4.688
-4.688
-4.688
-4.688
-4.688
-4.688
-4.688
-4.688
-4.688
-4.688
-4.688
-4.688
-4.688
-4.688
-4.688
-4.688
-4.688
-4.688
-4.688
-4.688
-4.688
-4.688
-4.688
-4.688
-4.688
-4.688
-4.688
-4.688
-4.688
-4.688
-4.688
-4.688
-4.688
-4.688
-4.688
-4.688
-4.688
-4.688
-4.688
-4.688
-4.688
-4.688
-4.688
-4.688
-4.688
-4.688
-4.688
-4.688
-4.688
-4.688
-4.688
-4.688
-4.688
-4.688
-4.688
-4.688
-4.688
-4.688
-4.688
-4.688
-4.688
-4.688
-4.688
-4.688
-4.688
-4.688
-4.688
-4.688
-4.688
-4.688
-4.688
-4.688
-4.688
-4.688
-4.688
-4.688


-4.9437751004
-4.88353413655
-4.85915492958
-4.79158316633
-4.78024193548
-4.75702811245
-4.70481927711
-4.70481927711
-4.69539078156
-4.662
-4.662
-4.654
-4.654
-4.654
-4.654
-4.654
-4.654
-4.654
-4.654
-4.654
-4.654
-4.654
-4.654
-4.654
-4.654
-4.654
-4.654
-4.654
-4.654
-4.654
-4.654
-4.654
-4.654
-4.654
-4.654
-4.654
-4.654
-4.654
-4.654
-4.654
-4.654
-4.654
-4.654
-4.654
-4.654
-4.654
-4.654
-4.654
-4.654
-4.654
-4.654
-4.654
-4.654
-4.654
-4.654
-4.654
-4.654
-4.654
-4.654
-4.654
-4.654
-4.654
-4.654
-4.654
-4.654
-4.654
-4.654
-4.654
-4.654
-4.654
-4.654
-4.654
-4.654
-4.654
-4.654
-4.654
-4.654
-4.654
-4.654
-4.654
-4.654
-4.654
-4.654
-4.654
-4.654
-4.654
-4.654
-4.654
-4.654
-4.654
-4.654
-4.654
-4.654
-4.654
-4.654
-4.654
-4.654
-4.654
-4.654
-4.654
-4.654
-4.654
-4.654
-4.654
-4.654
-4.654
-4.654
-4.654
-4.654
-4.654
-4.654


-4.93
-4.914
-4.914
-4.914
-4.87975951904
-4.87751004016
-4.84817813765
-4.83567134269
-4.77955911824
-4.77955911824
-4.77955911824
-4.754
-4.754
-4.754
-4.75
-4.75
-4.75
-4.75
-4.75
-4.75
-4.75
-4.75
-4.75
-4.75
-4.75
-4.75
-4.75
-4.75
-4.75
-4.75
-4.75
-4.75
-4.75
-4.75
-4.75
-4.75
-4.75
-4.75
-4.75
-4.75
-4.75
-4.75
-4.75
-4.75
-4.75
-4.75
-4.75
-4.75
-4.75
-4.75
-4.75
-4.75
-4.75
-4.75
-4.75
-4.75
-4.75
-4.75
-4.75
-4.75
-4.75
-4.75
-4.75
-4.75
-4.75
-4.75
-4.75
-4.75
-4.75
-4.75
-4.75
-4.75
-4.75
-4.75
-4.75
-4.75
-4.75
-4.75
-4.75
-4.75
-4.75
-4.75
-4.75
-4.75
-4.75
-4.75
-4.75
-4.75
-4.75
-4.75
-4.75
-4.75
-4.75
-4.75
-4.75
-4.75
-4.75
-4.75
-4.75
-4.75
-4.75
-4.75
-4.75
-4.75
-4.75
-4.75
-4.75
-4.75
-4.75
-4.75
-4.75
-4.75
-4.75
-4.75


-4.89178356713
-4.878
-4.87
-4.84337349398
-4.7967806841
-4.738
-4.738
-4.72344689379
-4.71142284569
-4.702
-4.68875502008
-4.658
-4.658
-4.65531062124
-4.646
-4.646
-4.646
-4.646
-4.646
-4.646
-4.646
-4.646
-4.646
-4.646
-4.646
-4.646
-4.646
-4.646
-4.646
-4.646
-4.646
-4.646
-4.646
-4.646
-4.646
-4.646
-4.646
-4.646
-4.646
-4.646
-4.646
-4.646
-4.646
-4.646
-4.646
-4.646
-4.646
-4.646
-4.646
-4.646
-4.646
-4.646
-4.646
-4.646
-4.646
-4.646
-4.646
-4.646
-4.646
-4.646
-4.646
-4.646
-4.646
-4.646
-4.646
-4.646
-4.646
-4.646
-4.646
-4.646
-4.646
-4.646
-4.646
-4.646
-4.646
-4.646
-4.646
-4.646
-4.646
-4.646
-4.646
-4.646
-4.646
-4.646
-4.646
-4.646
-4.646
-4.646
-4.646
-4.646
-4.646
-4.646
-4.646
-4.646
-4.646
-4.646
-4.646
-4.646
-4.646
-4.646
-4.646
-4.646
-4.646
-4.646
-4.646
-4.646
-4.646
-4.646
-4.646
-4.646
-4.646
-4.646
-4.646
-4.646


-4.92152917505
-4.90380761523
-4.87701612903
-4.87701612903
-4.842
-4.842
-4.82
-4.81
-4.81
-4.808
-4.804
-4.796
-4.786
-4.786
-4.786
-4.786
-4.786
-4.786
-4.786
-4.786
-4.786
-4.786
-4.786
-4.786
-4.786
-4.786
-4.786
-4.786
-4.786
-4.786
-4.786
-4.786
-4.786
-4.786
-4.786
-4.786
-4.786
-4.786
-4.786
-4.786
-4.786
-4.786
-4.786
-4.786
-4.786
-4.786
-4.786
-4.786
-4.786
-4.786
-4.786
-4.786
-4.786
-4.786
-4.786
-4.786
-4.786
-4.786
-4.786
-4.786
-4.786
-4.786
-4.786
-4.786
-4.786
-4.786
-4.786
-4.786
-4.786
-4.786
-4.786
-4.786
-4.786
-4.786
-4.786
-4.786
-4.786
-4.786
-4.786
-4.786
-4.786
-4.786
-4.786
-4.786
-4.786
-4.786
-4.786
-4.786
-4.786
-4.786
-4.786
-4.786
-4.786
-4.786
-4.786
-4.786
-4.786
-4.786
-4.786
-4.786
-4.786
-4.786
-4.786
-4.786
-4.786
-4.786
-4.786
-4.786
-4.786
-4.786
-4.786
-4.786


-4.932
-4.89759036145
-4.89759036145
-4.89759036145
-4.89759036145
-4.87323943662
-4.86546184739
-4.83166332665
-4.818
-4.81325301205
-4.79559118236
-4.79
-4.778
-4.774
-4.766
-4.766
-4.766
-4.766
-4.766
-4.766
-4.766
-4.766
-4.766
-4.766
-4.766
-4.766
-4.766
-4.766
-4.766
-4.766
-4.766
-4.766
-4.766
-4.766
-4.766
-4.766
-4.766
-4.766
-4.766
-4.766
-4.766
-4.766
-4.766
-4.766
-4.766
-4.766
-4.766
-4.766
-4.766
-4.766
-4.766
-4.766
-4.766
-4.766
-4.766
-4.766
-4.766
-4.766
-4.766
-4.766
-4.766
-4.766
-4.766
-4.766
-4.766
-4.766
-4.766
-4.766
-4.766
-4.766
-4.766
-4.766
-4.766
-4.766
-4.766
-4.766
-4.766
-4.766
-4.766
-4.766
-4.766
-4.766
-4.766
-4.766
-4.766
-4.766
-4.766
-4.766
-4.766
-4.766
-4.766
-4.766
-4.766
-4.766
-4.766
-4.766
-4.766
-4.766
-4.766
-4.766
-4.766
-4.766
-4.766
-4.766
-4.766
-4.766
-4.766
-4.766
-4.766
-4.766
-4.766
-4.766
-4.766
-4.766


-4.9797979798
-4.86116700201
-4.86116700201
-4.86116700201
-4.86116700201
-4.8313253012
-4.8313253012
-4.824
-4.732
-4.732
-4.72945891784
-4.70541082164
-4.70541082164
-4.70541082164
-4.68537074148
-4.67334669339
-4.66132264529
-4.65330661323
-4.65330661323
-4.64
-4.636
-4.636
-4.636
-4.636
-4.636
-4.636
-4.636
-4.636
-4.636
-4.636
-4.636
-4.636
-4.636
-4.636
-4.636
-4.636
-4.636
-4.636
-4.636
-4.636
-4.636
-4.636
-4.636
-4.636
-4.636
-4.636
-4.636
-4.636
-4.636
-4.636
-4.636
-4.636
-4.636
-4.636
-4.636
-4.636
-4.636
-4.636
-4.636
-4.636
-4.636
-4.636
-4.636
-4.636
-4.636
-4.636
-4.636
-4.636
-4.636
-4.636
-4.636
-4.636
-4.636
-4.636
-4.636
-4.636
-4.636
-4.636
-4.636
-4.636
-4.636
-4.636
-4.636
-4.636
-4.636
-4.636
-4.636
-4.636
-4.636
-4.636
-4.636
-4.636
-4.636
-4.636
-4.636
-4.636
-4.636
-4.636
-4.636
-4.636
-4.636
-4.636
-4.636
-4.636
-4.636
-4.636
-4.636
-4.636
-4.636
-4.636
-4.636
-4.636
-4.636
-4.636
-4.636
-4.636
-4.636
-4.636
-4.636
-4.636


-4.91532258065
-4.82546201232
-4.77281947262
-4.75359342916
-4.73265306122
-4.69277108434
-4.60320641283
-4.60320641283
-4.5871743487
-4.57630522088
-4.542
-4.542
-4.542
-4.53907815631
-4.534
-4.534
-4.534
-4.534
-4.534
-4.534
-4.534
-4.534
-4.534
-4.534
-4.534
-4.534
-4.534
-4.534
-4.534
-4.534
-4.534
-4.534
-4.534
-4.534
-4.534
-4.534
-4.534
-4.534
-4.534
-4.534
-4.534
-4.534
-4.534
-4.534
-4.534
-4.534
-4.534
-4.534
-4.534
-4.534
-4.534
-4.534
-4.534
-4.534
-4.534
-4.534
-4.534
-4.534
-4.534
-4.534
-4.534
-4.534
-4.534
-4.534
-4.534
-4.534
-4.534
-4.534
-4.534
-4.534
-4.534
-4.534
-4.534
-4.534
-4.534
-4.534
-4.534
-4.534
-4.534
-4.534
-4.534
-4.534
-4.534
-4.534
-4.534
-4.534
-4.534
-4.534
-4.534
-4.534
-4.534
-4.534
-4.534
-4.534
-4.534
-4.534
-4.534
-4.534
-4.534
-4.534
-4.534
-4.534
-4.534
-4.534
-4.534
-4.534
-4.534
-4.534
-4.534
-4.534
-4.534
-4.534
-4.534
-4.534


-4.85513078471
-4.85513078471
-4.85513078471
-4.82965931864
-4.824
-4.824
-4.77755511022
-4.77755511022
-4.75751503006
-4.752
-4.7374749499
-4.7374749499
-4.7254509018
-4.712
-4.712
-4.7
-4.692
-4.692
-4.692
-4.692
-4.692
-4.692
-4.692
-4.692
-4.692
-4.692
-4.692
-4.692
-4.692
-4.692
-4.692
-4.692
-4.692
-4.692
-4.692
-4.692
-4.692
-4.692
-4.692
-4.692
-4.692
-4.692
-4.692
-4.692
-4.692
-4.692
-4.692
-4.692
-4.692
-4.692
-4.692
-4.692
-4.692
-4.692
-4.692
-4.692
-4.692
-4.692
-4.692
-4.692
-4.692
-4.692
-4.692
-4.692
-4.692
-4.692
-4.692
-4.692
-4.692
-4.692
-4.692
-4.692
-4.692
-4.692
-4.692
-4.692
-4.692
-4.692
-4.692
-4.692
-4.692
-4.692
-4.692
-4.692
-4.692
-4.692
-4.692
-4.692
-4.692
-4.692
-4.692
-4.692
-4.692
-4.692
-4.692
-4.692
-4.692
-4.692
-4.692
-4.692
-4.692
-4.692
-4.692
-4.692
-4.692
-4.692
-4.692
-4.692
-4.692
-4.692
-4.692
-4.692
-4.692
-4.692
-4.692
-4.692


