-9.94094094094
-9.92
-9.92
-9.89189189189
-9.87387387387
-9.87248995984
-9.87248995984
-9.755
-9.755
-9.73873873874
-9.73873873874
-9.72072072072
-9.67835671343
-9.67835671343
-9.67835671343
-9.673
-9.667
-9.667
-9.667
-9.667
-9.665
-9.665
-9.665
-9.665
-9.665
-9.665
-9.665
-9.665
-9.665
-9.665
-9.665
-9.665
-9.665
-9.665
-9.665
-9.665
-9.665
-9.665
-9.665
-9.665
-9.665
-9.665
-9.665
-9.665
-9.665
-9.665
-9.665
-9.665
-9.665
-9.665
-9.665
-9.665
-9.665
-9.665
-9.665
-9.665
-9.665
-9.665
-9.665
-9.665
-9.665
-9.665
-9.665
-9.665
-9.665
-9.665
-9.665
-9.665
-9.665
-9.665
-9.665
-9.665
-9.665
-9.665
-9.665
-9.665
-9.665
-9.665
-9.665
-9.665
-9.665
-9.665
-9.665
-9.665
-9.665
-9.665
-9.665
-9.665
-9.665
-9.665
-9.665
-9.665
-9.665
-9.665
-9.665
-9.665
-9.665
-9.665
-9.665
-9.665
-9.665
-9.665
-9.665
-9.665
-9.665
-9.665
-9.665
-9.665
-9.665
-9.665
-9.665
-9.665
-9.665
-9.665
-9.665
-9.665
-9.665
-9.665
-9.665
-9.665


-9.92377131394
-9.92377131394
-9.91273821464
-9.90881763527
-9.90881763527
-9.90881763527
-9.8783919598
-9.874749499
-9.85685685686
-9.825
-9.81381381381
-9.808
-9.808
-9.778
-9.778
-9.776
-9.77
-9.77
-9.77
-9.77
-9.77
-9.77
-9.77
-9.77
-9.77
-9.77
-9.77
-9.77
-9.77
-9.77
-9.77
-9.77
-9.77
-9.77
-9.77
-9.77
-9.77
-9.77
-9.77
-9.77
-9.77
-9.77
-9.77
-9.77
-9.77
-9.77
-9.77
-9.77
-9.77
-9.77
-9.77
-9.77
-9.77
-9.77
-9.77
-9.77
-9.77
-9.77
-9.77
-9.77
-9.77
-9.77
-9.77
-9.77
-9.77
-9.77
-9.77
-9.77
-9.77
-9.77
-9.77
-9.77
-9.77
-9.77
-9.77
-9.77
-9.77
-9.77
-9.77
-9.77
-9.77
-9.77
-9.77
-9.77
-9.77
-9.77
-9.77
-9.77
-9.77
-9.77
-9.77
-9.77
-9.77
-9.77
-9.77
-9.77
-9.77
-9.77
-9.77
-9.77
-9.77
-9.77
-9.77
-9.77
-9.77
-9.77
-9.77
-9.77
-9.77
-9.77
-9.77
-9.77
-9.77
-9.77
-9.77
-9.77


-9.97487437186
-9.9498997996
-9.9156626506
-9.88888888889
-9.88888888889
-9.88888888889
-9.88565697091
-9.857
-9.851
-9.811
-9.811
-9.78957915832
-9.78957915832
-9.74348697395
-9.74074074074
-9.72590361446
-9.72144288577
-9.688
-9.67334669339
-9.672
-9.66766766767
-9.658
-9.658
-9.652
-9.652
-9.652
-9.648
-9.648
-9.648
-9.648
-9.648
-9.648
-9.648
-9.648
-9.648
-9.648
-9.648
-9.648
-9.648
-9.648
-9.648
-9.648
-9.648
-9.648
-9.648
-9.648
-9.648
-9.648
-9.648
-9.648
-9.648
-9.648
-9.648
-9.648
-9.648
-9.648
-9.648
-9.648
-9.648
-9.648
-9.648
-9.648
-9.648
-9.648
-9.648
-9.648
-9.648
-9.648
-9.648
-9.648
-9.648
-9.648
-9.648
-9.648
-9.648
-9.648
-9.648
-9.648
-9.648
-9.648
-9.648
-9.648
-9.648
-9.648
-9.648
-9.648
-9.648
-9.648
-9.648
-9.648
-9.648
-9.648
-9.648
-9.648
-9.648
-9.648
-9.648
-9.648
-9.648
-9.648
-9.648
-9.648
-9.648
-9.648
-9.648
-9.648
-9.648
-9.648
-9.648
-9.648
-9.648
-9.648
-9.648
-9.648
-9.648
-9.648
-9.648
-9.648
-9.648
-9.648
-9.648
-9.648
-9.648
-9.648
-9.648
-9.648


-9.91574724173
-9.91574724173
-9.882
-9.882
-9.86217303823
-9.82748244734
-9.82748244734
-9.81105527638
-9.75951903808
-9.727
-9.72172172172
-9.71
-9.70541082164
-9.696
-9.685
-9.68
-9.67
-9.67
-9.67
-9.67
-9.67
-9.67
-9.67
-9.67
-9.67
-9.67
-9.67
-9.67
-9.67
-9.67
-9.67
-9.67
-9.67
-9.67
-9.67
-9.67
-9.67
-9.67
-9.67
-9.67
-9.67
-9.67
-9.67
-9.67
-9.67
-9.67
-9.67
-9.67
-9.67
-9.67
-9.67
-9.67
-9.67
-9.67
-9.67
-9.67
-9.67
-9.67
-9.67
-9.67
-9.67
-9.67
-9.67
-9.67
-9.67
-9.67
-9.67
-9.67
-9.67
-9.67
-9.67
-9.67
-9.67
-9.67
-9.67
-9.67
-9.67
-9.67
-9.67
-9.67
-9.67
-9.67
-9.67
-9.67
-9.67
-9.67
-9.67
-9.67
-9.67
-9.67
-9.67
-9.67
-9.67
-9.67
-9.67
-9.67
-9.67
-9.67
-9.67
-9.67
-9.67
-9.67
-9.67
-9.67
-9.67
-9.67
-9.67
-9.67
-9.67
-9.67
-9.67
-9.67
-9.67
-9.67
-9.67
-9.67


-9.82082082082
-9.82082082082
-9.82082082082
-9.82082082082
-9.82082082082
-9.82082082082
-9.82082082082
-9.78156312625
-9.77477477477
-9.76876876877
-9.76876876877
-9.76352705411
-9.76352705411
-9.753
-9.753
-9.738
-9.726
-9.72372372372
-9.72372372372
-9.72
-9.72
-9.72
-9.72
-9.72
-9.72
-9.72
-9.72
-9.72
-9.72
-9.72
-9.72
-9.72
-9.72
-9.72
-9.72
-9.72
-9.72
-9.72
-9.72
-9.72
-9.72
-9.72
-9.72
-9.72
-9.72
-9.72
-9.72
-9.72
-9.72
-9.72
-9.72
-9.72
-9.72
-9.72
-9.72
-9.72
-9.72
-9.72
-9.72
-9.72
-9.72
-9.72
-9.72
-9.72
-9.72
-9.72
-9.72
-9.72
-9.72
-9.72
-9.72
-9.72
-9.72
-9.72
-9.72
-9.72
-9.72
-9.72
-9.72
-9.72
-9.72
-9.72
-9.72
-9.72
-9.72
-9.72
-9.72
-9.72
-9.72
-9.72
-9.72
-9.72
-9.72
-9.72
-9.72
-9.72
-9.72
-9.72
-9.72
-9.72
-9.72
-9.72
-9.72
-9.72
-9.72
-9.72
-9.72
-9.72
-9.72
-9.72
-9.72
-9.72
-9.72
-9.72
-9.72
-9.72
-9.72
-9.72
-9.72


-9.96690070211
-9.89447236181
-9.82482482482
-9.82482482482
-9.82482482482
-9.82482482482
-9.82482482482
-9.80842527583
-9.79839518556
-9.771
-9.771
-9.771
-9.767
-9.767
-9.761
-9.761
-9.761
-9.761
-9.761
-9.761
-9.761
-9.761
-9.761
-9.761
-9.761
-9.761
-9.761
-9.761
-9.761
-9.761
-9.761
-9.761
-9.761
-9.761
-9.761
-9.761
-9.761
-9.761
-9.761
-9.761
-9.761
-9.761
-9.761
-9.761
-9.761
-9.761
-9.761
-9.761
-9.761
-9.761
-9.761
-9.761
-9.761
-9.761
-9.761
-9.761
-9.761
-9.761
-9.761
-9.761
-9.761
-9.761
-9.761
-9.761
-9.761
-9.761
-9.761
-9.761
-9.761
-9.761
-9.761
-9.761
-9.761
-9.761
-9.761
-9.761
-9.761
-9.761
-9.761
-9.761
-9.761
-9.761
-9.761
-9.761
-9.761
-9.761
-9.761
-9.761
-9.761
-9.761
-9.761
-9.761
-9.761
-9.761
-9.761
-9.761
-9.761
-9.761
-9.761
-9.761
-9.761
-9.761
-9.761
-9.761
-9.761
-9.761
-9.761
-9.761
-9.761
-9.761
-9.761
-9.761
-9.761
-9.761


-9.947
-9.91129032258
-9.87726358149
-9.83483483483
-9.81927710843
-9.747
-9.747
-9.73073073073
-9.705
-9.705
-9.699
-9.699
-9.689
-9.685
-9.679
-9.665
-9.665
-9.665
-9.665
-9.665
-9.665
-9.665
-9.665
-9.665
-9.665
-9.665
-9.665
-9.665
-9.665
-9.665
-9.665
-9.665
-9.665
-9.665
-9.665
-9.665
-9.665
-9.665
-9.665
-9.665
-9.665
-9.665
-9.665
-9.665
-9.665
-9.665
-9.665
-9.665
-9.665
-9.665
-9.665
-9.665
-9.665
-9.665
-9.665
-9.665
-9.665
-9.665
-9.665
-9.665
-9.665
-9.665
-9.665
-9.665
-9.665
-9.665
-9.665
-9.665
-9.665
-9.665
-9.665
-9.665
-9.665
-9.665
-9.665
-9.665
-9.665
-9.665
-9.665
-9.665
-9.665
-9.665
-9.665
-9.665
-9.665
-9.665
-9.665
-9.665
-9.665
-9.665
-9.665
-9.665
-9.665
-9.665
-9.665
-9.665
-9.665
-9.665
-9.665
-9.665
-9.665
-9.665
-9.665
-9.665
-9.665
-9.665
-9.665
-9.665
-9.665
-9.665
-9.665
-9.665
-9.665
-9.665
-9.665


-9.93574297189
-9.93574297189
-9.88176352705
-9.88176352705
-9.88176352705
-9.88176352705
-9.85742971888
-9.78578578579
-9.78578578579
-9.78578578579
-9.756
-9.756
-9.75575575576
-9.746
-9.746
-9.746
-9.746
-9.746
-9.746
-9.746
-9.746
-9.746
-9.746
-9.746
-9.746
-9.746
-9.746
-9.746
-9.746
-9.746
-9.746
-9.746
-9.746
-9.746
-9.746
-9.746
-9.746
-9.746
-9.746
-9.746
-9.746
-9.746
-9.746
-9.746
-9.746
-9.746
-9.746
-9.746
-9.746
-9.746
-9.746
-9.746
-9.746
-9.746
-9.746
-9.746
-9.746
-9.746
-9.746
-9.746
-9.746
-9.746
-9.746
-9.746
-9.746
-9.746
-9.746
-9.746
-9.746
-9.746
-9.746
-9.746
-9.746
-9.746
-9.746
-9.746
-9.746
-9.746
-9.746
-9.746
-9.746
-9.746
-9.746
-9.746
-9.746
-9.746
-9.746
-9.746
-9.746
-9.746
-9.746
-9.746
-9.746
-9.746
-9.746
-9.746
-9.746
-9.746
-9.746
-9.746
-9.746
-9.746
-9.746
-9.746
-9.746
-9.746
-9.746
-9.746
-9.746
-9.746
-9.746
-9.746
-9.746


-9.894
-9.88844221106
-9.88844221106
-9.88844221106
-9.852
-9.852
-9.798
-9.798
-9.798
-9.77
-9.77
-9.77
-9.75150300601
-9.741
-9.73173173173
-9.719
-9.719
-9.704
-9.704
-9.704
-9.704
-9.7037037037
-9.702
-9.698
-9.696
-9.696
-9.69
-9.69
-9.69
-9.69
-9.69
-9.69
-9.69
-9.69
-9.69
-9.69
-9.69
-9.69
-9.69
-9.69
-9.69
-9.69
-9.69
-9.69
-9.69
-9.69
-9.69
-9.69
-9.69
-9.69
-9.69
-9.69
-9.69
-9.69
-9.69
-9.69
-9.69
-9.69
-9.69
-9.69
-9.69
-9.69
-9.69
-9.69
-9.69
-9.69
-9.69
-9.69
-9.69
-9.69
-9.69
-9.69
-9.69
-9.69
-9.69
-9.69
-9.69
-9.69
-9.69
-9.69
-9.69
-9.69
-9.69
-9.69
-9.69
-9.69
-9.69
-9.69
-9.69
-9.69
-9.69
-9.69
-9.69
-9.69
-9.69
-9.69
-9.69
-9.69
-9.69
-9.69
-9.69
-9.69
-9.69
-9.69
-9.69
-9.69
-9.69
-9.69
-9.69
-9.69
-9.69
-9.69
-9.69
-9.69
-9.69
-9.69
-9.69
-9.69
-9.69
-9.69
-9.69
-9.69
-9.69
-9.69
-9.69
-9.69


-9.92168674699
-9.9185110664
-9.9185110664
-9.9185110664
-9.86960882648
-9.83
-9.83
-9.808
-9.806
-9.8
-9.794
-9.794
-9.794
-9.794
-9.794
-9.794
-9.794
-9.794
-9.794
-9.794
-9.794
-9.794
-9.794
-9.794
-9.794
-9.794
-9.794
-9.794
-9.794
-9.794
-9.794
-9.794
-9.794
-9.794
-9.794
-9.794
-9.794
-9.794
-9.794
-9.794
-9.794
-9.794
-9.794
-9.794
-9.794
-9.794
-9.794
-9.794
-9.794
-9.794
-9.794
-9.794
-9.794
-9.794
-9.794
-9.794
-9.794
-9.794
-9.794
-9.794
-9.794
-9.794
-9.794
-9.794
-9.794
-9.794
-9.794
-9.794
-9.794
-9.794
-9.794
-9.794
-9.794
-9.794
-9.794
-9.794
-9.794
-9.794
-9.794
-9.794
-9.794
-9.794
-9.794
-9.794
-9.794
-9.794
-9.794
-9.794
-9.794
-9.794
-9.794
-9.794
-9.794
-9.794
-9.794
-9.794
-9.794
-9.794
-9.794
-9.794
-9.794
-9.794
-9.794
-9.794
-9.794
-9.794
-9.794
-9.794
-9.794
-9.794


-9.94684052156
-9.90972918756
-9.90845070423
-9.80661322645
-9.76358148893
-9.749
-9.70440881764
-9.70440881764
-9.70440881764
-9.67367367367
-9.67367367367
-9.654
-9.654
-9.648
-9.638
-9.638
-9.638
-9.638
-9.638
-9.638
-9.638
-9.638
-9.638
-9.638
-9.638
-9.638
-9.638
-9.638
-9.638
-9.638
-9.638
-9.638
-9.638
-9.638
-9.638
-9.638
-9.638
-9.638
-9.638
-9.638
-9.638
-9.638
-9.638
-9.638
-9.638
-9.638
-9.638
-9.638
-9.638
-9.638
-9.638
-9.638
-9.638
-9.638
-9.638
-9.638
-9.638
-9.638
-9.638
-9.638
-9.638
-9.638
-9.638
-9.638
-9.638
-9.638
-9.638
-9.638
-9.638
-9.638
-9.638
-9.638
-9.638
-9.638
-9.638
-9.638
-9.638
-9.638
-9.638
-9.638
-9.638
-9.638
-9.638
-9.638
-9.638
-9.638
-9.638
-9.638
-9.638
-9.638
-9.638
-9.638
-9.638
-9.638
-9.638
-9.638
-9.638
-9.638
-9.638
-9.638
-9.638
-9.638
-9.638
-9.638
-9.638
-9.638
-9.638
-9.638
-9.638
-9.638
-9.638
-9.638
-9.638
-9.638


-9.94678714859
-9.853
-9.853
-9.853
-9.8246492986
-9.8246492986
-9.8246492986
-9.8246492986
-9.8246492986
-9.8246492986
-9.8246492986
-9.81381381381
-9.764
-9.764
-9.742
-9.742
-9.74174174174
-9.726
-9.722
-9.722
-9.722
-9.718
-9.714
-9.714
-9.714
-9.714
-9.714
-9.714
-9.714
-9.714
-9.714
-9.714
-9.714
-9.714
-9.714
-9.714
-9.714
-9.714
-9.714
-9.714
-9.714
-9.714
-9.714
-9.714
-9.714
-9.714
-9.714
-9.714
-9.714
-9.714
-9.714
-9.714
-9.714
-9.714
-9.714
-9.714
-9.714
-9.714
-9.714
-9.714
-9.714
-9.714
-9.714
-9.714
-9.714
-9.714
-9.714
-9.714
-9.714
-9.714
-9.714
-9.714
-9.714
-9.714
-9.714
-9.714
-9.714
-9.714
-9.714
-9.714
-9.714
-9.714
-9.714
-9.714
-9.714
-9.714
-9.714
-9.714
-9.714
-9.714
-9.714
-9.714
-9.714
-9.714
-9.714
-9.714
-9.714
-9.714
-9.714
-9.714
-9.714
-9.714
-9.714
-9.714
-9.714
-9.714
-9.714
-9.714
-9.714
-9.714
-9.714
-9.714
-9.714
-9.714
-9.714
-9.714
-9.714
-9.714
-9.714
-9.714
-9.714
-9.714


-9.893
-9.893
-9.893
-9.893
-9.893
-9.892
-9.892
-9.892
-9.88442211055
-9.86372745491
-9.83534136546
-9.83534136546
-9.83534136546
-9.755
-9.755
-9.74474474474
-9.688
-9.688
-9.68537074148
-9.67967967968
-9.66366366366
-9.65565565566
-9.648
-9.648
-9.648
-9.648
-9.648
-9.648
-9.648
-9.648
-9.648
-9.648
-9.648
-9.648
-9.648
-9.648
-9.648
-9.648
-9.648
-9.648
-9.648
-9.648
-9.648
-9.648
-9.648
-9.648
-9.648
-9.648
-9.648
-9.648
-9.648
-9.648
-9.648
-9.648
-9.648
-9.648
-9.648
-9.648
-9.648
-9.648
-9.648
-9.648
-9.648
-9.648
-9.648
-9.648
-9.648
-9.648
-9.648
-9.648
-9.648
-9.648
-9.648
-9.648
-9.648
-9.648
-9.648
-9.648
-9.648
-9.648
-9.648
-9.648
-9.648
-9.648
-9.648
-9.648
-9.648
-9.648
-9.648
-9.648
-9.648
-9.648
-9.648
-9.648
-9.648
-9.648
-9.648
-9.648
-9.648
-9.648
-9.648
-9.648
-9.648
-9.648
-9.648
-9.648
-9.648
-9.648
-9.648
-9.648
-9.648
-9.648
-9.648
-9.648
-9.648
-9.648
-9.648
-9.648
-9.648
-9.648
-9.648
-9.648


-9.94466800805
-9.94076305221
-9.92792792793
-9.89389389389
-9.89389389389
-9.856
-9.83983983984
-9.83983983984
-9.826
-9.826
-9.826
-9.822
-9.822
-9.82
-9.816
-9.816
-9.816
-9.816
-9.816
-9.816
-9.816
-9.816
-9.816
-9.816
-9.816
-9.816
-9.816
-9.816
-9.816
-9.816
-9.816
-9.816
-9.816
-9.816
-9.816
-9.816
-9.816
-9.816
-9.816
-9.816
-9.816
-9.816
-9.816
-9.816
-9.816
-9.816
-9.816
-9.816
-9.816
-9.816
-9.816
-9.816
-9.816
-9.816
-9.816
-9.816
-9.816
-9.816
-9.816
-9.816
-9.816
-9.816
-9.816
-9.816
-9.816
-9.816
-9.816
-9.816
-9.816
-9.816
-9.816
-9.816
-9.816
-9.816
-9.816
-9.816
-9.816
-9.816
-9.816
-9.816
-9.816
-9.816
-9.816
-9.816
-9.816
-9.816
-9.816
-9.816
-9.816
-9.816
-9.816
-9.816
-9.816
-9.816
-9.816
-9.816
-9.816
-9.816
-9.816
-9.816
-9.816
-9.816
-9.816
-9.816
-9.816
-9.816
-9.816
-9.816
-9.816
-9.816
-9.816
-9.816
-9.816
-9.816


-9.885
-9.885
-9.885
-9.877
-9.82447342026
-9.76529588766
-9.734
-9.70582329317
-9.68405215647
-9.66966966967
-9.657
-9.65465465465
-9.635
-9.635
-9.625
-9.625
-9.611
-9.607
-9.607
-9.595
-9.595
-9.595
-9.595
-9.595
-9.595
-9.595
-9.595
-9.595
-9.595
-9.595
-9.595
-9.595
-9.595
-9.595
-9.595
-9.595
-9.595
-9.595
-9.595
-9.595
-9.595
-9.595
-9.595
-9.595
-9.595
-9.595
-9.595
-9.595
-9.595
-9.595
-9.595
-9.595
-9.595
-9.595
-9.595
-9.595
-9.595
-9.595
-9.595
-9.595
-9.595
-9.595
-9.595
-9.595
-9.595
-9.595
-9.595
-9.595
-9.595
-9.595
-9.595
-9.595
-9.595
-9.595
-9.595
-9.595
-9.595
-9.595
-9.595
-9.595
-9.595
-9.595
-9.595
-9.595
-9.595
-9.595
-9.595
-9.595
-9.595
-9.595
-9.595
-9.595
-9.595
-9.595
-9.595
-9.595
-9.595
-9.595
-9.595
-9.595
-9.595
-9.595
-9.595
-9.595
-9.595
-9.595
-9.595
-9.595
-9.595
-9.595
-9.595
-9.595
-9.595
-9.595
-9.595
-9.595
-9.595
-9.595
-9.595


-9.95262096774
-9.91374122367
-9.81581581582
-9.81581581582
-9.81581581582
-9.81581581582
-9.81581581582
-9.80780780781
-9.788
-9.788
-9.788
-9.77977977978
-9.76376376376
-9.76376376376
-9.756
-9.73973973974
-9.732
-9.732
-9.732
-9.726
-9.726
-9.726
-9.726
-9.726
-9.726
-9.726
-9.726
-9.726
-9.726
-9.726
-9.726
-9.726
-9.726
-9.726
-9.726
-9.726
-9.726
-9.726
-9.726
-9.726
-9.726
-9.726
-9.726
-9.726
-9.726
-9.726
-9.726
-9.726
-9.726
-9.726
-9.726
-9.726
-9.726
-9.726
-9.726
-9.726
-9.726
-9.726
-9.726
-9.726
-9.726
-9.726
-9.726
-9.726
-9.726
-9.726
-9.726
-9.726
-9.726
-9.726
-9.726
-9.726
-9.726
-9.726
-9.726
-9.726
-9.726
-9.726
-9.726
-9.726
-9.726
-9.726
-9.726
-9.726
-9.726
-9.726
-9.726
-9.726
-9.726
-9.726
-9.726
-9.726
-9.726
-9.726
-9.726
-9.726
-9.726
-9.726
-9.726
-9.726
-9.726
-9.726
-9.726
-9.726
-9.726
-9.726
-9.726
-9.726
-9.726
-9.726
-9.726
-9.726
-9.726
-9.726
-9.726
-9.726
-9.726
-9.726
-9.726


-9.96161616162
-9.88688688689
-9.77208835341
-9.77208835341
-9.76376376376
-9.76376376376
-9.733
-9.71815446339
-9.71815446339
-9.68668668669
-9.673
-9.673
-9.673
-9.667
-9.667
-9.665
-9.661
-9.661
-9.661
-9.661
-9.661
-9.661
-9.661
-9.661
-9.661
-9.661
-9.661
-9.661
-9.661
-9.661
-9.661
-9.661
-9.661
-9.661
-9.661
-9.661
-9.661
-9.661
-9.661
-9.661
-9.661
-9.661
-9.661
-9.661
-9.661
-9.661
-9.661
-9.661
-9.661
-9.661
-9.661
-9.661
-9.661
-9.661
-9.661
-9.661
-9.661
-9.661
-9.661
-9.661
-9.661
-9.661
-9.661
-9.661
-9.661
-9.661
-9.661
-9.661
-9.661
-9.661
-9.661
-9.661
-9.661
-9.661
-9.661
-9.661
-9.661
-9.661
-9.661
-9.661
-9.661
-9.661
-9.661
-9.661
-9.661
-9.661
-9.661
-9.661
-9.661
-9.661
-9.661
-9.661
-9.661
-9.661
-9.661
-9.661
-9.661
-9.661
-9.661
-9.661
-9.661
-9.661
-9.661
-9.661
-9.661
-9.661
-9.661
-9.661
-9.661
-9.661
-9.661
-9.661
-9.661
-9.661
-9.661
-9.661


-9.898
-9.898
-9.85685685686
-9.83183183183
-9.83183183183
-9.7995991984
-9.7995991984
-9.7995991984
-9.7995991984
-9.72972972973
-9.72972972973
-9.72261306533
-9.72261306533
-9.69076305221
-9.668
-9.652
-9.652
-9.64564564565
-9.64564564565
-9.63163163163
-9.626
-9.626
-9.618
-9.618
-9.618
-9.618
-9.618
-9.618
-9.618
-9.618
-9.618
-9.618
-9.618
-9.618
-9.618
-9.618
-9.618
-9.618
-9.618
-9.618
-9.618
-9.618
-9.618
-9.618
-9.618
-9.618
-9.618
-9.618
-9.618
-9.618
-9.618
-9.618
-9.618
-9.618
-9.618
-9.618
-9.618
-9.618
-9.618
-9.618
-9.618
-9.618
-9.618
-9.618
-9.618
-9.618
-9.618
-9.618
-9.618
-9.618
-9.618
-9.618
-9.618
-9.618
-9.618
-9.618
-9.618
-9.618
-9.618
-9.618
-9.618
-9.618
-9.618
-9.618
-9.618
-9.618
-9.618
-9.618
-9.618
-9.618
-9.618
-9.618
-9.618
-9.618
-9.618
-9.618
-9.618
-9.618
-9.618
-9.618
-9.618
-9.618
-9.618
-9.618
-9.618
-9.618
-9.618
-9.618
-9.618
-9.618
-9.618
-9.618
-9.618
-9.618
-9.618
-9.618
-9.618
-9.618
-9.618
-9.618
-9.618
-9.618


-9.89759036145
-9.81005025126
-9.81005025126
-9.7977977978
-9.78391959799
-9.773
-9.662
-9.662
-9.662
-9.662
-9.64764764765
-9.62262262262
-9.60821643287
-9.58016032064
-9.561
-9.561
-9.555
-9.555
-9.555
-9.549
-9.549
-9.549
-9.549
-9.549
-9.549
-9.549
-9.549
-9.549
-9.549
-9.549
-9.549
-9.549
-9.549
-9.549
-9.549
-9.549
-9.549
-9.549
-9.549
-9.549
-9.549
-9.549
-9.549
-9.549
-9.549
-9.549
-9.549
-9.549
-9.549
-9.549
-9.549
-9.549
-9.549
-9.549
-9.549
-9.549
-9.549
-9.549
-9.549
-9.549
-9.549
-9.549
-9.549
-9.549
-9.549
-9.549
-9.549
-9.549
-9.549
-9.549
-9.549
-9.549
-9.549
-9.549
-9.549
-9.549
-9.549
-9.549
-9.549
-9.549
-9.549
-9.549
-9.549
-9.549
-9.549
-9.549
-9.549
-9.549
-9.549
-9.549
-9.549
-9.549
-9.549
-9.549
-9.549
-9.549
-9.549
-9.549
-9.549
-9.549
-9.549
-9.549
-9.549
-9.549
-9.549
-9.549
-9.549
-9.549
-9.549
-9.549
-9.549
-9.549
-9.549
-9.549
-9.549
-9.549
-9.549
-9.549
-9.549


-9.96496496496
-9.92785571142
-9.92785571142
-9.92785571142
-9.91583166333
-9.91583166333
-9.85885885886
-9.85885885886
-9.81981981982
-9.81981981982
-9.81981981982
-9.81981981982
-9.81981981982
-9.81981981982
-9.81981981982
-9.814
-9.812
-9.804
-9.8018018018
-9.8018018018
-9.8018018018
-9.8018018018
-9.8018018018
-9.8018018018
-9.8018018018
-9.8018018018
-9.8018018018
-9.8018018018
-9.8018018018
-9.8018018018
-9.8018018018
-9.8018018018
-9.8018018018
-9.8018018018
-9.8018018018
-9.8018018018
-9.8018018018
-9.8018018018
-9.8018018018
-9.8018018018
-9.8018018018
-9.8018018018
-9.8018018018
-9.8018018018
-9.8018018018
-9.8018018018
-9.8018018018
-9.8018018018
-9.8018018018
-9.8018018018
-9.8018018018
-9.8018018018
-9.8018018018
-9.8018018018
-9.8018018018
-9.8018018018
-9.8018018018
-9.8018018018
-9.8018018018
-9.8018018018
-9.8018018018
-9.8018018018
-9.8018018018
-9.8018018018
-9.8018018018
-9.8018018018
-9.8018018018
-9.8018018018
-9.8018018018
-9.8018018018
-9.8018018018
-9.8018018018
-9.8018018018
-9.8018018018
-9.8018018018
-9.8018018018
-9.8018018018
-9.8018018018
-9.8018018018
-9.8018018018
-9.8018018018
-9.8018018018
-9.8018018018
-9.8018018018
-9.8018018018
-9.8018018018
-9.8018018018
-9.8018018018
-9.8018018018
-9.8018018018
-9.8018018018
-9.8018018018
-9.8018018018
-9.8018018018
-9.8018018018
-9.8018018018
-9.8018018018
-9.8018018018
-9.8018018018
-9.8018018018
-9.8018018018
-9.8018018018
-9.8018018018
-9.8018018018
-9.8018018018
-9.8018018018
-9.8018018018
-9.8018018018
-9.8018018018
-9.8018018018
-9.8018018018
-9.8018018018
-9.8018018018
-9.8018018018
-9.8018018018
-9.8018018018
-9.8018018018
-9.8018018018


-9.91091091091
-9.9039039039
-9.85656565657
-9.85656565657
-9.78478478478
-9.78478478478
-9.77699293643
-9.74698795181
-9.74698795181
-9.74698795181
-9.74698795181
-9.70770770771
-9.69169169169
-9.69169169169
-9.663
-9.654
-9.634
-9.634
-9.63
-9.628
-9.628
-9.626
-9.624
-9.624
-9.622
-9.622
-9.622
-9.622
-9.622
-9.622
-9.622
-9.622
-9.622
-9.622
-9.622
-9.622
-9.622
-9.622
-9.622
-9.622
-9.622
-9.622
-9.622
-9.622
-9.622
-9.622
-9.622
-9.622
-9.622
-9.622
-9.622
-9.622
-9.622
-9.622
-9.622
-9.622
-9.622
-9.622
-9.622
-9.622
-9.622
-9.622
-9.622
-9.622
-9.622
-9.622
-9.622
-9.622
-9.622
-9.622
-9.622
-9.622
-9.622
-9.622
-9.622
-9.622
-9.622
-9.622
-9.622
-9.622
-9.622
-9.622
-9.622
-9.622
-9.622
-9.622
-9.622
-9.622
-9.622
-9.622
-9.622
-9.622
-9.622
-9.622
-9.622
-9.622
-9.622
-9.622
-9.622
-9.622
-9.622
-9.622
-9.622
-9.622
-9.622
-9.622
-9.622
-9.622
-9.622
-9.622
-9.622
-9.622
-9.622
-9.622
-9.622
-9.622
-9.622
-9.622
-9.622
-9.622
-9.622
-9.622
-9.622
-9.622


-9.86886886887
-9.86886886887
-9.86886886887
-9.86886886887
-9.81608040201
-9.80460921844
-9.77054108216
-9.699
-9.683
-9.68036072144
-9.68036072144
-9.633
-9.633
-9.633
-9.619
-9.619
-9.619
-9.619
-9.619
-9.619
-9.619
-9.619
-9.619
-9.619
-9.619
-9.619
-9.619
-9.619
-9.619
-9.619
-9.619
-9.619
-9.619
-9.619
-9.619
-9.619
-9.619
-9.619
-9.619
-9.619
-9.619
-9.619
-9.619
-9.619
-9.619
-9.619
-9.619
-9.619
-9.619
-9.619
-9.619
-9.619
-9.619
-9.619
-9.619
-9.619
-9.619
-9.619
-9.619
-9.619
-9.619
-9.619
-9.619
-9.619
-9.619
-9.619
-9.619
-9.619
-9.619
-9.619
-9.619
-9.619
-9.619
-9.619
-9.619
-9.619
-9.619
-9.619
-9.619
-9.619
-9.619
-9.619
-9.619
-9.619
-9.619
-9.619
-9.619
-9.619
-9.619
-9.619
-9.619
-9.619
-9.619
-9.619
-9.619
-9.619
-9.619
-9.619
-9.619
-9.619
-9.619
-9.619
-9.619
-9.619
-9.619
-9.619
-9.619
-9.619
-9.619
-9.619
-9.619
-9.619
-9.619
-9.619


-9.862
-9.862
-9.85270541082
-9.85270541082
-9.79659318637
-9.78678678679
-9.77277277277
-9.76876876877
-9.7640562249
-9.75475475475
-9.73046092184
-9.71871871872
-9.71871871872
-9.711
-9.703
-9.703
-9.697
-9.697
-9.697
-9.697
-9.697
-9.697
-9.697
-9.697
-9.697
-9.697
-9.697
-9.697
-9.697
-9.697
-9.697
-9.697
-9.697
-9.697
-9.697
-9.697
-9.697
-9.697
-9.697
-9.697
-9.697
-9.697
-9.697
-9.697
-9.697
-9.697
-9.697
-9.697
-9.697
-9.697
-9.697
-9.697
-9.697
-9.697
-9.697
-9.697
-9.697
-9.697
-9.697
-9.697
-9.697
-9.697
-9.697
-9.697
-9.697
-9.697
-9.697
-9.697
-9.697
-9.697
-9.697
-9.697
-9.697
-9.697
-9.697
-9.697
-9.697
-9.697
-9.697
-9.697
-9.697
-9.697
-9.697
-9.697
-9.697
-9.697
-9.697
-9.697
-9.697
-9.697
-9.697
-9.697
-9.697
-9.697
-9.697
-9.697
-9.697
-9.697
-9.697
-9.697
-9.697
-9.697
-9.697
-9.697
-9.697
-9.697
-9.697
-9.697
-9.697
-9.697
-9.697
-9.697
-9.697
-9.697
-9.697
-9.697


-9.95095095095
-9.75475475475
-9.75475475475
-9.74572864322
-9.72872872873
-9.72818455366
-9.68637274549
-9.68637274549
-9.67001003009
-9.655
-9.655
-9.651
-9.635
-9.635
-9.629
-9.629
-9.625
-9.625
-9.625
-9.625
-9.625
-9.625
-9.625
-9.625
-9.625
-9.625
-9.625
-9.625
-9.625
-9.625
-9.625
-9.625
-9.625
-9.625
-9.625
-9.625
-9.625
-9.625
-9.625
-9.625
-9.625
-9.625
-9.625
-9.625
-9.625
-9.625
-9.625
-9.625
-9.625
-9.625
-9.625
-9.625
-9.625
-9.625
-9.625
-9.625
-9.625
-9.625
-9.625
-9.625
-9.625
-9.625
-9.625
-9.625
-9.625
-9.625
-9.625
-9.625
-9.625
-9.625
-9.625
-9.625
-9.625
-9.625
-9.625
-9.625
-9.625
-9.625
-9.625
-9.625
-9.625
-9.625
-9.625
-9.625
-9.625
-9.625
-9.625
-9.625
-9.625
-9.625
-9.625
-9.625
-9.625
-9.625
-9.625
-9.625
-9.625
-9.625
-9.625
-9.625
-9.625
-9.625
-9.625
-9.625
-9.625
-9.625
-9.625
-9.625
-9.625
-9.625
-9.625
-9.625
-9.625
-9.625
-9.625
-9.625


-9.95481927711
-9.95481927711
-9.89357429719
-9.85742971888
-9.85742971888
-9.80382293763
-9.76876876877
-9.76876876877
-9.76076076076
-9.73073073073
-9.73073073073
-9.697
-9.677
-9.677
-9.65665665666
-9.633
-9.633
-9.633
-9.631
-9.631
-9.631
-9.631
-9.631
-9.631
-9.631
-9.631
-9.631
-9.631
-9.631
-9.631
-9.631
-9.631
-9.631
-9.631
-9.631
-9.631
-9.631
-9.631
-9.631
-9.631
-9.631
-9.631
-9.631
-9.631
-9.631
-9.631
-9.631
-9.631
-9.631
-9.631
-9.631
-9.631
-9.631
-9.631
-9.631
-9.631
-9.631
-9.631
-9.631
-9.631
-9.631
-9.631
-9.631
-9.631
-9.631
-9.631
-9.631
-9.631
-9.631
-9.631
-9.631
-9.631
-9.631
-9.631
-9.631
-9.631
-9.631
-9.631
-9.631
-9.631
-9.631
-9.631
-9.631
-9.631
-9.631
-9.631
-9.631
-9.631
-9.631
-9.631
-9.631
-9.631
-9.631
-9.631
-9.631
-9.631
-9.631
-9.631
-9.631
-9.631
-9.631
-9.631
-9.631
-9.631
-9.631
-9.631
-9.631
-9.631
-9.631
-9.631
-9.631
-9.631
-9.631
-9.631
-9.631
-9.631
-9.631
-9.631


-10.0190763052
-9.96076458753
-9.86786786787
-9.79839518556
-9.79839518556
-9.79839518556
-9.77162977867
-9.77162977867
-9.76830491474
-9.74474474474
-9.713
-9.713
-9.711
-9.711
-9.709
-9.707
-9.707
-9.703
-9.701
-9.701
-9.701
-9.701
-9.701
-9.701
-9.701
-9.701
-9.701
-9.701
-9.701
-9.701
-9.701
-9.701
-9.701
-9.701
-9.701
-9.701
-9.701
-9.701
-9.701
-9.701
-9.701
-9.701
-9.701
-9.701
-9.701
-9.701
-9.701
-9.701
-9.701
-9.701
-9.701
-9.701
-9.701
-9.701
-9.701
-9.701
-9.701
-9.701
-9.701
-9.701
-9.701
-9.701
-9.701
-9.701
-9.701
-9.701
-9.701
-9.701
-9.701
-9.701
-9.701
-9.701
-9.701
-9.701
-9.701
-9.701
-9.701
-9.701
-9.701
-9.701
-9.701
-9.701
-9.701
-9.701
-9.701
-9.701
-9.701
-9.701
-9.701
-9.701
-9.701
-9.701
-9.701
-9.701
-9.701
-9.701
-9.701
-9.701
-9.701
-9.701
-9.701
-9.701
-9.701
-9.701
-9.701
-9.701
-9.701
-9.701
-9.701
-9.701
-9.701
-9.701
-9.701
-9.701
-9.701
-9.701
-9.701
-9.701


-9.90653266332
-9.90653266332
-9.8968968969
-9.8968968969
-9.8968968969
-9.868
-9.868
-9.868
-9.868
-9.868
-9.868
-9.78378378378
-9.78378378378
-9.764
-9.76
-9.75
-9.748
-9.748
-9.748
-9.748
-9.748
-9.748
-9.748
-9.748
-9.748
-9.748
-9.748
-9.748
-9.748
-9.748
-9.748
-9.748
-9.748
-9.748
-9.748
-9.748
-9.748
-9.748
-9.748
-9.748
-9.748
-9.748
-9.748
-9.748
-9.748
-9.748
-9.748
-9.748
-9.748
-9.748
-9.748
-9.748
-9.748
-9.748
-9.748
-9.748
-9.748
-9.748
-9.748
-9.748
-9.748
-9.748
-9.748
-9.748
-9.748
-9.748
-9.748
-9.748
-9.748
-9.748
-9.748
-9.748
-9.748
-9.748
-9.748
-9.748
-9.748
-9.748
-9.748
-9.748
-9.748
-9.748
-9.748
-9.748
-9.748
-9.748
-9.748
-9.748
-9.748
-9.748
-9.748
-9.748
-9.748
-9.748
-9.748
-9.748
-9.748
-9.748
-9.748
-9.748
-9.748
-9.748
-9.748
-9.748
-9.748
-9.748
-9.748
-9.748
-9.748
-9.748
-9.748
-9.748
-9.748
-9.748
-9.748
-9.748


-9.96683417085
-9.96683417085
-9.89389389389
-9.89389389389
-9.81
-9.81
-9.81
-9.81
-9.76576576577
-9.76576576577
-9.76576576577
-9.73973973974
-9.724
-9.724
-9.712
-9.712
-9.712
-9.712
-9.702
-9.702
-9.702
-9.702
-9.702
-9.702
-9.702
-9.702
-9.702
-9.702
-9.702
-9.702
-9.702
-9.702
-9.702
-9.702
-9.702
-9.702
-9.702
-9.702
-9.702
-9.702
-9.702
-9.702
-9.702
-9.702
-9.702
-9.702
-9.702
-9.702
-9.702
-9.702
-9.702
-9.702
-9.702
-9.702
-9.702
-9.702
-9.702
-9.702
-9.702
-9.702
-9.702
-9.702
-9.702
-9.702
-9.702
-9.702
-9.702
-9.702
-9.702
-9.702
-9.702
-9.702
-9.702
-9.702
-9.702
-9.702
-9.702
-9.702
-9.702
-9.702
-9.702
-9.702
-9.702
-9.702
-9.702
-9.702
-9.702
-9.702
-9.702
-9.702
-9.702
-9.702
-9.702
-9.702
-9.702
-9.702
-9.702
-9.702
-9.702
-9.702
-9.702
-9.702
-9.702
-9.702
-9.702
-9.702
-9.702
-9.702
-9.702
-9.702
-9.702
-9.702
-9.702
-9.702
-9.702
-9.702
-9.702
-9.702


-9.943
-9.93386773547
-9.93386773547
-9.90972918756
-9.90972918756
-9.89292929293
-9.88577154309
-9.86786786787
-9.86786786787
-9.86372745491
-9.834
-9.834
-9.83
-9.83
-9.826
-9.826
-9.82
-9.814
-9.814
-9.814
-9.814
-9.814
-9.814
-9.814
-9.814
-9.814
-9.814
-9.814
-9.814
-9.814
-9.814
-9.814
-9.814
-9.814
-9.814
-9.814
-9.814
-9.814
-9.814
-9.814
-9.814
-9.814
-9.814
-9.814
-9.7987987988
-9.7987987988
-9.78378378378
-9.76730190572
-9.76730190572
-9.71171171171
-9.71171171171
-9.71171171171
-9.71171171171
-9.70110330993
-9.666
-9.666
-9.636
-9.636
-9.632
-9.632
-9.632
-9.632
-9.632
-9.632
-9.632
-9.632
-9.632
-9.632
-9.632
-9.632
-9.632
-9.632
-9.632
-9.632
-9.632
-9.632
-9.632
-9.632
-9.632
-9.632
-9.632
-9.632
-9.632
-9.632
-9.632
-9.632
-9.632
-9.632
-9.632
-9.632
-9.632
-9.632
-9.632
-9.632
-9.632
-9.632
-9.632
-9.632
-9.632
-9.632
-9.632
-9.632
-9.632
-9.632
-9.632
-9.632
-9.632
-9.632
-9.632
-9.632
-9.632
-9.632
-9.632
-9.632
-9.632
-9.632
-9.632
-9.632
-9.632
-9.632
-9.632
-9.632
-9.632
-9.632
-9.632
-9.632
-9.632
-9.632
-9.632
-9.632
-9.632
-9.632
-9.632
-9.632
-9.632
-9.632
-9.632
-9.632
-9.632
-9.632
-9.632
-9.632
-9.632
-9.632
-9.632
-9.632
-9.632
-9.632
-9.632
-9.632
-9.632
-9.632
-9.632
-9.632
-9.632
-9.632
-9.632
-9.632


-9.86372745491
-9.82146439318
-9.82128514056
-9.78678678679
-9.78678678679
-9.767
-9.75775775776
-9.748
-9.746
-9.74
-9.74
-9.724
-9.724
-9.724
-9.72
-9.72
-9.72
-9.72
-9.72
-9.72
-9.72
-9.72
-9.72
-9.72
-9.72
-9.72
-9.72
-9.72
-9.72
-9.72
-9.72
-9.72
-9.72
-9.72
-9.72
-9.72
-9.72
-9.72
-9.72
-9.72
-9.72
-9.72
-9.72
-9.72
-9.72
-9.72
-9.72
-9.72
-9.72
-9.72
-9.72
-9.72
-9.72
-9.72
-9.72
-9.72
-9.72
-9.72
-9.72
-9.72
-9.72
-9.72
-9.72
-9.72
-9.72
-9.72
-9.72
-9.72
-9.72
-9.72
-9.72
-9.72
-9.72
-9.72
-9.72
-9.72
-9.72
-9.72
-9.72
-9.72
-9.72
-9.72
-9.72
-9.72
-9.72
-9.72
-9.72
-9.72
-9.72
-9.72
-9.72
-9.72
-9.72
-9.72
-9.72
-9.72
-9.72
-9.72
-9.72
-9.72
-9.72
-9.72
-9.72
-9.72
-9.72
-9.72
-9.72
-9.72
-9.72
-9.72
-9.72
-9.72
-9.72
-9.72


