-3.9
-3.74747474747
-3.74747474747
-3.67346938776
-3.60606060606
-3.60606060606
-3.58
-3.57575757576
-3.52
-3.52
-3.52
-3.52
-3.52
-3.52
-3.52
-3.52
-3.52
-3.52
-3.52
-3.52
-3.52
-3.52
-3.52
-3.52
-3.52
-3.52
-3.52
-3.52
-3.52
-3.52
-3.52
-3.52
-3.52
-3.52
-3.52
-3.52
-3.52
-3.52
-3.52
-3.52
-3.52
-3.52
-3.52
-3.52
-3.52
-3.52
-3.52
-3.52
-3.52
-3.52
-3.52
-3.52
-3.52
-3.52
-3.52
-3.52
-3.52
-3.52
-3.52
-3.52
-3.52
-3.52
-3.52
-3.52
-3.52
-3.52
-3.52
-3.52
-3.52
-3.52
-3.52
-3.52
-3.52
-3.52
-3.52
-3.52
-3.52
-3.52
-3.52
-3.52
-3.52
-3.52
-3.52
-3.52
-3.52
-3.52
-3.52
-3.52
-3.52
-3.52
-3.52
-3.52
-3.52
-3.52
-3.52
-3.52
-3.52
-3.52
-3.52
-3.52
-3.52
-3.52
-3.52
-3.52
-3.52
-3.52
-3.52
-3.52


-3.67676767677
-3.5612244898
-3.56
-3.53
-3.5
-3.44444444444
-3.35
-3.35
-3.35
-3.35
-3.35
-3.35
-3.35
-3.35
-3.35
-3.35
-3.35
-3.35
-3.35
-3.35
-3.35
-3.35
-3.35
-3.35
-3.35
-3.35
-3.35
-3.35
-3.35
-3.35
-3.35
-3.35
-3.35
-3.35
-3.35
-3.35
-3.35
-3.35
-3.35
-3.35
-3.35
-3.35
-3.35
-3.35
-3.35
-3.35
-3.35
-3.35
-3.35
-3.35
-3.35
-3.35
-3.35
-3.35
-3.35
-3.35
-3.35
-3.35
-3.35
-3.35
-3.35
-3.35
-3.35
-3.35
-3.35
-3.35
-3.35
-3.35
-3.35
-3.35
-3.35
-3.35
-3.35
-3.35
-3.35
-3.35
-3.35
-3.35
-3.35
-3.35
-3.35
-3.35
-3.35
-3.35
-3.35
-3.35
-3.35
-3.35
-3.35
-3.35
-3.35
-3.35
-3.35
-3.35
-3.35
-3.35
-3.35
-3.35
-3.35
-3.35
-3.35
-3.35
-3.35
-3.35
-3.35
-3.35


-3.91919191919
-3.79591836735
-3.79591836735
-3.79591836735
-3.72727272727
-3.72448979592
-3.70707070707
-3.58585858586
-3.58585858586
-3.58585858586
-3.55
-3.49
-3.46464646465
-3.46464646465
-3.45
-3.44444444444
-3.44444444444
-3.4387755102
-3.4387755102
-3.4387755102
-3.4387755102
-3.4387755102
-3.4387755102
-3.4387755102
-3.4387755102
-3.4387755102
-3.4387755102
-3.4387755102
-3.4387755102
-3.4387755102
-3.4387755102
-3.4387755102
-3.4387755102
-3.4387755102
-3.4387755102
-3.4387755102
-3.4387755102
-3.4387755102
-3.4387755102
-3.4387755102
-3.4387755102
-3.4387755102
-3.4387755102
-3.4387755102
-3.4387755102
-3.4387755102
-3.4387755102
-3.4387755102
-3.4387755102
-3.4387755102
-3.4387755102
-3.4387755102
-3.4387755102
-3.4387755102
-3.4387755102
-3.4387755102
-3.4387755102
-3.4387755102
-3.4387755102
-3.4387755102
-3.4387755102
-3.4387755102
-3.4387755102
-3.4387755102
-3.4387755102
-3.4387755102
-3.4387755102
-3.4387755102
-3.4387755102
-3.4387755102
-3.4387755102
-3.4387755102
-3.4387755102
-3.4387755102
-3.4387755102
-3.4387755102
-3.4387755102
-3.4387755102
-3.4387755102
-3.4387755102
-3.4387755102
-3.4387755102
-3.4387755102
-3.4387755102
-3.4387755102
-3.4387755102
-3.4387755102
-3.4387755102
-3.4387755102
-3.4387755102
-3.4387755102
-3.4387755102
-3.4387755102
-3.4387755102
-3.4387755102
-3.4387755102
-3.4387755102
-3.4387755102
-3.4387755102
-3.4387755102
-3.4387755102
-3.4387755102
-3.4387755102
-3.4387755102
-3.4387755102
-3.4387755102
-3.4387755102
-3.4387755102
-3.4387755102
-3.4387755102
-3.4387755102
-3.4387755102
-3.4387755102
-3.4387755102
-3.4387755102
-3.4387755102
-3.4387755102


-3.79166666667
-3.71134020619
-3.57142857143
-3.55102040816
-3.55102040816
-3.53535353535
-3.53535353535
-3.49494949495
-3.46
-3.46
-3.46
-3.46
-3.46
-3.46
-3.46
-3.46
-3.46
-3.46
-3.46
-3.46
-3.46
-3.46
-3.46
-3.46
-3.46
-3.46
-3.46
-3.46
-3.46
-3.46
-3.46
-3.46
-3.46
-3.46
-3.46
-3.46
-3.46
-3.46
-3.46
-3.46
-3.46
-3.46
-3.46
-3.46
-3.46
-3.46
-3.46
-3.46
-3.46
-3.46
-3.46
-3.46
-3.46
-3.46
-3.46
-3.46
-3.46
-3.46
-3.46
-3.46
-3.46
-3.46
-3.46
-3.46
-3.46
-3.46
-3.46
-3.46
-3.46
-3.46
-3.46
-3.46
-3.46
-3.46
-3.46
-3.46
-3.46
-3.46
-3.46
-3.46
-3.46
-3.46
-3.46
-3.46
-3.46
-3.46
-3.46
-3.46
-3.46
-3.46
-3.46
-3.46
-3.46
-3.46
-3.46
-3.46
-3.46
-3.46
-3.46
-3.46
-3.46
-3.46
-3.46
-3.46
-3.46
-3.46
-3.46
-3.46


-3.87878787879
-3.74
-3.74
-3.74
-3.74
-3.65
-3.55
-3.55
-3.55
-3.49
-3.49
-3.47
-3.47
-3.47
-3.47
-3.47
-3.47
-3.47
-3.47
-3.47
-3.47
-3.47
-3.47
-3.47
-3.47
-3.47
-3.47
-3.47
-3.47
-3.47
-3.47
-3.47
-3.47
-3.47
-3.47
-3.47
-3.47
-3.47
-3.47
-3.47
-3.47
-3.47
-3.47
-3.47
-3.47
-3.47
-3.47
-3.47
-3.47
-3.47
-3.47
-3.47
-3.47
-3.47
-3.47
-3.47
-3.47
-3.47
-3.47
-3.47
-3.47
-3.47
-3.47
-3.47
-3.47
-3.47
-3.47
-3.47
-3.47
-3.47
-3.47
-3.47
-3.47
-3.47
-3.47
-3.47
-3.47
-3.47
-3.47
-3.47
-3.47
-3.47
-3.47
-3.47
-3.47
-3.47
-3.47
-3.47
-3.47
-3.47
-3.47
-3.47
-3.47
-3.46464646465
-3.46464646465
-3.46464646465
-3.46464646465
-3.46464646465
-3.46464646465
-3.46464646465
-3.46464646465
-3.46464646465
-3.46464646465
-3.46464646465
-3.46464646465
-3.46464646465
-3.46464646465
-3.46464646465
-3.46464646465
-3.46464646465
-3.46464646465
-3.46464646465
-3.46464646465
-3.46464646465
-3.46464646465
-3.46464646465
-3.46464646465
-3.46464646465
-3.46464646465
-3.46464646465
-3.46464646465
-3.46464646465
-3.46464646465
-3.46464646465
-3.46464646465
-3.46464646465
-3.46464646465
-3.46464646465
-3.46464646465
-3.46464646465
-3.46464646465
-3.46464646465
-3.46464646465
-3.46464646465
-3.46464646465
-3.46464646465
-3.46464646465
-3.46464646465
-3.46464646465
-3.46464646465
-3.46464646465
-3.46464646465
-3.46464646465
-3.46464646465
-3.46464646465
-3.46464646465
-3.46464646465
-3.46464646465
-3.46464646465
-3.46464646465
-3.46464646465
-3.46464646465
-3.46464646465
-3.46464646465
-3.46464646465
-3.46464646465
-3.46464646465
-3.46464646465
-3.46464646465
-3.46464646465
-3.46464646465
-3.46464646465
-3.46464646465
-3.46464646465
-3.46464646465
-3.46464646465
-3.46464646465
-3.46464646465
-3.46464646465
-3.46464646465
-3.46464646465
-3.46464646465
-3.46464646465
-3.46464646465
-3.46464646465
-3.46464646465
-3.46464646465
-3.46464646465
-3.46464646465
-3.46464646465
-3.46464646465
-3.46464646465
-3.46464646465
-3.46464646465
-3.46464646465
-3.46464646465
-3.46464646465
-3.46464646465
-3.46464646465
-3.46464646465
-3.46464646465
-3.46464646465
-3.46464646465


-3.99
-3.81
-3.81
-3.81
-3.74
-3.74
-3.68686868687
-3.63636363636
-3.62
-3.51515151515
-3.49494949495
-3.47474747475
-3.44444444444
-3.44444444444
-3.40404040404
-3.40404040404
-3.37
-3.37
-3.37
-3.37
-3.37
-3.37
-3.37
-3.37
-3.37
-3.37
-3.37
-3.37
-3.37
-3.37
-3.37
-3.37
-3.37
-3.37
-3.37
-3.37
-3.37
-3.37
-3.37
-3.37
-3.37
-3.37
-3.37
-3.37
-3.37
-3.37
-3.37
-3.37
-3.37
-3.37
-3.37
-3.37
-3.37
-3.37
-3.37
-3.37
-3.37
-3.37
-3.37
-3.37
-3.37
-3.37
-3.37
-3.37
-3.37
-3.37
-3.37
-3.37
-3.37
-3.37
-3.37
-3.37
-3.37
-3.37
-3.37
-3.37
-3.37
-3.37
-3.37
-3.37
-3.37
-3.37
-3.37
-3.37
-3.37
-3.37
-3.37
-3.37
-3.37
-3.37
-3.37
-3.37
-3.37
-3.37
-3.37
-3.37
-3.37
-3.37
-3.37
-3.37
-3.37
-3.37
-3.37
-3.37
-3.37
-3.37
-3.37
-3.37
-3.37
-3.37
-3.37
-3.37
-3.37
-3.37
-3.37
-3.37


-3.78787878788
-3.71
-3.67676767677
-3.67676767677
-3.67676767677
-3.67676767677
-3.67676767677
-3.63
-3.61
-3.57
-3.53535353535
-3.51515151515
-3.51
-3.51
-3.51
-3.49
-3.49
-3.49
-3.49
-3.49
-3.49
-3.49
-3.49
-3.49
-3.49
-3.49
-3.49
-3.49
-3.49
-3.49
-3.49
-3.49
-3.49
-3.49
-3.49
-3.49
-3.49
-3.49
-3.49
-3.49
-3.49
-3.49
-3.49
-3.49
-3.49
-3.49
-3.49
-3.49
-3.49
-3.49
-3.49
-3.49
-3.49
-3.49
-3.49
-3.49
-3.49
-3.49
-3.49
-3.49
-3.49
-3.49
-3.49
-3.49
-3.49
-3.49
-3.49
-3.49
-3.49
-3.49
-3.49
-3.49
-3.49
-3.49
-3.49
-3.49
-3.49
-3.49
-3.49
-3.49
-3.49
-3.49
-3.49
-3.49
-3.49
-3.49
-3.49
-3.49
-3.49
-3.49
-3.49
-3.49
-3.49
-3.49
-3.49
-3.49
-3.49
-3.49
-3.49
-3.49
-3.49
-3.49
-3.49
-3.49
-3.49
-3.49
-3.49
-3.49
-3.49
-3.49
-3.49
-3.49
-3.49
-3.49
-3.49


-3.81
-3.81
-3.63
-3.63
-3.63
-3.63
-3.44444444444
-3.35
-3.33673469388
-3.31
-3.27551020408
-3.27551020408
-3.27551020408
-3.27551020408
-3.24242424242
-3.24242424242
-3.24242424242
-3.24242424242
-3.24242424242
-3.24242424242
-3.24242424242
-3.24242424242
-3.24242424242
-3.24242424242
-3.24242424242
-3.24242424242
-3.24242424242
-3.24242424242
-3.24242424242
-3.24242424242
-3.24242424242
-3.24242424242
-3.24242424242
-3.24242424242
-3.24242424242
-3.24242424242
-3.24242424242
-3.24242424242
-3.24242424242
-3.24242424242
-3.24242424242
-3.24242424242
-3.24242424242
-3.24242424242
-3.24242424242
-3.24242424242
-3.24242424242
-3.24242424242
-3.24242424242
-3.24242424242
-3.24242424242
-3.24242424242
-3.24242424242
-3.24242424242
-3.24242424242
-3.24242424242
-3.24242424242
-3.24242424242
-3.24242424242
-3.24242424242
-3.24242424242
-3.24242424242
-3.24242424242
-3.24242424242
-3.24242424242
-3.24242424242
-3.24242424242
-3.24242424242
-3.24242424242
-3.24242424242
-3.24242424242
-3.24242424242
-3.24242424242
-3.24242424242
-3.24242424242
-3.24242424242
-3.24242424242
-3.24242424242
-3.24242424242
-3.24242424242
-3.24242424242
-3.24242424242
-3.24242424242
-3.24242424242
-3.24242424242
-3.24242424242
-3.24242424242
-3.24242424242
-3.24242424242
-3.24242424242
-3.24242424242
-3.24242424242
-3.24242424242
-3.24242424242
-3.24242424242
-3.24242424242
-3.24242424242
-3.24242424242
-3.24242424242
-3.24242424242
-3.24242424242
-3.24242424242
-3.24242424242
-3.24242424242
-3.24242424242
-3.24242424242
-3.24242424242
-3.24242424242
-3.24242424242
-3.24242424242
-3.24242424242
-3.24242424242
-3.24242424242
-3.24242424242


-3.71
-3.71
-3.68041237113
-3.59183673469
-3.49494949495
-3.49494949495
-3.37
-3.37
-3.36
-3.32
-3.32
-3.32
-3.3
-3.3
-3.3
-3.3
-3.3
-3.3
-3.3
-3.3
-3.3
-3.3
-3.3
-3.3
-3.3
-3.3
-3.3
-3.3
-3.3
-3.3
-3.3
-3.3
-3.3
-3.3
-3.3
-3.3
-3.3
-3.3
-3.3
-3.3
-3.3
-3.3
-3.3
-3.3
-3.3
-3.3
-3.3
-3.3
-3.3
-3.3
-3.3
-3.3
-3.3
-3.3
-3.3
-3.3
-3.3
-3.3
-3.3
-3.3
-3.3
-3.3
-3.3
-3.3
-3.3
-3.3
-3.3
-3.3
-3.3
-3.3
-3.3
-3.3
-3.3
-3.3
-3.3
-3.3
-3.3
-3.3
-3.3
-3.3
-3.3
-3.3
-3.3
-3.3
-3.3
-3.3
-3.3
-3.3
-3.3
-3.3
-3.3
-3.3
-3.3
-3.3
-3.3
-3.3
-3.3
-3.3
-3.3
-3.3
-3.3
-3.3
-3.3
-3.3
-3.3
-3.3
-3.3
-3.3
-3.3
-3.3
-3.3
-3.3


-3.86597938144
-3.86597938144
-3.80808080808
-3.65306122449
-3.65306122449
-3.53535353535
-3.53535353535
-3.47474747475
-3.4693877551
-3.42
-3.42
-3.36
-3.36
-3.36
-3.36
-3.36
-3.36
-3.36
-3.36
-3.36
-3.36
-3.36
-3.36
-3.36
-3.36
-3.36
-3.36
-3.36
-3.36
-3.36
-3.36
-3.36
-3.36
-3.36
-3.36
-3.36
-3.36
-3.36
-3.36
-3.36
-3.36
-3.36
-3.36
-3.36
-3.36
-3.36
-3.36
-3.36
-3.36
-3.36
-3.36
-3.36
-3.36
-3.36
-3.36
-3.36
-3.36
-3.36
-3.36
-3.36
-3.36
-3.36
-3.36
-3.36
-3.36
-3.36
-3.36
-3.36
-3.36
-3.36
-3.36
-3.36
-3.36
-3.36
-3.36
-3.36
-3.36
-3.36
-3.36
-3.36
-3.36
-3.36
-3.36
-3.36
-3.36
-3.36
-3.36
-3.36
-3.36
-3.36
-3.36
-3.36
-3.36
-3.36
-3.36
-3.36
-3.36
-3.36
-3.36
-3.36
-3.36
-3.36
-3.36
-3.36
-3.36
-3.36
-3.36
-3.36
-3.36
-3.36
-3.36


-3.83
-3.82291666667
-3.79797979798
-3.78
-3.73469387755
-3.61
-3.61
-3.6
-3.59
-3.56
-3.53
-3.53
-3.53
-3.53
-3.53
-3.53
-3.53
-3.53
-3.53
-3.53
-3.53
-3.53
-3.53
-3.53
-3.53
-3.53
-3.53
-3.53
-3.53
-3.53
-3.53
-3.53
-3.53
-3.53
-3.53
-3.53
-3.53
-3.53
-3.53
-3.53
-3.53
-3.53
-3.53
-3.53
-3.53
-3.53
-3.53
-3.53
-3.53
-3.53
-3.53
-3.53
-3.53
-3.53
-3.53
-3.53
-3.53
-3.53
-3.53
-3.53
-3.53
-3.53
-3.53
-3.53
-3.53
-3.53
-3.53
-3.53
-3.53
-3.53
-3.53
-3.53
-3.53
-3.53
-3.53
-3.53
-3.53
-3.53
-3.53
-3.53
-3.53
-3.53
-3.53
-3.53
-3.53
-3.53
-3.53
-3.53
-3.53
-3.53
-3.53
-3.53
-3.53
-3.53
-3.53
-3.53
-3.53
-3.53
-3.53
-3.53
-3.53
-3.53
-3.53
-3.53
-3.53
-3.53
-3.53
-3.53
-3.53
-3.53


-3.76767676768
-3.76767676768
-3.76767676768
-3.76767676768
-3.76767676768
-3.75
-3.73
-3.71
-3.70526315789
-3.70526315789
-3.69387755102
-3.52
-3.52
-3.52
-3.43434343434
-3.43434343434
-3.38
-3.36
-3.36
-3.36
-3.36
-3.36
-3.36
-3.36
-3.36
-3.36
-3.36
-3.36
-3.36
-3.36
-3.36
-3.36
-3.36
-3.36
-3.36
-3.36
-3.36
-3.36
-3.36
-3.36
-3.36
-3.36
-3.36
-3.36
-3.36
-3.36
-3.36
-3.36
-3.36
-3.36
-3.36
-3.36
-3.36
-3.36
-3.36
-3.36
-3.36
-3.36
-3.36
-3.36
-3.36
-3.36
-3.36
-3.36
-3.36
-3.36
-3.36
-3.36
-3.36
-3.36
-3.36
-3.36
-3.36
-3.36
-3.36
-3.36
-3.36
-3.36
-3.36
-3.36
-3.36
-3.36
-3.36
-3.36
-3.36
-3.36
-3.36
-3.36
-3.36
-3.36
-3.36
-3.36
-3.36
-3.36
-3.36
-3.36
-3.36
-3.36
-3.36
-3.36
-3.36
-3.36
-3.36
-3.36
-3.36
-3.36
-3.36
-3.36
-3.36
-3.36
-3.36
-3.36
-3.36
-3.36
-3.36
-3.36
-3.36


-3.71
-3.70408163265
-3.70408163265
-3.64646464646
-3.57
-3.51
-3.51
-3.45
-3.45
-3.45
-3.45
-3.45
-3.45
-3.45
-3.45
-3.45
-3.45
-3.45
-3.45
-3.45
-3.45
-3.45
-3.45
-3.45
-3.45
-3.45
-3.45
-3.45
-3.45
-3.45
-3.45
-3.45
-3.45
-3.45
-3.45
-3.45
-3.45
-3.45
-3.45
-3.45
-3.45
-3.45
-3.45
-3.45
-3.45
-3.45
-3.45
-3.45
-3.45
-3.45
-3.45
-3.45
-3.45
-3.45
-3.45
-3.45
-3.45
-3.45
-3.45
-3.45
-3.45
-3.45
-3.45
-3.45
-3.45
-3.45
-3.45
-3.45
-3.45
-3.45
-3.45
-3.45
-3.45
-3.45
-3.45
-3.45
-3.45
-3.45
-3.45
-3.45
-3.45
-3.45
-3.45
-3.45
-3.45
-3.45
-3.45
-3.45
-3.45
-3.45
-3.45
-3.45
-3.45
-3.45
-3.45
-3.45
-3.45
-3.45
-3.45
-3.45
-3.45
-3.45
-3.45
-3.45
-3.45
-3.45
-3.45


-3.87755102041
-3.79
-3.79
-3.78787878788
-3.78787878788
-3.76
-3.76
-3.76
-3.55102040816
-3.54639175258
-3.54639175258
-3.49494949495
-3.43
-3.43
-3.39393939394
-3.36
-3.36
-3.36
-3.36
-3.36
-3.36
-3.36
-3.36
-3.36
-3.36
-3.36
-3.36
-3.36
-3.36
-3.36
-3.36
-3.36
-3.36
-3.36
-3.36
-3.36
-3.36
-3.36
-3.36
-3.36
-3.36
-3.36
-3.36
-3.36
-3.36
-3.36
-3.36
-3.36
-3.36
-3.36
-3.36
-3.36
-3.36
-3.36
-3.36
-3.36
-3.36
-3.36
-3.36
-3.36
-3.36
-3.36
-3.36
-3.36
-3.36
-3.36
-3.36
-3.36
-3.36
-3.36
-3.36
-3.36
-3.36
-3.36
-3.36
-3.36
-3.36
-3.36
-3.36
-3.36
-3.36
-3.36
-3.36
-3.36
-3.36
-3.36
-3.36
-3.36
-3.36
-3.36
-3.36
-3.36
-3.36
-3.36
-3.36
-3.36
-3.36
-3.36
-3.36
-3.36
-3.36
-3.36
-3.36
-3.36
-3.36
-3.36
-3.36
-3.36
-3.36
-3.36
-3.36
-3.36
-3.36
-3.36
-3.36


-3.82
-3.73195876289
-3.73195876289
-3.69
-3.63265306122
-3.60824742268
-3.56565656566
-3.47
-3.45
-3.41
-3.41
-3.41
-3.41
-3.41
-3.41
-3.41
-3.41
-3.41
-3.41
-3.41
-3.41
-3.41
-3.41
-3.41
-3.41
-3.41
-3.41
-3.41
-3.41
-3.41
-3.41
-3.41
-3.41
-3.41
-3.41
-3.41
-3.41
-3.41
-3.41
-3.41
-3.41
-3.41
-3.41
-3.41
-3.41
-3.41
-3.41
-3.41
-3.41
-3.41
-3.41
-3.41
-3.41
-3.41
-3.41
-3.41
-3.41
-3.41
-3.41
-3.41
-3.41
-3.41
-3.41
-3.41
-3.41
-3.41
-3.41
-3.41
-3.41
-3.41
-3.41
-3.41
-3.41
-3.41
-3.41
-3.41
-3.41
-3.41
-3.41
-3.41
-3.41
-3.41
-3.41
-3.41
-3.41
-3.41
-3.41
-3.41
-3.41
-3.41
-3.41
-3.41
-3.41
-3.41
-3.41
-3.41
-3.41
-3.41
-3.41
-3.41
-3.41
-3.41
-3.41
-3.41
-3.41
-3.41
-3.41
-3.41
-3.41


-3.74489795918
-3.74489795918
-3.74489795918
-3.57142857143
-3.57142857143
-3.42424242424
-3.42424242424
-3.33
-3.29
-3.21
-3.21
-3.20202020202
-3.20202020202
-3.20202020202
-3.20202020202
-3.20202020202
-3.20202020202
-3.20202020202
-3.20202020202
-3.20202020202
-3.20202020202
-3.20202020202
-3.20202020202
-3.20202020202
-3.20202020202
-3.20202020202
-3.20202020202
-3.20202020202
-3.20202020202
-3.20202020202
-3.20202020202
-3.20202020202
-3.20202020202
-3.20202020202
-3.20202020202
-3.20202020202
-3.20202020202
-3.20202020202
-3.20202020202
-3.20202020202
-3.20202020202
-3.20202020202
-3.20202020202
-3.20202020202
-3.20202020202
-3.20202020202
-3.20202020202
-3.20202020202
-3.20202020202
-3.20202020202
-3.20202020202
-3.20202020202
-3.20202020202
-3.20202020202
-3.20202020202
-3.20202020202
-3.20202020202
-3.20202020202
-3.20202020202
-3.20202020202
-3.20202020202
-3.20202020202
-3.20202020202
-3.20202020202
-3.20202020202
-3.20202020202
-3.20202020202
-3.20202020202
-3.20202020202
-3.20202020202
-3.20202020202
-3.20202020202
-3.20202020202
-3.20202020202
-3.20202020202
-3.20202020202
-3.20202020202
-3.20202020202
-3.20202020202
-3.20202020202
-3.20202020202
-3.20202020202
-3.20202020202
-3.20202020202
-3.20202020202
-3.20202020202
-3.20202020202
-3.20202020202
-3.20202020202
-3.20202020202
-3.20202020202
-3.20202020202
-3.20202020202
-3.20202020202
-3.20202020202
-3.20202020202
-3.20202020202
-3.20202020202
-3.20202020202
-3.20202020202
-3.20202020202
-3.20202020202
-3.20202020202
-3.20202020202
-3.20202020202
-3.20202020202
-3.20202020202
-3.20202020202
-3.20202020202
-3.20202020202
-3.20202020202


-3.72727272727
-3.63636363636
-3.54545454545
-3.54545454545
-3.53
-3.50505050505
-3.47
-3.47
-3.47
-3.47
-3.47
-3.47
-3.47
-3.47
-3.47
-3.47
-3.47
-3.47
-3.47
-3.47
-3.47
-3.47
-3.47
-3.47
-3.47
-3.47
-3.47
-3.47
-3.47
-3.47
-3.47
-3.47
-3.47
-3.47
-3.47
-3.47
-3.47
-3.47
-3.47
-3.47
-3.47
-3.47
-3.47
-3.47
-3.47
-3.47
-3.47
-3.47
-3.47
-3.47
-3.47
-3.47
-3.47
-3.47
-3.47
-3.47
-3.47
-3.47
-3.47
-3.47
-3.47
-3.47
-3.47
-3.47
-3.47
-3.47
-3.47
-3.47
-3.47
-3.47
-3.47
-3.47
-3.47
-3.47
-3.47
-3.47
-3.47
-3.47
-3.47
-3.47
-3.47
-3.47
-3.47
-3.47
-3.47
-3.47
-3.47
-3.47
-3.47
-3.47
-3.47
-3.47
-3.47
-3.47
-3.47
-3.47
-3.47
-3.47
-3.47
-3.47
-3.47
-3.47
-3.47
-3.47
-3.47
-3.47


-3.63
-3.63
-3.63
-3.63
-3.53535353535
-3.53535353535
-3.4693877551
-3.46464646465
-3.41
-3.37
-3.37
-3.37
-3.37
-3.37
-3.37
-3.37
-3.37
-3.37
-3.37
-3.37
-3.37
-3.37
-3.37
-3.37
-3.37
-3.37
-3.37
-3.37
-3.37
-3.37
-3.37
-3.37
-3.37
-3.37
-3.37
-3.37
-3.37
-3.37
-3.37
-3.37
-3.37
-3.37
-3.37
-3.37
-3.37
-3.37
-3.37
-3.37
-3.37
-3.37
-3.37
-3.37
-3.37
-3.37
-3.37
-3.37
-3.37
-3.37
-3.37
-3.37
-3.37
-3.37
-3.37
-3.37
-3.37
-3.37
-3.37
-3.37
-3.37
-3.37
-3.37
-3.37
-3.37
-3.37
-3.37
-3.37
-3.37
-3.37
-3.37
-3.37
-3.37
-3.37
-3.37
-3.37
-3.37
-3.37
-3.37
-3.37
-3.37
-3.37
-3.37
-3.37
-3.37
-3.37
-3.37
-3.37
-3.37
-3.37
-3.37
-3.37
-3.37
-3.37
-3.37
-3.37
-3.37
-3.37
-3.37
-3.37
-3.37


-3.75757575758
-3.68
-3.68
-3.68
-3.62
-3.62
-3.57
-3.57
-3.52040816327
-3.52040816327
-3.45454545455
-3.41414141414
-3.36363636364
-3.36363636364
-3.31
-3.29
-3.29
-3.29
-3.29
-3.29
-3.29
-3.29
-3.29
-3.29
-3.29
-3.29
-3.29
-3.29
-3.29
-3.29
-3.29
-3.29
-3.29
-3.29
-3.29
-3.29
-3.29
-3.29
-3.29
-3.29
-3.29
-3.29
-3.29
-3.29
-3.29
-3.29
-3.29
-3.29
-3.29
-3.29
-3.29
-3.29
-3.29
-3.29
-3.29
-3.29
-3.29
-3.29
-3.29
-3.29
-3.29
-3.29
-3.29
-3.29
-3.29
-3.29
-3.29
-3.29
-3.29
-3.29
-3.29
-3.29
-3.29
-3.29
-3.29
-3.29
-3.29
-3.29
-3.29
-3.29
-3.29
-3.29
-3.29
-3.29
-3.29
-3.29
-3.29
-3.29
-3.29
-3.29
-3.29
-3.29
-3.29
-3.29
-3.29
-3.29
-3.29
-3.29
-3.29
-3.29
-3.29
-3.29
-3.29
-3.29
-3.29
-3.29
-3.29
-3.29
-3.29
-3.29
-3.29
-3.29
-3.29
-3.29
-3.29


-3.91836734694
-3.60606060606
-3.60606060606
-3.56
-3.52
-3.52
-3.48
-3.47474747475
-3.47474747475
-3.44
-3.44
-3.44
-3.44
-3.44
-3.44
-3.44
-3.44
-3.44
-3.44
-3.44
-3.44
-3.44
-3.44
-3.44
-3.44
-3.44
-3.44
-3.44
-3.44
-3.44
-3.44
-3.44
-3.44
-3.44
-3.44
-3.44
-3.44
-3.44
-3.44
-3.44
-3.44
-3.44
-3.44
-3.44
-3.44
-3.44
-3.44
-3.44
-3.44
-3.44
-3.44
-3.44
-3.44
-3.44
-3.44
-3.44
-3.44
-3.44
-3.44
-3.44
-3.44
-3.44
-3.44
-3.44
-3.44
-3.44
-3.44
-3.44
-3.44
-3.44
-3.44
-3.44
-3.44
-3.44
-3.44
-3.44
-3.44
-3.44
-3.44
-3.44
-3.44
-3.44
-3.44
-3.44
-3.44
-3.44
-3.44
-3.44
-3.44
-3.44
-3.44
-3.44
-3.44
-3.44
-3.44
-3.44
-3.44
-3.44
-3.44
-3.44
-3.44
-3.44
-3.44
-3.44
-3.44
-3.44
-3.44
-3.44
-3.44


-3.88
-3.79797979798
-3.71717171717
-3.71428571429
-3.69387755102
-3.63636363636
-3.62
-3.6
-3.6
-3.6
-3.6
-3.6
-3.6
-3.6
-3.6
-3.6
-3.6
-3.6
-3.6
-3.6
-3.6
-3.6
-3.6
-3.6
-3.6
-3.6
-3.6
-3.6
-3.6
-3.6
-3.6
-3.6
-3.6
-3.6
-3.6
-3.6
-3.6
-3.6
-3.6
-3.6
-3.6
-3.6
-3.6
-3.6
-3.6
-3.6
-3.6
-3.6
-3.6
-3.6
-3.6
-3.6
-3.6
-3.6
-3.6
-3.6
-3.6
-3.6
-3.6
-3.6
-3.6
-3.6
-3.6
-3.6
-3.6
-3.6
-3.6
-3.6
-3.6
-3.6
-3.6
-3.6
-3.6
-3.6
-3.6
-3.6
-3.6
-3.6
-3.6
-3.6
-3.6
-3.6
-3.6
-3.6
-3.6
-3.6
-3.6
-3.6
-3.6
-3.6
-3.6
-3.6
-3.6
-3.6
-3.6
-3.6
-3.6
-3.6
-3.6
-3.6
-3.6
-3.6
-3.6
-3.6
-3.6
-3.6
-3.6


-3.78787878788
-3.62
-3.62
-3.62
-3.62
-3.59
-3.55
-3.48484848485
-3.48484848485
-3.47422680412
-3.43
-3.43
-3.43
-3.43
-3.43
-3.43
-3.43
-3.43
-3.43
-3.43
-3.43
-3.43
-3.43
-3.43
-3.43
-3.43
-3.43
-3.43
-3.43
-3.43
-3.43
-3.43
-3.43
-3.43
-3.43
-3.43
-3.43
-3.43
-3.43
-3.43
-3.43
-3.43
-3.43
-3.43
-3.43
-3.43
-3.43
-3.43
-3.43
-3.43
-3.43
-3.43
-3.43
-3.43
-3.43
-3.43
-3.43
-3.43
-3.43
-3.43
-3.43
-3.43
-3.43
-3.43
-3.43
-3.43
-3.43
-3.43
-3.43
-3.43
-3.43
-3.43
-3.43
-3.43
-3.43
-3.43
-3.43
-3.43
-3.43
-3.43
-3.43
-3.43
-3.43
-3.43
-3.43
-3.43
-3.43
-3.43
-3.43
-3.43
-3.43
-3.43
-3.43
-3.43
-3.43
-3.43
-3.43
-3.43
-3.43
-3.43
-3.43
-3.43
-3.43
-3.43
-3.43
-3.43
-3.43
-3.43
-3.43
-3.43


-3.88659793814
-3.77777777778
-3.63636363636
-3.62244897959
-3.57142857143
-3.47474747475
-3.40816326531
-3.39393939394
-3.35353535354
-3.32
-3.32
-3.3
-3.3
-3.3
-3.3
-3.3
-3.3
-3.3
-3.3
-3.3
-3.3
-3.3
-3.3
-3.3
-3.3
-3.3
-3.3
-3.3
-3.3
-3.3
-3.3
-3.3
-3.3
-3.3
-3.3
-3.3
-3.3
-3.3
-3.3
-3.3
-3.3
-3.3
-3.3
-3.3
-3.3
-3.3
-3.3
-3.3
-3.3
-3.3
-3.3
-3.3
-3.3
-3.3
-3.3
-3.3
-3.3
-3.3
-3.3
-3.3
-3.3
-3.3
-3.3
-3.3
-3.3
-3.3
-3.3
-3.3
-3.3
-3.3
-3.3
-3.3
-3.3
-3.3
-3.3
-3.3
-3.3
-3.3
-3.3
-3.3
-3.3
-3.3
-3.3
-3.3
-3.3
-3.3
-3.3
-3.3
-3.3
-3.3
-3.3
-3.3
-3.3
-3.3
-3.3
-3.3
-3.3
-3.3
-3.3
-3.3
-3.3
-3.3
-3.3
-3.3
-3.3
-3.3
-3.3
-3.3
-3.3
-3.3
-3.3


-3.75789473684
-3.71134020619
-3.56565656566
-3.56565656566
-3.52
-3.52
-3.45454545455
-3.43434343434
-3.38
-3.38
-3.32
-3.28
-3.27272727273
-3.26
-3.26
-3.26
-3.26
-3.26
-3.26
-3.26
-3.26
-3.26
-3.26
-3.26
-3.26
-3.26
-3.26
-3.26
-3.26
-3.26
-3.26
-3.26
-3.26
-3.26
-3.26
-3.26
-3.26
-3.26
-3.26
-3.26
-3.26
-3.26
-3.26
-3.26
-3.26
-3.26
-3.26
-3.26
-3.26
-3.26
-3.26
-3.26
-3.26
-3.26
-3.26
-3.26
-3.26
-3.26
-3.26
-3.26
-3.26
-3.26
-3.26
-3.26
-3.26
-3.26
-3.26
-3.26
-3.26
-3.26
-3.26
-3.26
-3.26
-3.26
-3.26
-3.26
-3.26
-3.26
-3.26
-3.26
-3.26
-3.26
-3.26
-3.26
-3.26
-3.26
-3.26
-3.26
-3.26
-3.26
-3.26
-3.26
-3.26
-3.26
-3.26
-3.26
-3.26
-3.26
-3.26
-3.26
-3.26
-3.26
-3.26
-3.26
-3.26
-3.26
-3.26
-3.26
-3.26
-3.26
-3.26
-3.26
-3.26


-3.81632653061
-3.81632653061
-3.71717171717
-3.68686868687
-3.66
-3.66
-3.66
-3.66
-3.66
-3.66
-3.66
-3.66
-3.66
-3.66
-3.66
-3.66
-3.66
-3.66
-3.66
-3.66
-3.66
-3.66
-3.66
-3.66
-3.66
-3.66
-3.66
-3.66
-3.66
-3.66
-3.66
-3.66
-3.66
-3.64
-3.64
-3.6
-3.53535353535
-3.53535353535
-3.45454545455
-3.4
-3.4
-3.38
-3.38
-3.34
-3.34
-3.34
-3.34
-3.34
-3.34
-3.34
-3.34
-3.34
-3.34
-3.34
-3.34
-3.34
-3.34
-3.34
-3.34
-3.34
-3.34
-3.34
-3.34
-3.34
-3.34
-3.34
-3.34
-3.34
-3.34
-3.34
-3.34
-3.34
-3.34
-3.34
-3.34
-3.34
-3.34
-3.34
-3.34
-3.34
-3.34
-3.34
-3.34
-3.34
-3.34
-3.34
-3.34
-3.34
-3.34
-3.34
-3.34
-3.34
-3.34
-3.34
-3.34
-3.34
-3.34
-3.34
-3.34
-3.34
-3.34
-3.34
-3.34
-3.34
-3.34
-3.34
-3.34
-3.34
-3.34
-3.34
-3.34
-3.34
-3.34
-3.34
-3.34
-3.34
-3.34
-3.34
-3.34
-3.34
-3.34
-3.34
-3.34
-3.34
-3.34
-3.34
-3.34
-3.34
-3.34
-3.34
-3.34
-3.34
-3.34
-3.34
-3.34
-3.34
-3.34
-3.34
-3.34
-3.34
-3.34
-3.34
-3.34


-3.86734693878
-3.86734693878
-3.69696969697
-3.69696969697
-3.63636363636
-3.63636363636
-3.63636363636
-3.58
-3.58
-3.57575757576
-3.43
-3.43
-3.43
-3.43
-3.43
-3.40404040404
-3.37
-3.37
-3.37
-3.37
-3.37
-3.37
-3.37
-3.37
-3.37
-3.37
-3.37
-3.37
-3.37
-3.37
-3.37
-3.37
-3.37
-3.37
-3.37
-3.37
-3.37
-3.37
-3.37
-3.37
-3.37
-3.37
-3.37
-3.37
-3.37
-3.37
-3.37
-3.37
-3.37
-3.37
-3.37
-3.37
-3.37
-3.37
-3.37
-3.37
-3.37
-3.37
-3.37
-3.37
-3.37
-3.37
-3.37
-3.37
-3.37
-3.37
-3.37
-3.37
-3.37
-3.37
-3.37
-3.37
-3.37
-3.37
-3.37
-3.37
-3.37
-3.37
-3.37
-3.37
-3.37
-3.37
-3.37
-3.37
-3.37
-3.37
-3.37
-3.37
-3.37
-3.37
-3.37
-3.37
-3.37
-3.37
-3.37
-3.37
-3.37
-3.37
-3.37
-3.37
-3.37
-3.37
-3.37
-3.37
-3.37
-3.37
-3.37
-3.37
-3.37
-3.37
-3.37
-3.37
-3.37
-3.37
-3.37
-3.37


-3.81818181818
-3.78350515464
-3.74747474747
-3.74747474747
-3.54545454545
-3.54545454545
-3.54545454545
-3.53
-3.47474747475
-3.37
-3.37
-3.37
-3.35353535354
-3.33
-3.31
-3.31
-3.3
-3.3
-3.3
-3.3
-3.3
-3.3
-3.3
-3.3
-3.3
-3.3
-3.3
-3.3
-3.3
-3.3
-3.3
-3.3
-3.3
-3.3
-3.3
-3.3
-3.3
-3.3
-3.3
-3.3
-3.3
-3.3
-3.3
-3.3
-3.3
-3.3
-3.3
-3.3
-3.3
-3.3
-3.3
-3.3
-3.3
-3.3
-3.3
-3.3
-3.3
-3.3
-3.3
-3.3
-3.3
-3.3
-3.3
-3.3
-3.3
-3.3
-3.3
-3.3
-3.3
-3.3
-3.3
-3.3
-3.3
-3.3
-3.3
-3.3
-3.3
-3.3
-3.3
-3.3
-3.3
-3.3
-3.3
-3.3
-3.3
-3.3
-3.3
-3.3
-3.3
-3.3
-3.3
-3.3
-3.3
-3.3
-3.3
-3.3
-3.3
-3.3
-3.3
-3.3
-3.3
-3.3
-3.3
-3.3
-3.3
-3.3
-3.3
-3.3
-3.3
-3.3
-3.3
-3.3
-3.3
-3.3
-3.3
-3.3


-3.59595959596
-3.59595959596
-3.59595959596
-3.59595959596
-3.53535353535
-3.48484848485
-3.48484848485
-3.43434343434
-3.42857142857
-3.37373737374
-3.37373737374
-3.37373737374
-3.36
-3.36
-3.36
-3.36
-3.36
-3.36
-3.36
-3.36
-3.36
-3.36
-3.36
-3.36
-3.36
-3.36
-3.36
-3.36
-3.36
-3.36
-3.36
-3.36
-3.36
-3.36
-3.36
-3.36
-3.36
-3.36
-3.36
-3.36
-3.36
-3.36
-3.36
-3.36
-3.36
-3.36
-3.36
-3.36
-3.36
-3.36
-3.36
-3.36
-3.36
-3.36
-3.36
-3.36
-3.36
-3.36
-3.36
-3.36
-3.36
-3.36
-3.36
-3.36
-3.36
-3.36
-3.36
-3.36
-3.36
-3.36
-3.36
-3.36
-3.36
-3.36
-3.36
-3.36
-3.36
-3.36
-3.36
-3.36
-3.36
-3.36
-3.36
-3.36
-3.36
-3.36
-3.36
-3.36
-3.36
-3.36
-3.36
-3.36
-3.36
-3.36
-3.36
-3.36
-3.36
-3.36
-3.36
-3.36
-3.36
-3.36
-3.36
-3.36
-3.36
-3.36
-3.36
-3.36
-3.36
-3.36
-3.36
-3.36


-3.86868686869
-3.78723404255
-3.75510204082
-3.71134020619
-3.67676767677
-3.67676767677
-3.67676767677
-3.66
-3.66
-3.66
-3.66
-3.66
-3.66
-3.66
-3.66
-3.66
-3.66
-3.66
-3.66
-3.66
-3.66
-3.66
-3.66
-3.66
-3.66
-3.66
-3.66
-3.66
-3.66
-3.66
-3.66
-3.66
-3.66
-3.66
-3.66
-3.66
-3.66
-3.66
-3.66
-3.66
-3.66
-3.66
-3.66
-3.66
-3.66
-3.66
-3.66
-3.66
-3.66
-3.66
-3.66
-3.66
-3.66
-3.66
-3.66
-3.66
-3.66
-3.66
-3.66
-3.66
-3.66
-3.66
-3.66
-3.66
-3.66
-3.66
-3.66
-3.66
-3.66
-3.66
-3.66
-3.66
-3.66
-3.66
-3.66
-3.66
-3.66
-3.66
-3.66
-3.66
-3.66
-3.66
-3.66
-3.66
-3.66
-3.66
-3.66
-3.66
-3.66
-3.66
-3.66
-3.66
-3.66
-3.66
-3.66
-3.66
-3.66
-3.66
-3.66
-3.66
-3.66
-3.66
-3.66
-3.66
-3.66
-3.66
-3.66


-3.68367346939
-3.68367346939
-3.68
-3.68
-3.68
-3.61224489796
-3.55555555556
-3.52
-3.52
-3.52
-3.52
-3.52
-3.52
-3.52
-3.52
-3.52
-3.52
-3.52
-3.52
-3.52
-3.52
-3.52
-3.52
-3.52
-3.52
-3.52
-3.52
-3.52
-3.52
-3.52
-3.52
-3.52
-3.52
-3.52
-3.52
-3.52
-3.52
-3.52
-3.52
-3.52
-3.52
-3.52
-3.52
-3.52
-3.52
-3.52
-3.52
-3.52
-3.49484536082
-3.49484536082
-3.49484536082
-3.49484536082
-3.49484536082
-3.49484536082
-3.49484536082
-3.49484536082
-3.49484536082
-3.49484536082
-3.49484536082
-3.49484536082
-3.49484536082
-3.49484536082
-3.49484536082
-3.49484536082
-3.49484536082
-3.49484536082
-3.49484536082
-3.49484536082
-3.49484536082
-3.49484536082
-3.49484536082
-3.49484536082
-3.49484536082
-3.49484536082
-3.49484536082
-3.49484536082
-3.49484536082
-3.49484536082
-3.49484536082
-3.49484536082
-3.49484536082
-3.49484536082
-3.49484536082
-3.49484536082
-3.49484536082
-3.49484536082
-3.49484536082
-3.49484536082
-3.49484536082
-3.49484536082
-3.49484536082
-3.49484536082
-3.49484536082
-3.49484536082
-3.49484536082
-3.49484536082
-3.49484536082
-3.49484536082
-3.49484536082
-3.49484536082
-3.49484536082
-3.49484536082
-3.49484536082
-3.49484536082
-3.49484536082
-3.49484536082
-3.49484536082
-3.49484536082
-3.49484536082
-3.49484536082
-3.49484536082
-3.49484536082
-3.49484536082
-3.49484536082
-3.49484536082
-3.49484536082
-3.49484536082
-3.49484536082
-3.49484536082
-3.47
-3.47
-3.47
-3.44897959184
-3.42
-3.36
-3.36
-3.36
-3.36
-3.36
-3.36
-3.36
-3.36
-3.36
-3.36
-3.36
-3.36
-3.36
-3.36
-3.36
-3.36
-3.36
-3.36
-3.36
-3.36
-3.36
-3.36
-3.36
-3.36
-3.36
-3.36
-3.36
-3.36
-3.36
-3.36
-3.36
-3.36
-3.36
-3.36
-3.36
-3.36
-3.36
-3.36
-3.36
-3.36
-3.36
-3.36
-3.36
-3.36
-3.36
-3.36
-3.36
-3.36
-3.36
-3.36
-3.36
-3.36
-3.36
-3.36
-3.36
-3.36
-3.36
-3.36
-3.36
-3.36
-3.36
-3.36
-3.36
-3.36
-3.36
-3.36
-3.36
-3.36
-3.36
-3.36
-3.36
-3.36
-3.36
-3.36
-3.36
-3.36
-3.36
-3.36
-3.36
-3.36
-3.36
-3.36
-3.36
-3.36
-3.36
-3.36
-3.36
-3.36
-3.36
-3.36
-3.36
-3.36
-3.36
-3.36
-3.36
-3.36
-3.36
-3.36
-3.36
-3.36


