Result Log

Using data file: data/G0.dat
Using seed of: 	1350773582800

Run: 1
0	-2.45	-1.66666666667
1	-2.44583333333	-0.5
2	-1.975	-1.33333333333
3	-1.9375	-1.66666666667
4	-1.90833333333	-1.66666666667
5	-1.96666666667	-1.33333333333
6	-1.9625	-1.66666666667
7	-5001.8625	-1.66666666667
8	-2.00416666667	-1.66666666667
9	-1.87916666667	-1.66666666667
10	-2.05	-1.66666666667
11	-1.97083333333	-1.66666666667
12	-2.0	-1.66666666667
13	-1.81666666667	-1.33333333333
14	-1.94583333333	-1.5
15	-2.22083333333	-1.5
16	-1.93333333333	-0.5
17	-1.7	-0.5
18	-2.00416666667	-1.33333333333
19	-2.03333333333	-1.33333333333
20	-1.6625	-1.33333333333
21	-1.7125	-1.33333333333
22	-1.9125	-1.33333333333
23	-1.83333333333	-1.33333333333
24	-1.74583333333	-1.33333333333
25	-1.75833333333	-1.33333333333
26	-1.65833333333	-1.33333333333
27	-1.78333333333	-1.33333333333
28	-1.7	-1.33333333333
29	-1.76666666667	-1.33333333333
30	-1.77916666667	-1.33333333333
31	-10001.5416667	-1.33333333333
32	-1.84166666667	-1.33333333333
33	-1.8375	-1.33333333333
34	-1.78333333333	-1.33333333333
35	-1.6375	-1.33333333333
36	-1.62916666667	-0.5
37	-1.74166666667	-1.33333333333
38	-1.81666666667	-1.33333333333
39	-1.77083333333	-1.33333333333
40	-1.8375	-1.33333333333
41	-1.8375	-1.33333333333
42	-1.7	-1.33333333333
43	-1.775	-1.33333333333
44	-1.76666666667	-1.33333333333
45	-5001.59166667	-1.33333333333
46	-1.65416666667	-1.33333333333
47	-1.59583333333	-0.5
48	-1.7875	-1.33333333333
49	-1.8	-1.33333333333
50	-1.83333333333	-1.33333333333
51	-1.80833333333	-1.33333333333
52	-1.97083333333	-1.33333333333
53	-1.8625	-1.33333333333
54	-1.68333333333	-1.33333333333
55	-1.65833333333	-1.33333333333
56	-1.80833333333	-1.33333333333
57	-1.65833333333	-0.5
58	-1.87083333333	-1.33333333333
59	-1.73333333333	-1.33333333333
60	-1.87083333333	-1.33333333333
61	-1.60416666667	-1.33333333333
62	-1.76666666667	-1.33333333333
63	-1.75833333333	-1.33333333333
64	-1.74583333333	-1.33333333333
65	-1.74166666667	-1.33333333333
66	-1.6375	-1.33333333333
67	-2.14583333333	-1.33333333333
68	-2.2	-1.33333333333
69	-2.34166666667	-1.5
70	-1.94583333333	-1.75
71	-2.22083333333	-1.75
72	-2.15	-1.33333333333
73	-2.075	-0.5
74	-1.94583333333	-1.75
75	-1.90416666667	-0.5
76	-1.9375	-1.33333333333
77	-1.86666666667	-1.5
78	-1.925	-1.33333333333
79	-2.02916666667	-1.66666666667
80	-2.29583333333	-1.66666666667
81	-2.1	-1.66666666667
82	-2.04583333333	-1.66666666667
83	-2.00416666667	-1.66666666667
84	-2.175	-1.66666666667
85	-1.90416666667	-1.66666666667
86	-2.05	-1.66666666667
87	-1.92916666667	-1.33333333333
88	-1.94583333333	-1.66666666667
89	-1.93333333333	-1.33333333333
90	-1.96666666667	-1.33333333333
91	-5001.89583333	-1.66666666667
92	-1.95833333333	-1.5
93	-2.0125	-1.66666666667
94	-1.86666666667	-0.5
95	-1.90416666667	-1.5
96	-1.8625	-0.5
97	-1.91666666667	-1.33333333333
98	-5002.0375	-1.33333333333
99	-2.25833333333	-1.66666666667